# Created by Octave 8.2.0, Sun Jun 25 11:54:41 2023 GMT <unknown@Envy_x360>
# name: concentrations
# type: double_range
# base, limit, increment
0 1000 1


# name: absfit
# type: matrix
# rows: 1
# columns: 1001
 1.2966299644202561 1.2986524837809872 1.300674692047189 1.3026965876980743 1.3047181692128564 1.3067394350707489 1.3087603837509643 1.3107810137327158 1.3128013234952172 1.3148213115176812 1.316840976279321 1.31886031625935 1.320879329936981 1.3228980157914274 1.3249163723019022 1.3269343979476189 1.3289520912077903 1.3309694505616299 1.3329864744883506 1.3350031614671658 1.3370195099772884 1.3390355184979317 1.3410511855083089 1.3430665094876331 1.3450814889151177 1.3470961222699753 1.3491104080314198 1.3511243446786638 1.3531379306909208 1.3551511645474037 1.3571640447273259 1.3591765697099005 1.3611887379743406 1.3632005479998595 1.3652119982656701 1.3672230872509858 1.3692338134350199 1.3712441752969853 1.3732541713160953 1.3752637999715629 1.3772730597426013 1.3792819491084238 1.3812904665482437 1.3832986105412739 1.3853063795667278 1.3873137721038182 1.3893207866317585 1.391327421629762 1.3933336755770416 1.3953395469528107 1.3973450342362823 1.3993501359066696 1.4013548504431859 1.4033591763250441 1.4053631120314578 1.4073666560416398 1.4093698068348033 1.4113725628901617 1.4133749226869277 1.4153768847043149 1.4173784474215365 1.4193796093178055 1.4213803688723348 1.4233807245643382 1.4253806748730282 1.4273802182776185 1.429379353257322 1.4313780782913519 1.4333763918589213 1.4353742924392434 1.4373717785115316 1.4393688485549989 1.4413655010488584 1.4433617344723233 1.4453575473046067 1.4473529380249219 1.449347905112482 1.4513424470465004 1.4533365623061898 1.4553302493707638 1.4573235067194354 1.4593163328314178 1.4613087261859239 1.4633006852621673 1.4652922085393609 1.467283294496718 1.4692739416134515 1.4712641483687749 1.4732539132419014 1.4752432347120439 1.4772321112584155 1.4792205413602297 1.4812085234966994 1.4831960561470381 1.4851831377904585 1.4871697669061741 1.489155941973398 1.4911416614713433 1.4931269238792233 1.4951117276762509 1.4970960713416397 1.4990799533546024 1.5010633721943525 1.503046326340103 1.5050288142710673 1.5070108344664581 1.508992385405489 1.510973465567373 1.5129540734313234 1.5149342074765531 1.5169138661822754 1.5188930480277036 1.5208717514920509 1.5228499750545301 1.5248277171943547 1.5268049763907376 1.5287817511228925 1.5307580398700318 1.5327338411113693 1.5347091533261179 1.5366839749934909 1.5386583045927011 1.5406321406029622 1.5426054815034869 1.5445783257734886 1.5465506718921807 1.5485225183387759 1.5504938635924874 1.552464706132529 1.554435044438113 1.5564048769884531 1.5583742022627625 1.5603430187402541 1.5623113249001412 1.564279119221637 1.5662464001839544 1.568213166266307 1.5701794159479077 1.5721451477079695 1.5741103600257063 1.5760750513803303 1.5780392202510554 1.5800028651170943 1.5819659844576603 1.5839285767519669 1.5858906404792268 1.5878521741186535 1.5898131761494598 1.5917736450508593 1.5937335793020651 1.5956929773822899 1.5976518377707474 1.5996101589466505 1.6015679393892124 1.6035251775776465 1.6054818719911657 1.6074380211089832 1.6093936234103121 1.6113486773743657 1.6133031814803573 1.6152571342074999 1.6172105340350065 1.6191633794420905 1.6211156689079651 1.6230674009118433 1.6250185739329384 1.6269691864504636 1.6289192369436318 1.6308687238916566 1.6328176457737507 1.6347660010691276 1.6367137882570002 1.638661005816582 1.6406076522270858 1.6425537259677252 1.6444992255177131 1.6464441493562625 1.648388495962587 1.6503322638158993 1.652275451395413 1.6542180571803409 1.6561600796498963 1.6581015172832925 1.6600423685597425 1.6619826319584596 1.663922305958657 1.6658613890395477 1.6677998796803448 1.6697377763602619 1.6716750775585116 1.6736117817543075 1.6755478874268626 1.6774833930553898 1.679418297119103 1.6813525980972146 1.6832862944689382 1.6852193847134869 1.6871518673100736 1.6890837407379118 1.6910150034762146 1.6929456540041952 1.6948756908010663 1.6968051123460417 1.6987339171183344 1.7006621035971574 1.702589670261724 1.7045166155912472 1.7064429380649406 1.708368636162017 1.7102937083616894 1.7122181531431713 1.7141419689856756 1.7160651543684158 1.7179877077706049 1.7199096276714561 1.7218309125501825 1.7237515608859972 1.7256715711581136 1.7275909418457447 1.7295096714281037 1.7314277583844038 1.7333452011938582 1.7352619983356798 1.737178148289082 1.7390936495332783 1.7410085005474811 1.7429226998109042 1.7448362458027604 1.7467491370022632 1.7486613718886255 1.7505729489410604 1.7524838666387814 1.7543941234610014 1.7563037178869336 1.7582126483957914 1.7601209134667877 1.7620285115791356 1.7639354412120487 1.7658417008447396 1.7677472889564221 1.7696522040263087 1.7715564445336132 1.7734600089575481 1.7753628957773273 1.7772651034721634 1.7791666305212699 1.7810674754038596 1.782967636599146 1.7848671125863422 1.7867659018446613 1.7886640028533165 1.7905614140915209 1.792458134038488 1.7943541611734304 1.7962494939755618 1.7981441309240951 1.8000380704982435 1.8019313111772202 1.8038238514402383 1.805715689766511 1.8076068246352515 1.8094972545256729 1.8113869779169884 1.8132759932884113 1.8151642991191546 1.8170518938884315 1.8189387760754552 1.8208249441594389 1.8227103966195957 1.8245951319351388 1.8264791485852814 1.8283624450492364 1.8302450198062172 1.8321268713354373 1.834007998116109 1.8358883986274463 1.8377680713486622 1.8396470147589696 1.8415252273375819 1.8434027075637121 1.8452794539165733 1.847155464875379 1.8490307389193421 1.8509052745276757 1.8527790701795934 1.8546521243543079 1.8565244355310324 1.8583960021889805 1.8602668228073651 1.862136895865399 1.864006219842296 1.8658747932172688 1.8677426144695308 1.8696096820782953 1.871475994522775 1.8733415502821833 1.8752063478357337 1.877070385662639 1.8789336622421122 1.8807961760533671 1.8826579255756162 1.8845189092880732 1.8863791256699509 1.8882385732004625 1.8900972503588214 1.8919551556242404 1.8938122874759333 1.8956686443931126 1.8975242248549917 1.899379027340784 1.9012330503297021 1.9030862923009599 1.9049387517337699 1.9067904271073459 1.9086413169009004 1.9104914195936473 1.9123407336647991 1.9141892575935693 1.9160369898591709 1.9178839289408174 1.9197300733177216 1.9215754214690968 1.9234199718741563 1.925263723012113 1.92710667336218 1.928948821403571 1.9307901656154989 1.9326307044771767 1.9344704364678176 1.936309360066635 1.9381474737528417 1.9399847760056512 1.9418212653042768 1.9436569401279311 1.9454917989558278 1.9473258402671796 1.9491590625412001 1.9509914642571022 1.9528230438940994 1.9546537999314044 1.9564837308482308 1.9583128351237913 1.9601411112372995 1.9619685576679684 1.9637951728950109 1.9656209553976409 1.9674459036550709 1.9692700161465142 1.9710932913511838 1.9729157277482936 1.974737323817056 1.9765580780366845 1.9783779888863922 1.9801970548453922 1.9820152743928978 1.9838326460081221 1.9856491681702786 1.9874648393585796 1.9892796580522392 1.9910936227304701 1.9929067318724853 1.9947189839574986 1.9965303774647225 1.9983409108733707 2.000150582662656 2.0019593913117917 2.0037673352999907 2.0055744131064666 2.0073806232104325 2.0091859640911016 2.0109904342276863 2.0127940320994009 2.0145967561854583 2.0163986049650711 2.0181995769174526 2.0199996705218162 2.0217988842573753 2.0235972166033429 2.0253946660389319 2.0271912310433553 2.0289869100958269 2.0307817016755596 2.0325756042617669 2.0343686163336612 2.0361607363704559 2.0379519628513645 2.0397422942556003 2.0415317290623758 2.0433202657509049 2.0451079028004 2.046894638690075 2.0486804718991425 2.0504654009068162 2.0522494241923086 2.0540325402348336 2.0558147475136037 2.0575960445078327 2.0593764296967336 2.0611559015595189 2.0629344585754028 2.0647120992235974 2.0664888219833166 2.0682646253337738 2.0700395077541813 2.0718134677237532 2.0735865037217018 2.0753586142272407 2.0771297977195831 2.078900052677942 2.0806693775815308 2.0824377709095625 2.0842052311412504 2.0859717567558076 2.0877373462324469 2.0895019980503822 2.0912657106888259 2.093028482626992 2.094790312344093 2.0965511983193421 2.0983111390319529 2.1000701329611378 2.101828178586111 2.1035852743860852 2.1053414188402733 2.1070966104278885 2.1088508476281445 2.110604128920254 2.1123564527834304 2.1141078176968864 2.1158582221398357 2.1176076645914916 2.1193561435310664 2.1211036574377742 2.1228502047908275 2.1245957840694398 2.1263403937528245 2.1280840323201944 2.1298266982507625 2.1315683900237428 2.1333091061183476 2.1350488450137903 2.136787605189284 2.1385253851240424 2.1402621832972777 2.141997998188204 2.1437328282760344 2.1454666720399813 2.1471995279592582 2.1489313945130788 2.1506622701806561 2.1523921534412027 2.1541210427739319 2.1558489366580575 2.1575758335727917 2.1593017319973487 2.1610266304109409 2.1627505272927818 2.1644734211220849 2.1661953103780625 2.1679161935399285 2.1696360690868959 2.1713549354981776 2.173072791252987 2.1747896348305371 2.1765054647100412 2.1782202793707128 2.1799340772917644 2.1816468569524092 2.1833586168318613 2.185069355409333 2.1867790711640378 2.1884877625751886 2.1901954281219984 2.1919020662836814 2.1936076755394498 2.1953122543685168 2.197015801250096 2.1987183146634006 2.2004197930876428 2.2021202350020372 2.203819638885796 2.205518003218133 2.2072153264782606 2.2089116071453923 2.2106068436987414 2.2123010346175214 2.2139941783809447 2.2156862734682248 2.217377318358575 2.2190673115312087 2.2207562514653385 2.2224441366401777 2.2241309655349397 2.2258167366288379 2.2275014484010844 2.2291850993308935 2.230867687897478 2.232549212580051 2.2342296718578254 2.235909064210015 2.2375873881158328 2.2392646420544913 2.2409408245052047 2.2426159339471852 2.2442899688596465 2.2459629277218016 2.2476348090128639 2.2493056112120464 2.250975332798562 2.2526439722516245 2.2543115280504464 2.2559779986742412 2.2576433826022222 2.2593076783136024 2.2609708842875951 2.2626329990034133 2.2642940209402695 2.2659539485773785 2.2676127803939519 2.2692705148692038 2.2709271504823474 2.272582685712595 2.274237119039161 2.275890448941257 2.2775426738980977 2.2791937923888952 2.2808438028928633 2.2824927038892153 2.2841404938571634 2.2857871712759219 2.2874327346247032 2.2890771823827207 2.2907205130291874 2.2923627250433172 2.2940038169043224 2.2956437870914166 2.2972826340838131 2.2989203563607239 2.3005569524013643 2.3021924206849453 2.3038267596906818 2.3054599678977858 2.3070920437854707 2.3087229858329499 2.3103527925194367 2.3119814623241437 2.3136089937262847 2.3152353852050727 2.316860635239721 2.3184847423094421 2.32010770489345 2.3217295214709575 2.3233501905211771 2.3249697105233231 2.3265880799566081 2.3282052973002454 2.3298213610334484 2.3314362696354296 2.3330500215854024 2.3346626153625802 2.3362740494461764 2.3378843223154036 2.3394934324494754 2.3411013783276049 2.342708158429005 2.3443137712328888 2.3459182152184699 2.3475214888649614 2.3491235906515762 2.3507245190575272 2.3523242725620284 2.3539228496442925 2.3555202487835327 2.3571164684589627 2.3587115071497946 2.3603053633352418 2.361898035494518 2.3634895221068364 2.3650798216514097 2.3666689326074515 2.3682568534541741 2.369843582670792 2.3714291187365175 2.3730134601305637 2.3745966053321439 2.376178552820472 2.37775930107476 2.3793388485742222 2.3809171937980702 2.3824943352255188 2.3840702713357809 2.3856450006080685 2.3872185215215964 2.3887908325555762 2.3903619321892222 2.3919318189017469 2.3935004911723636 2.3950679474802863 2.3966341863047269 2.3981992061248989 2.3997630054200161 2.4013255826692914 2.4028869363519374 2.4044470649471679 2.4060059669341958 2.4075636407922345 2.409120085000497 2.4106752980381962 2.4122292783845456 2.413782024518758 2.4153335349200473 2.4168838080676265 2.4184328424407084 2.4199806365185061 2.4215271887802325 2.4230724977051024 2.4246165617723268 2.42615937946112 2.4277009492506951 2.429241269620265 2.4307803390490434 2.432318156016243 2.4338547190010771 2.435390026482759 2.4369240769405014 2.4384568688535175 2.4399884007010213 2.4415186709622256 2.443047678116343 2.4445754206425869 2.4461018970201711 2.4476271057283081 2.4491510452462109 2.4506737140530936 2.4521951106281685 2.4537152334506489 2.455234080999749 2.4567516517546801 2.4582679441946569 2.4597829567988918 2.4612966880465983 2.4628091364169897 2.4643203003892786 2.4658301784426784 2.4673387690564024 2.468846070709664 2.4703520818816758 2.4718568010516515 2.4733602266988042 2.4748623573023467 2.4763631913414925 2.477862727295455 2.4793609636434466 2.4808578988646808 2.4823535314383705 2.4838478598437299 2.4853408825599712 2.4868325980663082 2.4883230048419529 2.4898121013661201 2.4912998861180218 2.4927863575768718 2.4942715142218823 2.4957553545322679 2.4972378769872412 2.4987190800660146 2.5001989622478016 2.5016775220118164 2.503154757837271 2.5046306682033794 2.5061052515893536 2.5075785064744078 2.5090504313377551 2.5105210246586083 2.5119902849161804 2.5134582105896852 2.5149248001583357 2.5163900521013445 2.5178539648979257 2.5193165370272914 2.5207777669686555 2.5222376532012314 2.5236961942042311 2.5251533884568689 2.5266092344383573 2.5280637306279106 2.5295168755047404 2.5309686675480609 2.5324191052370848 2.5338681870510253 2.5353159114690955 2.5367622769705092 2.5382072820344792 2.5396509251402182 2.5410932047669399 2.5425341193938573 2.5439736675001834 2.5454118475651324 2.5468486580679155 2.5482840974877474 2.5497181643038411 2.5511508569954096 2.5525821740416657 2.5540121139218233 2.5554406751150949 2.5568678561006939 2.5582936553578333 2.5597180713657268 2.5611411026035871 2.562562747550627 2.5639830046860608 2.5654018724891001 2.5668193494389602 2.5682354340148521 2.5696501246959902 2.5710634199615874 2.5724753182908566 2.5738858181630118 2.5752949180572653 2.5767026164528302 2.5781089118289207 2.5795138026647488 2.5809172874395285 2.5823193646324722 2.5837200327227938 2.5851192901897058 2.5865171355124223 2.5879135671701556 2.589308583642119 2.5907021834075259 2.5920943649455896 2.5934851267355228 2.5948744672565391 2.5962623849878517 2.5976488784086733 2.599033945998217 2.6004175862356966 2.6017997976003251 2.6031805785713154 2.6045599276278812 2.6059378432492348 2.6073143239145899 2.6086893681031595 2.6100629742941575 2.6114351409667957 2.6128058666002882 2.6141751496738483 2.6155429886666886 2.6169093820580227 2.6182743283270637 2.6196378259530242 2.6209998734151183 2.6223604691925582 2.6237196117645576 2.62507729961033 2.6264335312090878 2.6277883050400446 2.6291416195824135 2.6304934733154082 2.6318438647182409 2.6331927922701253 2.6345402544502745 2.6358862497379016 2.6372307766122205 2.6385738335524431 2.6399154190377829 2.6412555315474537 2.6425941695606685 2.6439313315566397 2.6452670160145813 2.6466012214137065 2.6479339462332279 2.6492651889523589 2.6505949480503128 2.6519232220063023 2.6532500092995415 2.6545753084092425 2.6558991178146196 2.6572214359948849 2.6585422614292522 2.6598615925969344 2.661179427977145 2.6624957660490964 2.6638106052920025 2.6651239441850763 2.666435781207531 2.6677461148385797 2.6690549435574358 2.6703622658433117 2.6716680801754213 2.6729723850329776 2.6742751788951935 2.6755764602412828 2.6768762275504576 2.6781744793019326 2.6794712139749191 2.6807664300486325 2.6820601260022836 2.6833523003150872 2.6846429514662562 2.6859320779350027 2.6872196782005413 2.6885057507420846 2.6897902940388456 2.6910733065700376 2.6923547868148736 2.6936347332525674 2.6949131443623315 2.6961900186233794 2.6974653545149243 2.6987391505161789 2.7000114051063564 2.7012821167646708 2.7025512839703341 2.703818905202561 2.7050849789405627 2.7063495036635539 2.7076124778507475 2.7088738999813566 2.7101337685345936 2.7113920819896729 2.7126488388258063 2.7139040375222083 2.7151576765580914 2.7164097544126689 2.7176602695651537 2.7189092204947594 2.7201566056806987 2.7214024236021856 2.7226466727384322 2.7238893515686522 2.7251304585720586 2.7263699922278652 2.7276079510152842 2.7288443334135293 2.7300791379018139 2.7313123629593505 2.7325440070653535 2.7337740686990344 2.735002546339607 2.7362294384662853 2.7374547435582812 2.7386784600948086 2.739900586555081 2.7411211214183107 2.7423400631637112 2.7435574102704963 2.7447731612178785 2.7459873144850704 2.7471998685512862 2.7484108218957388 2.7496201729976417 2.7508279203362074 2.7520340623906492 2.7532385976401805 2.7544415245640139 2.7556428416413636 2.7568425473514422 2.7580406401734621 2.759237118586638 2.7604319810701821 2.7616252261033076 2.7628168521652281 2.764006857735156 2.7651952412923055 2.7663820013158889 2.7675671362851197 2.7687506446792112 2.7699325249773765 2.7711127756588287 2.7722913952027808 2.7734683820884465 2.7746437347950383 2.7758174518017702 2.7769895315878541 2.7781599726325039 2.7793287734149335 2.7804959324143548 2.7816614481099817 2.7828253189810273 2.7839875435067043 2.7851481201662267 2.7863070474388065 2.7874643238036585 2.7886199477399942 2.789773917727028 2.7909262322439718 2.7920768897700401 2.7932258887844457 2.7943732277664006 2.7955189051951197 2.7966629195498154 2.7978052693097006 2.7989459529539888 2.800084968961893 2.8012223158126268 2.8023579919854029 2.8034919959594342 2.8046243262139345 2.8057549812281168 2.806883959481195 2.8080112594523801 2.8091368796208878 2.8102608184659292 2.8113830744667188 2.8125036461024693 2.8136225318523937 2.814739730195706 2.8158552396116181 2.8169690585793443 2.8180811855780967 2.8191916190870892 2.820300357585535 2.8214073995526472 2.8225127434676387 2.8236163878097229 2.8247183310581128 2.8258185716920217 2.8269171081906626 2.8280139390332488 2.8291090626989934 2.8302024776671102 2.8312941824168112 2.8323841754273102 2.8334724551778203 2.8345590201475552 2.8356438688157271 2.8367269996615496 2.8378084111642363 2.8388881018029997 2.839966070057053 2.8410423144056098 2.842116833327883 2.8431896253030864 2.844260688810432 2.8453300223291338 2.8463976243384046 2.8474634933174583 2.8485276277455069 2.8495900261017639 2.8506506868654431 2.8517096085157574 2.8527667895319198 2.8538222283931431 2.854875923578641 2.8559278735676266 2.8569780768393134 2.8580265318729139 2.8590732371476415 2.8601181911427096 2.8611613923373311 2.8622028392107195 2.8632425302420872 2.8642804639106485 2.8653166386956155 2.866351053076202 2.8673837055316209 2.8684145945410853 2.8694437185838089 2.8704710761390042 2.8714966656858847 2.8725204857036637 2.8735425346715542 2.8745628110687695 2.8755813133745223 2.8765980400680262 2.8776129896284943 2.8786261605351395 2.8796375512671757 2.8806471603038153 2.8816549861242722 2.8826610272077584 2.8836652820334878 2.8846677490806742 2.8856684268285298 2.8866673137562682 2.887664408343102 2.8886597090682451 2.8896532144109104 2.8906449228503108 2.8916348328656598 2.8926229429361712 2.893609251541057 2.8945937571595302 2.8955764582708055 2.8965573533540949 2.8975364408886115 2.8985137193535691 2.8994891872281805 2.9004628429916588 2.9014346851232169 2.9024047121020691 2.9033729224074274 2.9043393145185057 2.9053038869145169 2.9062666380746736 2.9072275664781899 2.9081866706042785 2.9091439489321527 2.9100993999410258 2.9110530221101105


# name: P
# type: matrix
# rows: 1
# columns: 4
 -2.5346447205099193e-10 -1.547868713261097e-07 0.002022674401066956 1.2966299644202561


# name: calcurve
# type: matrix
# rows: 7
# columns: 2
 2000 2.6953180122604601
 750 2.6103886930015285
 500 2.2558328061048418
 250 1.7905434151787301
 100 1.4691371410681155
 25 1.336502755381296
 0 1.3241040568008662


