168.180 2.517
168.450 48.516
168.720 67.516
168.990 73.516
169.260 81.516
169.530 60.515
169.799 63.515
170.069 59.515
170.339 70.515
170.609 68.514
170.879 68.514
171.149 64.514
171.418 62.514
171.688 67.513
171.958 62.513
172.228 62.513
172.498 59.513
172.768 71.512
173.037 63.512
173.307 62.512
173.577 61.512
173.847 63.511
174.117 64.511
174.387 65.511
174.656 71.511
174.926 66.510
175.196 63.510
175.466 55.510
175.736 65.509
176.006 61.509
176.275 64.509
176.545 64.509
176.815 70.508
177.085 72.508
177.355 67.508
177.625 60.508
177.894 59.507
178.164 67.507
178.434 62.507
178.704 66.507
178.974 70.506
179.244 71.506
179.513 71.506
179.783 77.506
180.053 69.505
180.323 67.505
180.593 75.505
180.863 66.505
181.132 61.504
181.402 65.504
181.672 70.504
181.942 64.504
182.212 67.503
182.482 64.503
182.751 70.503
183.021 65.502
183.291 65.502
183.561 72.502
183.831 68.502
184.101 77.501
184.370 69.501
184.640 71.501
184.910 73.501
185.164 65.500
185.417 68.500
185.671 69.500
185.925 66.500
186.178 64.499
186.432 67.499
186.686 69.499
186.939 69.499
187.193 62.498
187.447 70.498
187.700 66.498
187.954 61.497
188.207 73.497
188.461 85.497
188.715 65.497
188.968 67.496
189.222 68.496
189.476 72.496
189.729 69.496
189.983 64.495
190.237 68.495
190.490 66.495
190.744 61.494
190.998 64.494
191.251 74.494
191.505 66.494
191.759 62.493
192.012 66.493
192.266 73.493
192.520 73.493
192.773 69.492
193.027 67.492
193.281 64.492
193.534 67.492
193.788 72.491
194.042 65.491
194.295 71.491
194.549 67.490
194.802 74.490
195.056 68.490
195.310 73.490
195.563 67.489
195.817 65.489
196.071 63.489
196.324 73.489
196.578 63.488
196.832 67.488
197.085 81.488
197.339 70.487
197.593 77.487
197.846 75.487
198.100 67.487
198.354 69.486
198.607 68.486
198.861 65.486
199.115 72.485
199.368 69.485
199.622 66.485
199.876 72.485
200.129 74.484
200.383 69.484
200.636 68.484
200.890 72.484
201.144 77.483
201.397 72.483
201.651 73.483
201.905 60.482
202.158 69.482
202.412 75.482
202.666 76.482
202.919 67.481
203.173 68.481
203.427 67.481
203.680 73.480
203.934 70.480
204.188 79.480
204.441 74.480
204.695 67.479
204.949 73.479
205.202 70.479
205.456 73.479
205.710 72.478
205.963 65.478
206.217 71.478
206.471 77.477
206.724 78.477
206.978 77.477
207.231 77.477
207.485 76.476
207.739 77.476
207.992 72.476
208.246 72.475
208.500 65.475
208.753 78.475
209.007 76.475
209.261 70.474
209.514 67.474
209.768 70.474
210.022 68.473
210.275 68.473
210.529 66.473
210.783 69.473
211.036 73.472
211.290 67.472
211.544 71.472
211.797 65.471
212.051 71.471
212.305 76.471
212.558 73.471
212.812 73.470
213.065 74.470
213.319 73.470
213.573 82.469
213.826 77.469
214.080 75.469
214.334 77.469
214.587 77.468
214.841 78.468
215.095 75.468
215.348 77.467
215.602 62.467
215.856 71.467
216.109 76.466
216.363 79.466
216.617 78.466
216.870 75.466
217.124 69.465
217.378 63.465
217.631 73.465
217.885 69.464
218.139 77.464
218.392 74.464
218.646 81.464
218.900 76.463
219.153 71.463
219.407 69.463
219.660 77.462
219.914 72.462
220.168 80.462
220.421 74.461
220.675 77.461
220.929 81.461
221.182 79.461
221.436 75.460
221.690 81.460
221.943 74.460
222.197 77.459
222.451 72.459
222.704 72.459
222.958 72.459
223.212 69.458
223.465 72.458
223.719 74.458
223.973 73.457
224.226 78.457
224.480 81.457
224.734 75.456
224.987 74.456
225.241 78.456
225.494 75.456
225.748 81.455
226.002 76.455
226.255 73.455
226.509 72.454
226.763 69.454
227.016 68.454
227.270 75.453
227.524 73.453
227.777 66.453
228.031 71.452
228.285 70.452
228.538 72.452
228.792 74.452
229.046 69.451
229.299 67.451
229.553 84.451
229.807 78.450
230.060 80.450
230.314 78.450
230.568 74.449
230.821 80.449
231.075 81.449
231.329 69.449
231.582 78.448
231.836 75.448
232.089 64.448
232.343 83.447
232.597 74.447
232.850 81.447
233.104 76.446
233.358 83.446
233.611 72.446
233.865 81.445
234.119 76.445
234.372 80.445
234.626 75.445
234.880 79.444
235.133 78.444
235.387 75.444
235.641 73.443
235.894 86.443
236.148 74.443
236.402 77.442
236.655 86.442
236.909 80.442
237.163 73.441
237.416 72.441
237.670 74.441
237.924 80.440
238.177 76.440
238.431 82.440
238.684 85.440
238.938 81.439
239.192 75.439
239.445 81.439
239.699 76.438
239.953 80.438
240.206 86.438
240.460 89.437
240.714 79.437
240.967 79.437
241.221 74.436
241.475 75.436
241.728 87.436
241.982 86.435
242.236 81.435
242.489 75.435
242.743 88.434
242.997 81.434
243.250 84.434
243.504 74.434
243.758 72.433
244.011 80.433
244.265 85.433
244.518 76.432
244.772 80.432
245.026 84.432
245.279 80.431
245.533 84.431
245.787 70.431
246.040 78.430
246.294 75.430
246.548 72.430
246.801 89.429
247.055 80.429
247.309 82.429
247.562 87.428
247.816 89.428
248.070 86.428
248.323 84.427
248.577 84.427
248.831 78.427
249.084 80.426
249.338 81.426
249.592 83.426
249.845 82.425
250.099 81.425
250.353 89.425
250.606 82.424
250.860 81.424
251.113 84.424
251.367 87.423
251.621 82.423
251.874 81.423
252.128 81.423
252.382 95.422
252.635 86.422
252.889 86.422
253.143 79.421
253.396 84.421
253.650 79.421
253.911 83.420
254.172 86.420
254.433 83.420
254.694 89.419
254.955 78.419
255.216 87.419
255.477 96.418
255.738 84.418
255.999 90.418
256.261 95.417
256.522 86.417
256.783 90.417
257.044 93.416
257.305 91.416
257.566 84.416
257.827 87.415
258.088 90.415
258.349 87.415
258.610 87.414
258.871 77.414
259.132 86.414
259.393 93.413
259.654 85.413
259.915 88.413
260.176 92.412
260.437 87.412
260.698 90.412
260.959 90.411
261.221 84.411
261.482 80.411
261.743 82.410
262.004 88.410
262.265 86.409
262.526 89.409
262.787 83.409
263.048 86.408
263.309 86.408
263.570 85.408
263.831 88.407
264.092 92.407
264.353 89.407
264.614 88.406
264.875 86.406
265.136 91.406
265.397 93.405
265.658 90.405
265.919 88.405
266.181 97.404
266.442 84.404
266.703 87.404
266.964 90.403
267.225 93.403
267.486 89.403
267.747 91.402
268.008 90.402
268.269 87.402
268.530 85.401
268.791 95.401
269.052 82.401
269.313 90.400
269.574 96.400
269.835 87.400
270.096 92.399
270.357 87.399
270.618 88.398
270.879 83.398
271.141 80.398
271.402 89.397
271.663 98.397
271.924 91.397
272.185 84.396
272.446 91.396
272.707 87.396
272.968 93.395
273.229 86.395
273.490 85.395
273.751 86.394
274.012 93.394
274.273 86.394
274.534 98.393
274.795 88.393
275.056 98.393
275.317 91.392
275.578 95.392
275.839 88.391
276.101 85.391
276.362 95.391
276.623 92.390
276.884 89.390
277.145 86.390
277.406 86.389
277.667 94.389
277.928 91.389
278.189 90.388
278.450 93.388
278.711 90.388
278.972 100.387
279.233 92.387
279.494 95.386
279.755 94.386
280.016 96.386
280.277 91.385
280.538 97.385
280.799 88.385
281.061 90.384
281.322 93.384
281.583 94.384
281.844 100.383
282.105 88.383
282.366 96.382
282.627 95.382
282.888 102.382
283.149 95.381
283.410 108.381
283.671 94.381
283.932 96.380
284.193 90.380
284.454 98.380
284.715 94.379
284.976 94.379
285.237 91.378
285.498 91.378
285.759 93.378
286.021 92.377
286.282 98.377
286.543 92.377
286.804 97.376
287.065 94.376
287.326 91.376
287.587 96.375
287.848 96.375
288.109 95.374
288.370 94.374
288.631 103.374
288.892 83.373
289.153 95.373
289.414 96.373
289.675 97.372
289.936 100.372
290.197 102.371
290.458 95.371
290.719 94.371
290.981 92.370
291.242 96.370
291.503 94.370
291.764 94.369
292.025 100.369
292.286 113.368
292.547 104.368
292.808 92.368
293.069 93.367
293.330 92.367
293.591 99.367
293.852 99.366
294.113 91.366
294.374 107.365
294.635 106.365
294.896 96.365
295.157 93.364
295.418 98.364
295.679 99.364
295.941 98.363
296.202 102.363
296.463 102.362
296.724 91.362
296.985 99.362
297.246 92.361
297.507 96.361
297.768 99.360
298.029 95.360
298.290 99.360
298.551 97.359
298.812 94.359
299.073 95.359
299.334 96.358
299.595 104.358
299.856 98.357
300.117 98.357
300.378 102.357
300.639 97.356
300.901 99.356
301.162 114.355
301.423 103.355
301.684 103.355
301.945 103.354
302.206 102.354
302.467 101.354
302.728 95.353
302.989 100.353
303.250 104.352
303.511 98.352
303.772 99.352
304.033 102.351
304.294 105.351
304.555 100.350
304.816 110.350
305.077 102.350
305.338 97.349
305.599 92.349
305.861 103.348
306.122 98.348
306.383 106.348
306.644 93.347
306.905 103.347
307.166 100.347
307.427 100.346
307.688 100.346
307.949 106.345
308.210 104.345
308.471 102.345
308.732 103.344
308.993 109.344
309.254 109.343
309.515 114.343
309.776 110.343
310.037 107.342
310.298 107.342
310.559 107.341
310.821 101.341
311.082 105.341
311.343 96.340
311.604 100.340
311.865 104.339
312.126 104.339
312.387 105.339
312.648 111.338
312.909 110.338
313.170 111.337
313.437 110.337
313.704 114.337
313.971 105.336
314.238 115.336
314.504 105.335
314.771 109.335
315.038 117.335
315.305 113.334
315.572 108.334
315.839 106.333
316.106 98.333
316.373 112.332
316.640 102.332
316.906 99.332
317.173 101.331
317.440 109.331
317.707 109.330
317.974 103.330
318.241 103.330
318.508 106.329
318.775 110.329
319.042 111.328
319.308 110.328
319.575 111.328
319.842 96.327
320.109 115.327
320.376 114.326
320.643 113.326
320.910 109.325
321.177 107.325
321.444 114.325
321.710 114.324
321.977 107.324
322.244 110.323
322.511 107.323
322.778 106.323
323.045 111.322
323.312 111.322
323.579 108.321
323.846 106.321
324.112 103.320
324.379 118.320
324.646 117.320
324.913 112.319
325.180 106.319
325.447 107.318
325.714 107.318
325.981 111.318
326.248 111.317
326.514 114.317
326.781 117.316
327.048 112.316
327.315 114.315
327.582 119.315
327.849 117.315
328.116 116.314
328.383 110.314
328.649 113.313
328.916 118.313
329.183 108.312
329.450 111.312
329.717 121.312
329.984 118.311
330.251 115.311
330.518 109.310
330.785 123.310
331.051 118.309
331.318 115.309
331.585 113.309
331.852 128.308
332.119 125.308
332.386 133.307
332.653 118.307
332.920 132.306
333.187 120.306
333.453 125.306
333.720 131.305
333.987 126.305
334.254 127.304
334.521 134.304
334.788 137.303
335.055 137.303
335.322 134.303
335.589 140.302
335.855 141.302
336.122 142.301
336.389 156.301
336.656 151.300
336.923 152.300
337.190 153.300
337.457 159.299
337.724 163.299
337.991 166.298
338.257 171.298
338.524 177.297
338.791 183.297
339.058 183.296
339.325 187.296
339.592 194.296
339.859 191.295
340.126 204.295
340.393 204.294
340.659 208.294
340.926 214.293
341.193 222.293
341.460 228.292
341.727 252.292
341.994 247.292
342.261 244.291
342.528 258.291
342.795 270.290
343.061 270.290
343.328 283.289
343.595 295.289
343.862 304.288
344.129 310.288
344.396 318.288
344.663 332.287
344.930 341.287
345.197 349.286
345.463 346.286
345.730 368.285
345.997 374.285
346.264 387.284
346.531 397.284
346.798 414.283
347.065 417.283
347.332 438.283
347.599 458.282
347.865 468.282
348.132 477.281
348.399 483.281
348.666 494.280
348.933 517.280
349.200 531.279
349.467 539.279
349.734 549.278
350.001 573.278
350.267 586.278
350.534 594.277
350.801 603.277
351.068 622.276
351.335 629.276
351.602 638.275
351.869 658.275
352.136 678.274
352.402 679.274
352.669 692.273
352.936 715.273
353.203 725.273
353.470 740.272
353.737 762.272
354.004 775.271
354.271 793.271
354.538 798.270
354.804 828.270
355.071 840.269
355.338 852.269
355.605 861.268
355.872 880.268
356.139 899.267
356.406 913.267
356.673 940.266
356.940 957.266
357.206 978.992
357.473 990.107
357.740 1007.368
358.007 1030.913
358.274 1060.350
358.541 1076.565
358.808 1092.465
359.075 1125.012
359.342 1129.727
359.608 1158.592
359.875 1168.290
360.142 1203.571
360.409 1225.576
360.676 1263.970
360.943 1254.137
361.210 1282.741
361.477 1313.484
361.744 1326.629
362.010 1337.065
362.277 1359.268
362.544 1392.714
362.811 1410.925
363.078 1414.239
363.345 1456.538
363.612 1488.592
363.879 1521.037
364.146 1511.403
364.412 1532.681
364.679 1566.329
364.946 1594.224
365.213 1613.662
365.480 1638.709
365.748 1654.325
366.017 1668.028
366.285 1687.362
366.553 1703.975
366.822 1730.831
367.090 1742.629
367.358 1773.196
367.627 1799.831
367.895 1808.430
368.164 1837.275
368.432 1830.667
368.700 1858.365
368.969 1892.134
369.237 1903.390
369.505 1911.283
369.774 1922.750
370.042 1949.045
370.310 1971.252
370.579 1985.776
370.847 2008.127
371.115 2040.720
371.384 2039.374
371.652 2045.924
371.921 2059.220
372.189 2073.273
372.457 2104.177
372.726 2127.640
372.994 2122.214
373.262 2141.531
373.531 2152.075
373.799 2170.964
374.067 2188.585
374.336 2194.336
374.604 2207.949
374.872 2225.779
375.141 2215.791
375.409 2242.579
375.678 2266.048
375.946 2277.426
376.214 2283.493
376.483 2301.441
376.751 2315.583
377.019 2328.557
377.288 2344.703
377.556 2345.779
377.824 2372.288
378.093 2369.227
378.361 2407.095
378.629 2416.106
378.898 2443.022
379.166 2458.485
379.435 2476.176
379.703 2479.384
379.971 2495.436
380.240 2522.723
380.508 2539.768
380.776 2552.588
381.045 2565.731
381.313 2599.595
381.581 2618.979
381.850 2654.411
382.118 2675.505
382.386 2678.309
382.655 2689.264
382.923 2747.818
383.192 2765.507
383.460 2792.707
383.728 2794.035
383.997 2834.641
384.265 2855.836
384.533 2886.841
384.802 2910.695
385.070 2949.475
385.338 2986.087
385.607 3006.724
385.875 3008.859
386.143 3049.037
386.412 3093.606
386.680 3116.407
386.948 3115.903
387.217 3203.064
387.485 3217.856
387.754 3249.140
388.022 3274.438
388.290 3310.758
388.559 3342.617
388.827 3385.176
389.095 3425.525
389.364 3456.556
389.632 3490.974
389.900 3536.092
390.169 3547.453
390.437 3597.610
390.705 3624.679
390.974 3667.972
391.242 3713.885
391.511 3745.083
391.779 3765.050
392.047 3811.435
392.316 3841.981
392.584 3926.464
392.852 3937.848
393.121 3962.619
393.389 4020.665
393.657 4048.443
393.926 4111.560
394.194 4143.525
394.462 4171.850
394.731 4227.529
394.999 4264.037
395.268 4306.589
395.536 4355.525
395.804 4399.569
396.073 4441.473
396.341 4478.050
396.609 4525.465
396.878 4574.490
397.146 4632.832
397.414 4685.794
397.683 4718.686
397.951 4751.510
398.219 4803.975
398.488 4873.229
398.756 4899.777
399.025 4970.784
399.293 4998.102
399.561 5041.947
399.830 5113.164
400.098 5176.479
400.366 5195.594
400.635 5260.652
400.903 5282.322
401.171 5322.400
401.440 5406.048
401.708 5454.734
401.976 5532.126
402.245 5536.722
402.513 5605.423
402.782 5664.758
403.050 5701.647
403.318 5737.137
403.587 5819.034
403.855 5877.927
404.123 5933.238
404.392 5962.566
404.660 6014.812
404.934 6090.140
405.207 6122.567
405.481 6176.282
405.754 6242.319
406.028 6297.450
406.301 6346.092
406.575 6403.541
406.848 6433.686
407.122 6498.081
407.395 6555.383
407.669 6598.288
407.942 6662.296
408.216 6723.334
408.489 6748.603
408.763 6827.906
409.036 6870.837
409.310 6915.267
409.583 6963.485
409.857 7030.635
410.130 7103.221
410.404 7143.626
410.677 7168.404
410.951 7248.597
411.224 7270.523
411.498 7335.584
411.771 7405.178
412.045 7423.243
412.318 7497.047
412.592 7544.206
412.865 7573.662
413.139 7626.195
413.412 7704.402
413.686 7745.259
413.959 7814.593
414.233 7880.695
414.506 7917.081
414.780 7957.125
415.053 8035.029
415.327 8071.657
415.600 8144.180
415.874 8191.405
416.147 8227.564
416.421 8308.782
416.694 8340.577
416.968 8411.499
417.241 8484.968
417.515 8533.415
417.788 8591.286
418.062 8622.884
418.335 8669.494
418.609 8694.228
418.882 8809.764
419.156 8810.712
419.429 8879.505
419.703 8965.178
419.976 8997.148
420.250 9031.982
420.524 9109.812
420.797 9155.364
421.071 9208.887
421.344 9249.146
421.618 9289.820
421.891 9346.024
422.165 9431.978
422.438 9444.581
422.712 9510.076
422.985 9531.354
423.259 9599.341
423.532 9667.132
423.806 9702.219
424.079 9788.557
424.353 9858.133
424.626 9875.506
424.900 9900.530
425.173 9953.225
425.447 10008.131
425.720 10031.130
425.994 10082.212
426.267 10156.756
426.541 10190.700
426.814 10196.324
427.088 10277.236
427.361 10339.503
427.635 10394.493
427.908 10448.715
428.182 10449.371
428.455 10532.920
428.729 10518.233
429.002 10561.050
429.276 10621.091
429.549 10659.397
429.823 10677.184
430.096 10704.643
430.370 10738.288
430.643 10813.628
430.917 10843.020
431.190 10890.240
431.464 10926.529
431.737 10974.966
432.011 11021.286
432.284 11027.306
432.558 11068.457
432.831 11129.893
433.105 11129.372
433.378 11207.149
433.652 11226.793
433.925 11253.619
434.199 11285.682
434.472 11310.800
434.746 11393.110
435.019 11479.589
435.293 11495.622
435.566 11527.000
435.840 11538.339
436.119 11589.977
436.398 11648.566
436.677 11643.669
436.956 11665.450
437.235 11727.376
437.514 11697.936
437.793 11747.148
438.073 11785.745
438.352 11823.456
438.631 11841.275
438.910 11896.278
439.189 11921.972
439.468 11971.749
439.747 12001.072
440.026 12018.632
440.305 12095.704
440.584 12087.557
440.863 12137.253
441.142 12219.937
441.421 12255.929
441.700 12271.228
441.979 12327.275
442.258 12359.935
442.538 12422.830
442.817 12436.558
443.096 12469.535
443.375 12482.645
443.654 12546.158
443.933 12601.057
444.212 12701.157
444.491 12646.687
444.770 12742.051
445.049 12794.431
445.328 12840.904
445.607 12863.364
445.886 12926.625
446.165 12931.655
446.444 12983.431
446.723 13017.745
447.003 13075.644
447.282 13108.134
447.561 13126.923
447.840 13208.371
448.119 13268.853
448.398 13278.020
448.677 13371.477
448.956 13382.021
449.235 13407.041
449.514 13466.676
449.793 13519.037
450.072 13593.668
450.351 13642.000
450.630 13625.324
450.909 13676.779
451.188 13784.129
451.468 13831.555
451.747 13853.606
452.026 13904.014
452.305 13924.159
452.584 13993.990
452.863 14041.735
453.142 14057.877
453.421 14120.108
453.700 14193.747
453.979 14242.676
454.258 14279.657
454.537 14373.276
454.816 14437.564
455.095 14476.498
455.374 14537.973
455.653 14599.240
455.933 14616.078
456.212 14672.209
456.491 14745.179
456.770 14822.259
457.049 14910.553
457.328 14909.616
457.607 15007.267
457.886 15075.160
458.165 15127.497
458.444 15212.208
458.723 15279.890
459.002 15325.851
459.281 15363.503
459.560 15503.650
459.839 15563.707
460.119 15610.934
460.398 15685.179
460.677 15774.409
460.956 15843.287
461.235 15907.001
461.514 16009.250
461.793 16065.420
462.072 16192.472
462.351 16267.392
462.630 16358.497
462.909 16417.559
463.188 16548.923
463.467 16659.920
463.746 16686.336
464.025 16788.073
464.304 16902.677
464.584 16923.194
464.863 17052.564
465.142 17171.755
465.421 17264.417
465.700 17416.198
465.979 17453.208
466.258 17550.337
466.537 17687.849
466.816 17732.230
467.095 17915.695
467.374 17966.933
467.653 18097.226
467.932 18189.220
468.211 18282.030
468.490 18407.436
468.769 18512.028
469.049 18601.629
469.328 18746.027
469.607 18838.026
469.886 18936.025
470.165 19050.025
470.444 19180.204
470.723 19296.616
471.002 19436.332
471.281 19534.556
471.560 19641.663
471.839 19738.497
472.118 19924.794
472.397 19991.995
472.676 20110.460
472.955 20211.285
473.234 20335.027
473.514 20440.660
473.793 20607.878
474.072 20667.688
474.351 20770.952
474.630 20929.306
474.909 21030.346
475.188 21131.458
475.467 21252.035
475.746 21348.541
476.025 21478.711
476.304 21615.863
476.583 21721.553
476.862 21855.405
477.141 21939.864
477.420 22091.008
477.699 22168.373
477.979 22265.582
478.258 22420.679
478.537 22523.080
478.816 22627.694
479.095 22751.541
479.374 22833.505
479.653 22966.014
479.932 23028.806
480.211 23189.689
480.490 23285.859
480.769 23417.352
481.048 23512.923
481.327 23616.334
481.606 23704.963
481.885 23808.284
482.165 23936.780
482.444 24019.702
482.723 24149.524
483.002 24252.327
483.281 24387.087
483.560 24451.132
483.839 24597.283
484.118 24713.827
484.397 24800.402
484.676 24905.293
484.955 25007.269
485.234 25129.151
485.513 25197.900
485.792 25341.649
486.071 25384.198
486.350 25560.398
486.630 25572.745
486.909 25697.485
487.188 25778.795
487.467 25920.976
487.746 25962.671
488.025 26098.524
488.304 26162.670
488.583 26274.586
488.862 26344.338
489.141 26496.868
489.420 26578.049
489.699 26659.063
489.978 26727.806
490.257 26824.712
490.536 26909.434
490.815 27007.178
491.095 27119.187
491.374 27199.350
491.653 27313.491
491.932 27443.497
492.211 27531.247
492.490 27595.056
492.769 27693.528
493.048 27789.758
493.327 27876.744
493.606 28014.232
493.885 28059.981
494.164 28195.280
494.443 28257.827
494.722 28392.851
495.001 28447.779
495.280 28617.603
495.560 28660.219
495.839 28732.007
496.118 28754.747
496.397 28910.145
496.676 28983.824
496.955 29066.417
497.234 29182.227
497.513 29288.973
497.792 29396.328
498.071 29462.725
498.350 29558.298
498.629 29650.852
498.908 29758.498
499.187 29813.011
499.466 29900.447
499.745 29971.803
500.025 30051.251
500.304 30132.606
500.583 30199.741
500.862 30363.485
501.141 30449.084
501.420 30458.691
501.699 30495.416
501.978 30650.139
502.257 30705.878
502.536 30806.387
502.815 30891.064
503.094 31004.984
503.373 31054.478
503.652 31125.185
503.931 31207.211
504.211 31334.277
504.490 31401.145
504.769 31392.641
505.048 31535.425
505.327 31570.921
505.606 31642.565
505.885 31769.234
506.164 31796.672
506.443 31851.398
506.722 31930.676
507.001 32006.038
507.280 32093.702
507.559 32179.695
507.838 32313.122
508.117 32331.545
508.396 32427.171
508.676 32494.275
508.955 32455.858
509.234 32572.809
509.513 32651.195
509.792 32711.707
510.071 32744.527
510.350 32863.360
510.629 32905.454
510.908 32912.729
511.187 32978.370
511.466 33008.104
511.745 33176.317
512.024 33252.472
512.303 33230.202
512.582 33278.023
512.861 33342.439
513.141 33386.011
513.420 33467.248
513.699 33459.718
513.978 33534.997
514.257 33646.898
514.536 33617.546
514.815 33679.736
515.094 33731.950
515.373 33775.880
515.652 33815.606
515.931 33888.225
516.210 33932.558
516.489 33883.778
516.768 33917.975
517.047 34033.859
517.326 34046.658
517.606 34118.182
517.885 34158.621
518.164 34255.589
518.443 34261.017
518.722 34337.833
519.001 34406.199
519.280 34437.879
519.559 34533.810
519.838 34513.611
520.117 34585.585
520.396 34613.765
520.675 34699.103
520.954 34717.232
521.233 34735.291
521.512 34801.631
521.791 34867.842
522.071 34885.539
522.350 34952.399
522.629 35015.353
522.908 34997.950
523.187 35137.908
523.466 35128.008
523.745 35204.881
524.024 35207.368
524.303 35271.468
524.582 35292.978
524.861 35422.692
525.140 35472.095
525.419 35458.763
525.698 35484.604
525.977 35536.572
526.257 35554.155
526.536 35592.250
526.815 35667.803
527.094 35660.514
527.373 35701.005
527.652 35796.637
527.931 35853.755
528.210 35875.576
528.489 35905.077
528.768 35977.114
529.047 36068.108
529.326 36123.084
529.605 36147.587
529.884 36111.496
530.163 36214.821
530.442 36254.592
530.722 36252.459
531.001 36341.712
531.280 36306.383
531.559 36326.887
531.838 36372.254
532.117 36466.267
532.396 36526.815
532.675 36485.673
532.954 36587.362
533.233 36653.258
533.512 36657.369
533.791 36678.182
534.070 36687.642
534.349 36808.376
534.628 36818.973
534.907 36837.758
535.187 36874.724
535.466 36915.401
535.745 36979.917
536.024 36979.916
536.303 37025.480
536.582 37090.142
536.861 37090.227
537.140 37078.808
537.419 37216.978
537.698 37265.101
537.977 37199.070
538.256 37241.244
538.535 37258.419
538.814 37294.959
539.093 37284.452
539.372 37335.392
539.652 37425.114
539.931 37436.607
540.210 37475.832
540.489 37480.630
540.768 37493.105
541.047 37486.853
541.326 37581.551
541.605 37583.873
541.884 37610.395
542.163 37658.777
542.442 37616.163
542.721 37701.164
543.000 37736.809
543.279 37711.760
543.558 37701.161
543.837 37730.766
544.117 37781.664
544.396 37791.114
544.675 37821.237
544.954 37833.624
545.233 37872.147
545.512 37852.803
545.791 37883.750
546.070 37876.979
546.351 37856.669
546.632 37839.260
546.912 37816.048
547.193 37862.336
547.474 37896.217
547.755 37891.270
548.036 37824.918
548.317 37886.533
548.597 37915.574
548.878 37865.364
549.159 37820.876
549.440 37918.475
549.721 37896.309
550.001 37873.098
550.282 37912.748
550.563 37858.725
550.844 37905.101
551.125 37971.740
551.406 37922.565
551.686 37924.422
551.967 37881.172
552.248 37871.652
552.529 37939.030
552.810 37941.922
553.090 37882.360
553.371 37885.136
553.652 37928.556
553.933 37908.343
554.214 37878.739
554.495 37874.896
554.775 37900.832
555.056 37886.421
555.337 37882.578
555.618 37893.144
555.899 37905.631
556.179 37896.984
556.460 38003.615
556.741 37991.106
557.022 37905.627
557.303 37910.343
557.584 37932.327
557.864 37931.297
558.145 37867.650
558.426 37910.786
558.707 37943.612
558.988 37969.690
559.268 37908.583
559.549 37948.199
559.830 37886.052
560.111 37826.263
560.392 37871.696
560.673 37923.128
560.953 37972.188
561.234 38074.844
561.515 37999.744
561.796 37922.591
562.077 37868.058
562.357 37813.047
562.638 37863.147
562.919 37879.856
563.200 37977.668
563.481 37976.617
563.762 37975.611
564.042 37893.198
564.323 37833.063
564.604 37766.562
564.885 37801.538
565.166 37809.201
565.446 37843.316
565.727 37841.137
566.008 37828.178
566.289 37819.095
566.570 37757.021
566.851 37790.838
567.131 37781.188
567.412 37721.045
567.693 37699.516
567.974 37692.178
568.255 37614.559
568.535 37617.567
568.816 37580.875
569.097 37654.330
569.378 37560.833
569.659 37585.467
569.940 37568.414
570.220 37564.401
570.501 37625.836
570.782 37491.179
571.063 37477.660
571.344 37457.075
571.624 37393.489
571.905 37399.901
572.186 37410.933
572.467 37333.031
572.748 37349.445
573.029 37315.591
573.309 37382.994
573.590 37367.266
573.871 37308.545
574.152 37273.333
574.433 37241.138
574.713 37247.672
574.994 37183.792
575.275 37198.274
575.556 37045.963
575.837 37065.208
576.118 37085.368
576.398 37016.835
576.679 37049.125
576.960 37018.870
577.252 37001.697
577.543 36957.252
577.835 36943.109
578.127 36913.815
578.418 36849.168
578.710 36787.335
579.002 36661.286
579.293 36644.114
579.585 36729.890
579.877 36673.777
580.168 36649.410
580.460 36586.045
580.752 36559.173
581.043 36504.751
581.335 36476.722
581.627 36384.978
581.918 36448.530
582.210 36316.627
582.502 36281.861
582.793 36300.163
583.085 36237.842
583.376 36125.931
583.668 36148.098
583.960 36105.938
584.251 36072.989
584.543 36000.674
584.835 35984.127
585.126 35884.611
585.418 35900.050
585.710 35802.334
586.001 35710.951
586.293 35679.131
586.585 35696.187
586.876 35599.836
587.168 35515.283
587.460 35549.361
587.751 35433.130
588.043 35428.791
588.335 35365.165
588.626 35264.323
588.918 35256.188
589.210 35171.193
589.501 35132.384
589.793 35115.644
590.085 35087.346
590.376 34953.096
590.668 34945.580
590.960 34898.861
591.251 34839.305
591.543 34785.163
591.835 34759.173
592.126 34706.732
592.418 34600.874
592.710 34567.363
593.001 34512.412
593.293 34449.857
593.585 34374.990
593.876 34309.748
594.168 34270.463
594.460 34207.515
594.751 34188.221
595.043 34097.220
595.334 34018.893
595.626 33935.131
595.918 33842.756
596.209 33845.645
596.501 33712.477
596.793 33704.312
597.084 33582.366
597.376 33539.935
597.668 33477.501
597.959 33402.583
598.251 33307.423
598.543 33278.358
598.834 33132.896
599.126 33073.834
599.418 33064.145
599.709 33004.946
600.001 32903.755
600.293 32838.995
600.584 32805.588
600.876 32669.811
601.168 32643.948
601.459 32544.808
601.751 32551.867
602.043 32452.621
602.334 32362.005
602.626 32264.346
602.918 32229.069
603.209 32154.714
603.501 32209.670
603.793 32084.760
604.084 31972.627
604.376 31849.000
604.668 31796.310
604.959 31743.621
605.251 31653.669
605.543 31573.725
605.834 31564.515
606.126 31468.346
606.418 31363.653
606.709 31330.354
607.001 31237.723
607.292 31159.567
607.584 31133.787
607.876 31046.782
608.167 30921.279
608.459 30909.390
608.751 30731.853
609.042 30653.693
609.334 30665.469
609.626 30561.012
609.917 30492.578
610.209 30425.340
610.501 30422.137
610.792 30319.341
611.084 30289.180
611.376 30222.677
611.667 30143.730
611.959 30042.895
612.251 29998.455
612.542 29879.636
612.834 29804.541
613.126 29705.147
613.417 29657.159
613.709 29576.274
614.001 29541.393
614.292 29466.590
614.584 29372.846
614.876 29289.901
615.167 29220.266
615.459 29176.819
615.751 29049.918
616.042 29059.877
616.334 29004.525
616.626 28895.619
616.917 28877.006
617.209 28809.040
617.501 28748.280
617.792 28726.071
618.084 28696.367
618.376 28609.919
618.667 28566.053
618.959 28477.565
619.250 28445.475
619.542 28377.920
619.834 28294.660
620.125 28238.117
620.417 28181.508
620.709 28149.561
621.000 28103.093
621.292 28033.359
621.584 27944.437
621.875 27915.450
622.167 27838.154
622.459 27789.843
622.750 27729.234
623.042 27651.677
623.334 27609.163
623.625 27565.264
623.917 27469.064
624.209 27377.640
624.500 27342.822
624.792 27316.354
625.084 27278.562
625.375 27219.665
625.667 27158.711
625.959 27041.234
626.250 26984.908
626.542 26930.417
626.834 26910.874
627.125 26847.284
627.417 26797.526
627.709 26720.883
628.000 26651.478
628.292 26606.719
628.584 26522.999
628.875 26466.592
629.167 26407.128
629.459 26374.463
629.750 26312.454
630.042 26217.194
630.334 26174.828
630.625 26151.629
630.917 26128.166
631.208 26028.164
631.500 25940.044
631.792 25934.834
632.083 25865.250
632.375 25763.387
632.667 25724.989
632.958 25696.437
633.250 25637.073
633.542 25581.178
633.833 25568.274
634.125 25453.151
634.417 25387.140
634.708 25338.475
635.000 25328.714
635.292 25239.055
635.583 25213.776
635.875 25183.626
636.167 25088.305
636.458 25099.515
636.750 25050.876
637.042 24940.118
637.333 24918.088
637.625 24880.294
637.917 24836.902
638.208 24792.449
638.500 24764.529
638.792 24692.103
639.083 24659.200
639.375 24628.829
639.667 24529.174
639.958 24529.060
640.250 24439.459
640.542 24474.831
640.833 24400.574
641.125 24319.385
641.417 24346.713
641.708 24326.749
642.000 24260.049
642.292 24252.484
642.583 24208.424
642.875 24161.893
643.166 24144.545
643.458 24149.846
643.750 24129.984
644.041 24082.607
644.333 24086.064
644.625 24062.043
644.916 24062.846
645.208 24045.340
645.500 24011.352
645.791 23983.828
646.083 23953.636
646.375 23947.224
646.666 23958.212
646.958 23923.412
647.250 23906.927
647.541 23876.593
647.833 23853.811
648.125 23831.523
648.416 23806.751
648.708 23799.041
649.000 23748.488
649.291 23760.215
649.583 23768.280
649.875 23748.478
650.166 23715.927
650.458 23713.550
650.750 23666.061
651.041 23636.093
651.333 23629.604
651.625 23631.700
651.916 23635.665
652.208 23592.114
652.500 23581.861
652.791 23565.205
653.083 23498.445
653.375 23508.721
653.666 23477.390
653.958 23502.651
654.250 23486.235
654.541 23432.230
654.833 23429.815
655.124 23366.750
655.416 23413.997
655.708 23365.395
655.999 23352.186
656.291 23325.133
656.583 23347.178
656.874 23346.887
657.166 23291.014
657.458 23311.489
657.749 23296.307
658.041 23227.261
658.333 23245.770
658.624 23232.669
658.916 23258.382
659.208 23187.130
659.499 23211.162
659.791 23181.580
660.083 23181.752
660.374 23154.200
660.666 23131.379
660.958 23095.105
661.249 23101.711
661.541 23107.657
661.833 23124.913
662.124 23126.112
662.416 23063.732
662.708 23092.666
662.999 23055.128
663.291 23045.546
663.583 23043.702
663.874 23039.839
664.166 23024.417
664.458 22996.392
664.749 22978.983
665.041 22992.506
665.333 22977.991
665.624 22996.375
665.916 22951.757
666.208 22929.378
666.499 22934.167
666.791 22969.091
667.082 22886.545
667.374 22895.086
667.666 22875.610
667.957 22842.195
668.249 22837.315
668.541 22839.771
668.832 22814.511
669.124 22810.414
669.416 22842.393
669.707 22781.393
669.999 22771.578
670.291 22766.440
670.582 22777.789
670.874 22726.337
671.166 22732.247
671.457 22705.063
671.749 22705.061
672.041 22705.756
672.332 22695.873
672.624 22701.210
672.916 22662.594
673.207 22653.987
673.499 22676.481
673.791 22629.438
674.082 22612.538
674.374 22603.796
674.666 22587.858
674.957 22568.072
675.249 22529.148
675.541 22475.254
675.832 22507.695
676.124 22542.744
676.416 22535.270
676.707 22461.120
676.999 22466.128
677.291 22450.998
677.582 22411.839
677.874 22384.111
678.166 22411.658
678.457 22383.253
678.749 22399.380
679.040 22350.336
679.332 22332.506
679.624 22310.596
679.915 22324.066
680.207 22286.906
680.499 22266.640
680.790 22264.134
681.082 22227.584
681.374 22195.293
681.665 22205.663
681.957 22130.381
682.249 22160.044
682.540 22137.779
682.832 22072.464
683.124 22089.027
683.415 22030.803
683.707 22046.217
683.999 22068.733
684.290 22023.719
684.582 22042.160
684.874 21985.791
685.165 21961.214
685.457 21960.106
685.749 21933.410
686.040 21853.175
686.332 21862.564
686.624 21843.761
686.915 21807.948
687.207 21784.894
687.499 21765.566
687.790 21753.486
688.082 21736.972
688.374 21693.627
688.665 21670.921
688.957 21665.759
689.249 21626.541
689.540 21564.620
689.832 21573.906
690.124 21539.373
690.415 21489.784
690.707 21472.708
690.998 21429.863
691.290 21387.906
691.582 21396.177
691.873 21346.537
692.165 21309.306
692.457 21346.892
692.748 21265.869
693.040 21241.548
693.332 21196.782
693.623 21198.020
693.915 21150.350
694.207 21103.823
694.498 21076.691
694.790 21028.064
695.082 21020.830
695.373 21002.156
695.665 20958.585
695.957 20878.833
696.248 20868.469
696.540 20890.114
696.836 20821.832
697.133 20762.517
697.429 20724.419
697.725 20714.795
698.021 20682.964
698.318 20667.073
698.614 20554.350
698.910 20559.642
699.207 20542.497
699.503 20472.102
699.799 20461.270
700.095 20406.460
700.392 20390.946
700.688 20325.794
700.984 20244.624
701.281 20242.558
701.577 20227.310
701.873 20187.212
702.169 20165.152
702.466 20094.975
702.762 20050.545
703.058 20002.089
703.355 19990.756
703.651 19958.828
703.947 19889.938
704.243 19844.829
704.540 19808.025
704.836 19757.466
705.132 19734.371
705.428 19689.949
705.725 19633.854
706.021 19572.166
706.317 19529.717
706.614 19528.207
706.910 19448.875
707.206 19396.726
707.502 19361.959
707.799 19327.192
708.095 19290.807
708.391 19218.356
708.688 19194.686
708.984 19162.064
709.280 19072.211
709.576 19052.934
709.873 18997.946
710.169 18955.261
710.465 18899.467
710.762 18858.855
711.058 18797.336
711.354 18754.532
711.650 18698.346
711.947 18648.749
712.243 18589.860
712.539 18548.444
712.836 18505.507
713.132 18436.447
713.428 18430.396
713.724 18365.878
714.021 18298.035
714.317 18266.815
714.613 18215.020
714.910 18150.545
715.206 18098.235
715.502 18076.243
715.798 17961.898
716.095 17964.828
716.391 17902.835
716.687 17823.753
716.984 17808.736
717.280 17728.654
717.576 17669.923
717.872 17683.604
718.169 17601.919
718.465 17514.916
718.761 17501.914
719.058 17425.912
719.354 17386.523
719.650 17351.259
719.946 17315.905
720.243 17244.392
720.539 17208.901
720.835 17149.048
721.131 17103.896
721.428 17054.949
721.724 17007.908
722.020 16949.840
722.317 16904.792
722.613 16849.584
722.909 16819.703
723.205 16786.454
723.502 16754.879
723.798 16714.591
724.094 16665.874
724.391 16611.872
724.687 16588.281
724.983 16539.788
725.279 16430.144
725.576 16413.622
725.872 16360.419
726.168 16317.588
726.465 16284.434
726.761 16229.477
727.057 16151.789
727.353 16089.136
727.650 16112.062
727.946 16051.484
728.242 15972.065
728.539 15938.333
728.835 15890.820
729.131 15801.817
729.427 15789.152
729.724 15721.890
730.020 15650.028
730.316 15615.440
730.613 15574.924
730.909 15519.111
731.205 15458.854
731.501 15404.158
731.798 15367.667
732.094 15318.669
732.390 15229.143
732.687 15184.228
732.983 15136.619
733.279 15094.293
733.575 15011.614
733.872 14968.304
734.168 14938.774
734.464 14878.733
734.761 14808.242
735.057 14738.238
735.353 14695.954
735.649 14666.125
735.946 14614.716
736.242 14527.751
736.538 14496.833
736.835 14424.139
737.131 14342.577
737.427 14297.812
737.723 14232.123
738.020 14231.595
738.316 14134.928
738.612 14083.995
738.909 14093.879
739.205 13985.067
739.501 13937.011
739.797 13844.177
740.094 13807.181
740.390 13762.959
740.686 13688.897
740.982 13672.934
741.279 13603.848
741.575 13581.522
741.871 13507.565
742.168 13439.499
742.464 13397.381
742.760 13296.498
743.056 13300.021
743.353 13258.074
743.649 13191.879
743.945 13147.904
744.242 13113.665
744.538 13058.711
744.834 12956.575
745.130 12925.053
745.427 12893.616
745.723 12819.940
746.019 12793.212
746.316 12740.112
746.612 12733.948
746.908 12635.520
747.204 12568.029
747.501 12513.974
747.797 12494.765
748.093 12438.539
748.390 12367.530
748.686 12331.365
748.982 12262.989
749.278 12222.004
749.575 12186.428
749.871 12147.191
750.167 12099.663
750.464 12052.188
750.760 12008.578
751.056 11941.240
751.352 11892.616
751.649 11834.803
751.945 11777.204
752.241 11750.141
752.538 11703.713
752.834 11653.370
753.130 11601.626
753.426 11569.921
753.723 11526.522
754.019 11439.746
754.315 11399.824
754.611 11356.621
754.908 11329.289
755.204 11273.615
755.500 11199.613
755.797 11165.105
756.093 11117.607
756.389 11047.700
756.685 11010.623
756.982 10941.423
757.278 10895.282
757.574 10865.054
757.871 10798.786
758.167 10751.595
758.463 10713.727
758.759 10618.438
759.056 10609.016
759.352 10542.748
759.648 10516.641
759.945 10454.389
760.241 10445.240
760.537 10368.143
760.833 10302.378
761.130 10264.146
761.426 10212.621
761.722 10139.391
762.019 10113.460
762.315 10029.728
762.611 10011.628
762.907 9945.160
763.204 9906.702
763.500 9863.170
763.802 9810.642
764.104 9772.025
764.406 9713.377
764.708 9678.346
765.010 9607.204
765.312 9568.917
765.615 9538.986
765.917 9508.637
766.219 9420.560
766.521 9378.047
766.823 9357.801
767.125 9274.067
767.427 9270.285
767.729 9212.689
768.031 9174.107
768.333 9123.468
768.635 9072.579
768.937 9024.911
769.239 8988.285
769.542 8898.863
769.844 8892.763
770.146 8824.670
770.448 8812.281
770.750 8774.409
771.052 8716.650
771.354 8672.236
771.656 8611.863
771.958 8548.887
772.260 8523.400
772.562 8467.331
772.864 8438.786
773.166 8392.693
773.468 8364.089
773.771 8320.491
774.073 8235.140
774.375 8222.325
774.677 8180.400
774.979 8109.845
775.281 8073.979
775.583 8044.490
775.885 7997.359
776.187 7951.196
776.489 7915.382
776.791 7857.857
777.093 7814.586
777.395 7774.542
777.698 7756.836
778.000 7691.057
778.302 7656.785
778.604 7634.425
778.906 7580.215
779.208 7526.171
779.510 7483.900
779.812 7443.116
780.114 7403.481
780.416 7350.231
780.718 7338.526
781.020 7286.241
781.322 7252.442
781.625 7194.789
781.927 7132.464
782.229 7111.019
782.531 7065.514
782.833 7043.839
783.135 7022.074
783.437 6958.989
783.739 6913.305
784.041 6882.091
784.343 6842.669
784.645 6793.911
784.947 6742.811
785.249 6731.106
785.552 6683.667
785.854 6632.239
786.156 6579.055
786.458 6543.689
786.760 6521.242
787.062 6465.728
787.364 6425.290
787.666 6391.893
787.968 6357.828
788.270 6306.215
788.572 6264.017
788.874 6228.873
789.176 6179.324
789.478 6149.074
789.781 6130.080
790.083 6118.754
790.385 6056.850
790.687 6016.344
790.989 5982.099
791.291 5961.651
791.593 5902.739
791.895 5899.196
792.197 5854.345
792.499 5814.243
792.801 5766.104
793.103 5751.330
793.405 5720.210
793.708 5678.361
794.010 5634.758
794.312 5594.460
794.614 5556.740
794.916 5532.785
795.218 5480.017
795.520 5466.680
795.822 5422.727
796.124 5369.253
796.426 5349.420
796.728 5320.845
797.030 5289.541
797.332 5242.563
797.635 5190.524
797.937 5166.336
798.239 5146.046
798.541 5102.912
798.843 5071.238
799.145 5037.797
799.447 4999.134
799.749 4968.954
800.051 4922.447
800.353 4896.644
800.655 4864.077
800.957 4838.466
801.259 4794.390
801.562 4766.062
801.864 4739.898
802.166 4689.302
802.468 4672.585
802.770 4635.570
803.072 4607.453
803.374 4584.475
803.676 4536.558
803.978 4532.979
804.280 4507.170
804.582 4459.324
804.884 4424.804
805.186 4372.847
805.488 4349.748
805.791 4341.412
806.093 4290.349
806.395 4284.099
806.697 4251.817
806.999 4211.751
807.301 4196.328
807.603 4173.642
807.905 4140.540
808.207 4101.243
808.509 4091.237
808.811 4047.024
809.113 4012.736
809.415 4005.904
809.718 3977.716
810.020 3954.367
810.322 3913.799
810.624 3893.549
810.926 3874.306
811.228 3827.248
811.530 3801.566
811.834 3785.391
812.139 3762.745
812.443 3729.821
812.748 3715.255
813.052 3686.187
813.357 3658.049
813.661 3624.880
813.966 3611.851
814.270 3577.430
814.574 3552.470
814.879 3541.532
815.183 3518.571
815.488 3493.311
815.792 3472.408
816.097 3443.358
816.401 3403.009
816.706 3391.227
817.010 3376.386
817.314 3345.964
817.619 3333.920
817.923 3315.538
818.228 3293.784
818.532 3256.596
818.837 3238.801
819.141 3216.253
819.445 3205.059
819.750 3187.189
820.054 3155.521
820.359 3124.326
820.663 3111.027
820.968 3096.011
821.272 3064.547
821.577 3037.927
821.881 3033.202
822.185 3013.256
822.490 2981.763
822.794 2961.758
823.099 2946.450
823.403 2930.025
823.708 2904.367
824.012 2891.740
824.317 2867.812
824.621 2844.842
824.925 2818.654
825.230 2799.475
825.534 2780.506
825.839 2765.685
826.143 2753.929
826.448 2734.202
826.752 2713.986
827.057 2705.432
827.361 2689.984
827.665 2662.301
827.970 2646.824
828.274 2622.276
828.579 2611.464
828.883 2585.246
829.188 2583.867
829.492 2558.710
829.796 2544.186
830.101 2532.538
830.405 2508.594
830.710 2482.609
831.014 2466.903
831.319 2464.341
831.623 2442.683
831.928 2429.183
832.232 2408.448
832.536 2409.252
832.841 2382.920
833.145 2372.763
833.450 2348.996
833.754 2344.017
834.059 2337.719
834.363 2300.128
834.668 2280.004
834.972 2264.513
835.276 2247.706
835.581 2236.128
835.885 2250.713
836.190 2227.432
836.494 2207.184
836.799 2197.860
837.103 2183.628
837.407 2156.662
837.712 2159.879
838.016 2145.886
838.321 2118.395
838.625 2107.462
838.930 2109.736
839.234 2092.528
839.539 2078.075
839.843 2064.856
840.147 2064.918
840.452 2035.973
840.756 2011.057
841.061 2012.118
841.365 1996.484
841.670 1984.962
841.974 1976.589
842.279 1971.264
842.583 1953.323
842.887 1944.849
843.192 1930.942
843.496 1911.836
843.801 1918.888
844.105 1900.626
844.410 1887.735
844.714 1895.918
845.019 1879.501
845.323 1854.376
845.627 1844.191
845.932 1834.844
846.236 1823.431
846.541 1813.718
846.845 1806.983
847.150 1819.384
847.454 1805.259
847.758 1801.713
848.063 1785.346
848.367 1772.601
848.672 1760.769
848.976 1750.868
849.281 1738.919
849.585 1730.029
849.890 1732.307
850.194 1722.536
850.498 1706.176
850.803 1695.163
851.107 1688.626
851.412 1675.261
851.716 1679.441
852.021 1661.087
852.325 1650.415
852.630 1641.667
852.934 1633.356
853.238 1615.545
853.543 1624.795
853.847 1601.176
854.152 1606.345
854.456 1602.283
854.761 1575.894
855.065 1566.317
855.370 1566.499
855.674 1561.643
855.978 1560.885
856.283 1534.940
856.587 1538.975
856.892 1531.877
857.196 1518.176
857.501 1514.327
857.805 1503.063
858.109 1501.453
858.414 1493.550
858.718 1499.331
859.023 1469.737
859.327 1467.722
859.632 1465.926
859.936 1457.872
860.241 1459.225
860.545 1439.729
860.849 1447.008
861.154 1442.321
861.458 1428.175
861.763 1425.482
862.067 1430.420
862.372 1420.315
862.676 1413.544
862.981 1397.756
863.285 1386.157
863.589 1394.298
863.894 1380.168
864.198 1375.854
864.503 1382.745
864.807 1372.999
865.112 1372.531
865.416 1368.409
865.721 1357.907
866.025 1348.213
866.329 1349.380
866.634 1354.902
866.938 1349.560
867.243 1339.981
867.547 1339.351
867.852 1339.953
868.156 1337.789
868.460 1321.022
868.765 1321.376
869.069 1332.593
869.374 1327.751
869.678 1309.317
869.983 1312.994
870.287 1312.424
870.592 1318.409
870.896 1313.035
871.200 1296.799
871.505 1302.750
871.809 1294.986
872.114 1293.177
872.418 1287.244
872.723 1290.201
873.027 1285.949
873.332 1283.495
873.636 1288.644
873.940 1280.271
874.245 1269.699
874.549 1269.694
874.854 1277.152
875.158 1266.135
875.463 1272.876
875.767 1272.871
876.072 1263.405
876.376 1264.066
876.680 1248.915
876.985 1240.548
877.289 1247.095
877.594 1251.165
877.898 1255.461
878.203 1235.529
878.507 1238.025
878.811 1236.853
879.116 1233.914
879.420 1227.975
879.725 1211.238
880.029 1218.371
880.334 1213.234
880.638 1215.435
880.943 1218.867
881.247 1217.243
881.551 1207.957
881.856 1204.877
882.160 1187.057
882.465 1199.221
882.769 1195.951
883.074 1195.393
883.378 1188.852
883.683 1181.581
883.987 1186.286
884.291 1195.194
884.596 1180.493
884.900 1187.349
885.205 1182.462
885.509 1184.609
885.814 1197.713
886.118 1207.346
886.423 1202.423
886.727 1204.606
887.031 1205.510
887.336 1210.437
887.640 1215.705
887.945 1221.770
888.249 1215.890
888.554 1224.498
888.858 1225.907
889.162 1232.005
889.467 1231.509
889.771 1255.313
890.076 1235.860
890.380 1232.621
890.685 1244.307
890.989 1236.276
891.294 1235.138
891.598 1242.208
891.902 1237.393
892.207 1246.562
892.511 1251.143
892.816 1251.368
893.120 1253.665
893.425 1265.863
893.729 1246.987
894.034 1246.515
894.338 1249.271
894.642 1250.648
894.947 1250.411
895.251 1239.788
895.556 1247.397
895.860 1246.695
896.165 1250.389
896.469 1246.912
896.774 1254.078
897.078 1249.909
897.382 1243.641
897.687 1245.719
897.991 1259.882
898.296 1255.466
898.600 1245.228
898.905 1253.830
899.209 1250.333
899.513 1241.007
899.818 1251.487
900.122 1253.820
900.427 1242.146
900.731 1240.499
901.036 1247.962
901.340 1247.716
901.645 1242.801
901.949 1236.690
902.253 1254.490
902.558 1255.901
902.862 1250.026
903.167 1239.437
903.471 1241.085
903.776 1243.646
904.080 1238.702
904.385 1235.871
904.689 1241.026
904.993 1249.982
905.298 1239.579
905.602 1245.941
905.907 1237.404
906.211 1231.271
906.516 1236.219
906.820 1242.814
907.125 1243.065
907.429 1226.426
907.733 1233.289
908.038 1228.230
908.342 1231.083
908.647 1225.142
908.951 1231.581
909.256 1229.375
909.560 1235.094
909.864 1230.241
910.169 1227.882
910.473 1221.394
910.778 1223.730
911.082 1218.301
911.387 1223.502
911.691 1226.586
911.996 1230.857
912.300 1220.495
912.609 1220.913
912.918 1221.119
913.227 1211.265
913.537 1212.427
913.846 1216.069
914.155 1212.062
914.464 1219.037
914.773 1210.163
915.082 1215.777
915.391 1209.177
915.700 1207.226
916.010 1200.028
916.319 1205.869
916.628 1202.555
916.937 1200.593
917.246 1209.588
917.555 1190.803
917.864 1192.338
918.174 1200.174
918.483 1202.909
918.792 1201.535
919.101 1195.034
919.410 1190.106
919.719 1198.559
920.028 1203.487
920.337 1208.044
920.647 1204.279
920.956 1191.958
921.265 1190.578
921.574 1198.104
921.883 1188.146
922.192 1180.538
922.501 1192.686
922.811 1190.064
923.120 1189.435
923.429 1188.615
923.738 1184.410
924.047 1191.181
924.356 1192.179
924.665 1184.680
924.974 1179.808
925.284 1186.237
925.593 1180.156
925.902 1177.176
926.211 1181.241
926.520 1181.603
926.829 1177.514
927.138 1174.801
927.448 1180.274
927.757 1182.877
928.066 1171.388
928.375 1172.939
928.684 1173.288
928.993 1182.756
929.302 1169.668
929.611 1170.189
929.921 1160.295
930.230 1166.537
930.539 1168.964
930.848 1149.435
931.157 1160.222
931.466 1166.677
931.775 1176.046
932.085 1151.040
932.394 1170.746
932.703 1157.353
933.012 1165.735
933.321 1149.451
933.630 1144.647
933.939 1158.922
934.248 1177.324
934.558 1155.809
934.867 1161.884
935.176 1157.843
935.485 1161.209
935.794 1157.639
936.103 1170.831
936.412 1169.894
936.721 1177.314
937.031 1175.450
937.340 1182.103
937.649 1182.096
937.958 1192.472
938.267 1191.079
938.576 1191.451
938.885 1210.888
939.195 1210.949
939.504 1218.708
939.813 1214.250
940.122 1219.983
940.431 1237.935
940.740 1240.607
941.049 1245.493
941.359 1226.398
941.668 1240.353
941.977 1242.087
942.286 1246.414
942.595 1243.438
942.904 1236.072
943.213 1231.197
943.522 1227.893
943.832 1228.893
944.141 1222.624
944.450 1233.657
944.759 1209.284
945.068 1210.438
945.377 1219.146
945.686 1208.563
945.995 1213.469
946.305 1202.661
946.614 1212.205
946.923 1197.128
947.232 1198.002
947.541 1191.445
947.850 1191.764
948.159 1160.135
948.469 1158.777
948.778 1171.129
949.087 1168.989
949.396 1151.564
949.705 1149.154
950.014 1128.986
950.323 1135.624
950.632 1125.736
950.942 1129.035
951.251 1126.855
951.560 1105.963
951.869 1085.834
952.178 1100.584
952.487 1102.484
952.796 1090.400
953.106 1080.889
953.415 1066.438
953.724 1063.690
954.033 1072.116
954.342 1048.083
954.651 1040.510
954.960 1041.467
955.269 1030.166
955.579 1019.340
955.888 1020.355
956.197 1037.978
956.506 1015.417
956.815 1003.642
957.124 1014.054
957.433 982.803
957.743 989.806
958.052 985.240
958.361 977.316
958.670 969.480
958.979 970.865
959.288 965.281
959.597 957.754
959.906 947.905
960.216 942.795
960.525 937.352
960.834 933.312
961.143 930.478
961.452 921.123
961.761 920.291
962.070 904.749
962.380 895.559
962.689 901.398
962.998 894.307
963.307 894.962
963.616 895.171
963.925 887.373
964.234 871.632
964.543 875.757
964.853 880.131
965.162 869.843
965.471 863.367
965.780 851.740
966.095 862.011
966.410 851.757
966.725 849.732
967.040 837.611
967.356 835.763
967.671 835.752
967.986 838.742
968.301 831.731
968.616 831.720
968.931 832.709
969.246 832.699
969.561 837.688
969.876 825.677
970.192 834.666
970.507 817.655
970.822 811.645
971.137 819.634
971.452 818.623
971.767 815.612
972.082 816.601
972.397 804.590
972.712 813.579
973.028 804.568
973.343 811.556
973.658 803.545
973.973 805.534
974.288 802.523
974.603 798.512
974.918 796.501
975.233 799.489
975.548 802.478
975.864 796.467
976.179 789.455
976.494 795.444
976.809 785.433
977.124 789.421
977.439 791.410
977.754 786.398
978.069 789.387
978.384 774.375
978.700 769.364
979.015 785.352
979.330 779.340
979.645 773.329
979.960 779.317
980.275 773.305
980.590 770.294
980.905 767.282
981.221 766.270
981.536 755.258
981.851 762.247
982.166 752.235
982.481 755.223
982.796 750.211
983.111 759.199
983.426 758.187
983.741 749.175
984.057 754.163
984.372 741.151
984.687 745.139
985.002 743.127
985.317 741.114
985.632 742.102
985.947 734.090
986.262 733.078
986.577 731.065
986.893 732.053
987.208 730.041
987.523 730.028
987.838 730.016
988.153 728.004
988.468 724.991
988.783 726.979
989.098 723.966
989.413 717.954
989.729 728.941
990.044 719.928
990.359 710.916
990.674 716.903
990.989 717.890
991.304 721.878
991.619 729.865
991.934 722.852
992.249 733.839
992.565 730.826
992.880 727.813
993.195 730.801
993.510 733.788
993.825 729.775
994.140 723.762
994.455 728.749
994.770 717.735
995.085 721.722
995.401 730.709
995.716 726.696
996.031 725.683
996.346 713.670
996.661 713.656
996.976 722.643
997.291 728.630
997.606 718.616
997.921 720.603
998.237 728.589
998.552 726.576
998.867 728.562
999.182 722.549
999.497 734.535
999.812 733.522
1000.127 723.508
1000.442 726.494
1000.757 728.481
1001.073 739.467
1001.388 743.453
1001.703 749.439
1002.018 746.425
1002.333 750.411
1002.648 751.398
1002.963 771.384
1003.278 760.370
1003.593 754.356
1003.909 761.342
1004.224 774.327
1004.539 778.313
1004.854 764.299
1005.169 773.285
1005.484 781.271
1005.799 787.256
1006.114 791.242
1006.429 782.228
1006.745 786.213
1007.060 789.199
1007.375 790.185
1007.690 803.170
1008.005 794.156
1008.320 798.141
1008.635 815.126
1008.950 814.112
1009.265 819.097
1009.581 814.082
1009.896 819.068
1010.211 818.053
1010.526 821.038
1010.841 820.023
1011.156 828.008
1011.471 827.993
1011.786 833.978
1012.102 846.963
1012.417 849.948
1012.732 850.933
1013.047 841.918
1013.362 849.903
1013.677 855.888
1013.992 854.873
1014.307 861.857
1014.622 853.842
1014.938 856.827
1015.253 868.811
1015.568 873.796
1015.883 870.780
1016.198 873.765
1016.513 878.749
1016.828 871.734
1017.143 884.718
1017.458 890.702
1017.774 890.687
1018.089 901.671
1018.404 901.655
1018.719 916.639
1019.034 911.624
1019.349 912.608
1019.664 919.592
1019.979 910.576
1020.294 917.560
1020.610 920.544
1020.925 920.528
1021.240 920.511
1021.555 938.495
1021.870 931.479
1022.185 943.463
1022.500 951.446
1022.815 946.430
1023.130 957.414
1023.446 961.397
1023.761 960.381
1024.076 949.364
1024.391 975.348
1024.706 978.331
1025.021 966.314
1025.336 986.298
1025.651 986.281
1025.966 986.264
1026.282 990.247
1026.597 990.231
1026.912 1007.214
1027.227 1008.197
1027.542 1010.180
1027.857 1018.163
1028.172 1027.146
1028.487 1025.128
1028.802 1044.111
1029.118 1043.094
1029.433 1040.077
1029.748 1046.060
1030.063 1054.042
1030.378 1043.025
1030.693 1052.007
1031.008 1046.990
1031.323 1062.972
1031.638 1066.955
1031.954 1064.937
1032.269 1074.920
1032.584 1076.902
1032.899 1075.884
1033.214 1068.866
1033.529 1080.849
1033.844 1082.831
1034.159 1085.813
1034.474 1090.795
1034.790 1090.777
1035.105 1086.759
1035.420 1099.741
1035.735 1091.722
1036.050 1101.704
1036.365 1092.686
1036.680 1101.668
1036.995 1104.649
1037.310 1106.631
1037.626 1101.612
1037.941 1099.594
1038.256 1110.575
1038.571 1112.557
1038.886 1109.538
1039.201 1101.519
1039.516 1120.501
1039.831 1115.482
1040.146 1127.463
1040.462 1112.444
1040.777 1117.425
1041.092 1116.406
1041.407 1119.387
1041.722 1113.368
1042.037 1119.349
1042.352 1117.330
1042.667 1114.311
1042.982 1114.292
1043.298 1117.272
1043.613 1114.253
1043.928 1121.233
1044.243 1119.214
1044.558 1117.194
1044.873 1115.175
1045.188 1124.155
1045.503 1107.136
1045.819 1121.116
1046.134 1111.096
1046.449 1120.076
1046.764 1120.056
1047.079 1118.036
1047.394 1108.016
1047.709 1103.996
1048.024 1116.976
1048.339 1104.956
1048.655 1109.936
1048.970 1102.916
1049.285 1100.895
1049.600 1112.875
1049.915 1106.855
1050.230 1098.834
1050.545 1098.814
1050.860 1091.793
1051.175 1108.773
1051.491 1106.752
1051.806 1098.731
1052.121 1087.710
1052.436 1086.690
1052.751 1084.669
1053.066 1087.648
1053.381 1089.627
1053.696 1083.606
1054.011 1088.585
1054.327 1078.564
1054.642 1084.542
1054.957 1068.521
1055.272 1079.500
1055.587 1078.478
1055.902 1073.457
1056.217 1066.435
1056.532 1068.414
1056.847 1057.392
1057.163 1063.371
1057.478 1056.349
1057.793 1055.327
1058.108 1035.305
1058.423 1050.283
1058.738 1046.262
1059.053 1050.240
1059.368 1045.218
1059.683 1049.195
1059.999 1054.173
1060.314 1050.151
1060.629 1054.129
1060.944 1050.106
1061.259 1044.084
1061.574 1056.062
1061.889 1043.039
1062.204 1033.016
1062.519 1039.994
1062.835 1040.971
1063.150 1035.948
1063.465 1034.926
1063.780 1035.903
1064.095 1042.880
1064.410 1036.857
1064.725 1035.834
1065.040 1033.811
1065.355 1036.788
1065.671 1031.764
1065.986 1027.741
1066.301 1018.718
1066.616 1038.694
1066.931 1029.671
1067.246 1028.647
1067.561 1029.624
1067.876 1017.600
1068.191 1019.576
1068.507 1014.553
1068.822 1013.529
1069.137 1022.505
1069.452 1025.481
1069.767 1025.457
1070.082 1007.433
1070.397 1014.409
1070.712 1012.384
1071.027 1006.360
1071.343 1009.336
1071.658 1009.311
1071.973 1003.287
1072.288 1013.262
1072.603 1006.238
1072.918 999.213
1073.233 999.188
1073.548 1004.164
1073.863 1003.139
1074.179 995.114
1074.494 998.089
1074.809 1000.064
1075.124 998.039
1075.439 991.014
1075.754 987.988
1076.069 996.963
1076.384 989.938
1076.699 997.912
1077.015 986.887
1077.330 984.861
1077.645 981.836
1077.960 985.810
1078.275 984.784
1078.590 974.758
1078.905 984.733
1079.220 975.707
1079.536 979.681
1079.851 984.654
1080.166 978.628
1080.481 972.602
1080.796 978.576
1081.111 978.549
1081.426 970.523
1081.741 978.497
1082.056 986.470
1082.372 986.443
1082.687 980.417
1083.002 971.390
1083.317 977.363
1083.632 976.336
1083.947 978.309
1084.262 976.282
1084.577 972.255
1084.892 975.228
1085.208 962.201
1085.523 968.173
1085.838 956.146
1086.153 953.118
1086.468 965.091
1086.783 964.063
1087.098 944.036
1087.413 960.008
1087.728 964.980
1088.044 959.952
1088.359 958.924
1088.674 958.896
1088.989 953.868
1089.304 958.840
1089.619 960.812
1089.934 956.783
1090.249 951.755
1090.564 945.727
1090.880 949.698
1091.195 956.669
1091.510 946.641
1091.825 954.612
1092.140 947.583
1092.467 963.554
1092.794 966.525
1093.121 955.496
1093.448 946.467
1093.775 953.438
1094.102 946.409
1094.429 953.379
1094.756 934.350
1095.083 942.321
1095.410 931.291
1095.737 932.261
1096.064 933.232
1096.391 935.202
1096.718 933.172
1097.045 939.142
1097.372 938.112
1097.699 944.082
1098.026 945.052
1098.353 931.022
1098.680 933.991
1099.007 929.961
1099.334 932.931
1099.661 931.900
1099.988 933.869
1100.315 926.839
1100.642 938.808
1100.969 943.777
1101.296 927.746
1101.623 930.715
1101.950 917.684
1102.277 917.653
1102.604 930.622
1102.931 931.591
1103.258 924.559
1103.585 924.528
1103.912 932.496
1104.239 931.465
1104.566 931.433
1104.893 933.401
1105.220 930.369
1105.547 924.337
1105.874 925.305
1106.201 914.273
1106.528 915.241
1106.855 924.209
1107.182 923.177
1107.509 919.144
1107.836 916.112
1108.163 925.079
1108.490 929.047
1108.817 921.014
1109.144 924.981
1109.470 936.948
1109.797 928.915
1110.124 927.882
1110.451 919.849
1110.778 929.816
1111.105 932.783
1111.432 922.750
1111.759 919.716
1112.086 913.683
1112.413 919.649
1112.740 927.615
1113.067 936.582
1113.394 929.548
1113.721 925.514
1114.048 921.480
1114.375 920.446
1114.702 924.412
1115.029 917.378
1115.356 920.343
1115.683 925.309
1116.010 925.274
1116.337 910.240
1116.664 916.205
1116.991 909.171
1117.318 901.136
1117.645 902.101
1117.972 916.066
1118.299 905.031
1118.626 905.996
1118.953 906.961
1119.280 905.925
1119.607 909.890
1119.934 902.855
1120.261 903.819
1120.588 902.783
1120.915 887.748
1121.242 891.712
1121.569 896.676
1121.896 901.640
1122.223 899.604
1122.550 895.568
1122.877 890.532
1123.204 890.496
1123.531 900.459
1123.858 889.423
1124.185 898.387
1124.512 899.350
1124.839 897.313
1125.166 892.277
1125.493 895.240
1125.820 886.203
1126.147 890.166
1126.474 883.129
1126.801 889.092
1127.128 892.054
1127.455 883.017
1127.782 888.980
1128.109 877.942
1128.436 890.905
1128.763 881.867
1129.090 868.829
1129.417 870.791
1129.744 872.753
1130.071 877.715
1130.398 871.677
1130.725 855.639
1131.052 868.601
1131.379 863.563
1131.706 865.524
1132.033 871.486
1132.360 857.447
1132.687 858.409
1133.014 855.370
1133.341 858.331
1133.668 853.292
1133.995 857.253
1134.322 852.214
1134.649 847.175
1134.976 857.136
1135.303 844.097
1135.630 841.057
1135.957 846.018
1136.284 839.978
1136.611 836.939
1136.938 829.899
1137.265 819.859
1137.592 831.819
1137.919 829.779
1138.246 820.739
1138.573 811.699
1138.900 811.659
1139.227 815.619
1139.554 807.578
1139.881 808.538
1140.208 795.498
1140.535 802.457
1140.862 796.416
1141.189 795.376
1141.516 791.335
1141.843 777.294
1142.170 786.253
1142.497 773.212
1142.824 768.171
1143.151 769.129
1143.478 774.088
1143.805 773.047
1144.131 766.005
1144.458 762.964
1144.785 771.922
1145.112 769.880
1145.439 764.839
1145.766 761.797
1146.093 767.755
1146.420 774.713
1146.747 755.671
1147.074 760.629
1147.401 756.586
1147.728 755.544
1148.055 763.502
1148.382 752.459
1148.709 757.417
1149.036 760.374
1149.363 759.331
1149.690 757.289
1150.017 754.246
1150.344 760.203
1150.671 748.160
1150.998 749.117
1151.325 750.074
1151.652 741.030
1151.979 749.987
1152.306 743.944
1152.633 748.900
1152.960 743.857
1153.287 750.813
1153.614 741.769
1153.941 731.726
1154.268 746.682
1154.595 747.638
1154.922 743.594
1155.249 739.550
1155.576 739.506
1155.903 755.462
1156.230 741.418
1156.557 748.373
1156.884 746.329
1157.211 742.284
1157.538 740.240
1157.865 744.195
1158.192 739.151
1158.519 746.106
1158.846 722.061
1159.173 736.016
1159.500 744.971
1159.827 742.927
1160.154 737.881
1160.481 738.836
1160.808 731.791
1161.135 732.746
1161.462 737.701
1161.789 731.655
1162.116 737.610
1162.443 724.564
1162.770 723.519
1163.097 722.473
1163.424 725.428
1163.751 724.382
1164.078 725.336
1164.405 729.290
1164.732 714.244
1165.059 716.198
1165.386 736.152
1165.713 726.106
1166.040 731.060
1166.367 725.014
1166.694 723.967
1167.021 727.921
1167.348 719.875
1167.675 711.828
1168.002 709.782
1168.329 715.735
1168.656 708.689
1168.983 702.642
1169.310 718.595
1169.637 702.549
1169.964 705.502
1170.291 699.455
1170.618 681.408
1170.945 679.361
1171.272 674.314
1171.599 669.267
1171.926 660.220
1172.253 655.173
1172.580 643.125
1172.907 648.078
1173.234 642.031
1173.561 629.984
1173.888 626.936
1174.215 623.889
1174.542 625.841
1174.869 622.794
1175.196 628.746
1175.523 625.699
1175.850 627.651
1176.177 632.603
1176.504 631.556
1176.831 617.508
1177.158 615.460
1177.485 617.412
1177.812 614.364
1178.139 620.317
1178.465 619.269
1178.792 622.221
1179.119 611.173
1179.446 612.125
1179.773 607.077
1180.100 605.028
1180.427 600.980
1180.754 593.932
1181.081 596.884
1181.408 591.836
1181.735 594.788
1182.062 593.739
1182.389 583.691
1182.716 577.643
1183.043 582.595
1183.370 582.546
1183.697 578.498
1184.024 576.449
1184.351 571.401
1184.678 566.353
1185.005 570.304
1185.332 569.256
1185.659 564.207
1185.986 568.159
1186.313 575.110
1186.640 575.062
1186.967 563.013
1187.294 571.965
1187.621 562.916
1187.948 566.868
1188.275 564.819
1188.602 554.770
1188.929 552.722
1189.256 550.673
1189.583 553.625
1189.910 551.576
1190.237 545.528
1190.564 552.479
1190.891 544.430
1191.218 536.382
1191.545 550.333
1191.872 556.285
1192.199 546.236
1192.526 533.188
1192.853 534.139
1193.180 539.090
1193.507 541.042
1193.834 536.993
1194.161 533.945
1194.488 531.896
1194.815 529.848
1195.142 528.799
1195.469 520.751
1195.796 529.702
1196.123 527.654
1196.450 523.606
1196.777 506.557
1197.104 518.509
1197.431 516.461
1197.758 516.412
1198.085 508.364
1198.412 519.316
1198.739 505.267
1199.066 521.219
1199.393 504.171
1199.720 505.123
1200.047 498.075
1200.374 511.027
1200.701 495.979
1201.028 492.931
1201.355 502.883
1201.682 494.835
1202.009 487.787
1202.336 483.739
1202.663 486.691
1202.990 476.644
1203.317 473.596
1203.644 482.548
1203.971 473.501
1204.298 470.453
1204.625 473.406
1204.952 466.358
1205.279 474.311
1205.606 478.263
1205.933 467.216
1206.260 456.169
1206.587 456.122
1206.914 460.075
1207.241 451.028
1207.568 456.981
1207.895 447.934
1208.222 450.887
1208.549 450.840
1208.876 444.793
1209.203 446.747
1209.530 437.700
1209.857 442.654
1210.184 436.607
1210.511 438.561
1210.838 429.515
1211.165 439.469
1211.492 431.423
1211.819 424.377
1212.146 420.331
1212.473 411.285
1212.799 412.239
1213.126 418.193
1213.453 418.148
1213.780 414.102
1214.107 407.057
1214.434 399.012
1214.761 404.967
1215.088 402.922
1215.415 401.877
1215.742 400.832
1216.069 387.787
1216.396 386.742
1216.723 395.698
1217.050 392.653
1217.377 384.609
1217.704 375.565
1218.031 377.521
1218.358 375.477
1218.685 371.433
1219.012 373.389
1219.339 375.345
1219.666 373.302
1219.993 372.259
1220.320 366.215
1220.647 368.172
1220.974 359.129
1221.301 354.086
1221.628 349.044
1221.955 357.001
1222.282 350.959
1222.609 351.916
1222.936 341.874
1223.263 346.832
1223.590 343.790
1223.917 346.748
1224.244 351.707
1224.571 349.665
1224.898 342.624
1225.225 328.583
1225.552 331.542
1225.879 324.501
1226.206 323.460
1226.533 326.420
1226.860 324.379
1227.187 317.339
1227.514 312.299
1227.841 310.259
1228.168 318.219
1228.495 319.180
1228.822 323.140
1229.149 309.101
1229.476 301.062
1229.803 311.023
1230.130 301.984
1230.457 304.946
1230.784 304.908
1231.111 294.869
1231.438 300.831
1231.765 300.794
1232.092 303.756
1232.419 302.719
1232.746 285.681
