168.180 5.446
168.450 44.445
168.720 64.445
168.990 70.445
169.260 71.444
169.530 64.444
169.799 71.444
170.069 66.444
170.339 75.443
170.609 74.443
170.879 68.443
171.149 85.442
171.418 75.442
171.688 69.442
171.958 65.441
172.228 67.441
172.498 69.441
172.768 69.441
173.037 73.440
173.307 66.440
173.577 66.440
173.847 60.439
174.117 67.439
174.387 63.439
174.656 72.439
174.926 68.438
175.196 72.438
175.466 65.438
175.736 75.437
176.006 68.437
176.275 73.437
176.545 70.436
176.815 71.436
177.085 68.436
177.355 67.436
177.625 56.435
177.894 70.435
178.164 70.435
178.434 68.434
178.704 70.434
178.974 67.434
179.244 65.434
179.513 72.433
179.783 77.433
180.053 72.433
180.323 68.432
180.593 67.432
180.863 70.432
181.132 67.431
181.402 66.431
181.672 63.431
181.942 68.431
182.212 61.430
182.482 67.430
182.751 67.430
183.021 70.429
183.291 72.429
183.561 67.429
183.831 67.428
184.101 73.428
184.370 70.428
184.640 79.427
184.910 74.427
185.164 67.427
185.417 80.427
185.671 76.426
185.925 67.426
186.178 72.426
186.432 66.425
186.686 74.425
186.939 73.425
187.193 69.424
187.447 71.424
187.700 76.424
187.954 71.424
188.207 71.423
188.461 80.423
188.715 74.423
188.968 76.422
189.222 74.422
189.476 77.422
189.729 73.421
189.983 67.421
190.237 76.421
190.490 66.420
190.744 68.420
190.998 74.420
191.251 82.420
191.505 69.419
191.759 70.419
192.012 65.419
192.266 68.418
192.520 72.418
192.773 77.418
193.027 73.417
193.281 72.417
193.534 65.417
193.788 71.416
194.042 73.416
194.295 77.416
194.549 76.415
194.802 73.415
195.056 72.415
195.310 74.415
195.563 66.414
195.817 70.414
196.071 69.414
196.324 77.413
196.578 63.413
196.832 72.413
197.085 74.412
197.339 78.412
197.593 78.412
197.846 72.411
198.100 63.411
198.354 67.411
198.607 74.410
198.861 72.410
199.115 73.410
199.368 72.410
199.622 78.409
199.876 76.409
200.129 75.409
200.383 75.408
200.636 73.408
200.890 69.408
201.144 71.407
201.397 72.407
201.651 65.407
201.905 72.406
202.158 67.406
202.412 74.406
202.666 74.405
202.919 70.405
203.173 67.405
203.427 80.404
203.680 78.404
203.934 70.404
204.188 72.403
204.441 72.403
204.695 66.403
204.949 77.402
205.202 79.402
205.456 69.402
205.710 77.402
205.963 67.401
206.217 69.401
206.471 74.401
206.724 69.400
206.978 76.400
207.231 75.400
207.485 84.399
207.739 74.399
207.992 74.399
208.246 64.398
208.500 72.398
208.753 81.398
209.007 74.397
209.261 70.397
209.514 70.397
209.768 70.396
210.022 76.396
210.275 76.396
210.529 78.395
210.783 80.395
211.036 85.395
211.290 68.394
211.544 73.394
211.797 67.394
212.051 67.393
212.305 72.393
212.558 73.393
212.812 72.392
213.065 66.392
213.319 69.392
213.573 80.391
213.826 84.391
214.080 67.391
214.334 69.390
214.587 75.390
214.841 72.390
215.095 77.389
215.348 74.389
215.602 76.389
215.856 75.388
216.109 71.388
216.363 71.388
216.617 77.387
216.870 75.387
217.124 77.387
217.378 72.386
217.631 74.386
217.885 65.386
218.139 72.385
218.392 80.385
218.646 72.385
218.900 72.384
219.153 72.384
219.407 72.384
219.660 69.383
219.914 77.383
220.168 83.383
220.421 77.382
220.675 83.382
220.929 80.382
221.182 75.381
221.436 77.381
221.690 82.381
221.943 77.380
222.197 82.380
222.451 75.380
222.704 85.379
222.958 81.379
223.212 77.379
223.465 74.378
223.719 80.378
223.973 81.378
224.226 73.377
224.480 75.377
224.734 71.376
224.987 81.376
225.241 77.376
225.494 81.375
225.748 79.375
226.002 76.375
226.255 73.374
226.509 76.374
226.763 77.374
227.016 74.373
227.270 80.373
227.524 75.373
227.777 79.372
228.031 80.372
228.285 71.372
228.538 69.371
228.792 77.371
229.046 84.371
229.299 81.370
229.553 79.370
229.807 82.370
230.060 80.369
230.314 79.369
230.568 81.368
230.821 83.368
231.075 83.368
231.329 77.367
231.582 68.367
231.836 75.367
232.089 82.366
232.343 84.366
232.597 80.366
232.850 78.365
233.104 80.365
233.358 77.365
233.611 75.364
233.865 81.364
234.119 79.364
234.372 84.363
234.626 82.363
234.880 86.362
235.133 82.362
235.387 82.362
235.641 83.361
235.894 78.361
236.148 81.361
236.402 86.360
236.655 83.360
236.909 82.360
237.163 79.359
237.416 85.359
237.670 73.359
237.924 83.358
238.177 80.358
238.431 93.357
238.684 86.357
238.938 89.357
239.192 80.356
239.445 89.356
239.699 74.356
239.953 76.355
240.206 76.355
240.460 81.355
240.714 82.354
240.967 76.354
241.221 68.353
241.475 88.353
241.728 86.353
241.982 76.352
242.236 82.352
242.489 81.352
242.743 89.351
242.997 83.351
243.250 77.351
243.504 83.350
243.758 73.350
244.011 82.349
244.265 79.349
244.518 81.349
244.772 90.348
245.026 84.348
245.279 86.348
245.533 87.347
245.787 76.347
246.040 88.347
246.294 86.346
246.548 77.346
246.801 79.345
247.055 78.345
247.309 82.345
247.562 85.344
247.816 84.344
248.070 83.344
248.323 83.343
248.577 82.343
248.831 87.342
249.084 82.342
249.338 84.342
249.592 88.341
249.845 79.341
250.099 83.341
250.353 89.340
250.606 83.340
250.860 84.339
251.113 79.339
251.367 81.339
251.621 85.338
251.874 81.338
252.128 82.338
252.382 84.337
252.635 81.337
252.889 93.336
253.143 84.336
253.396 75.336
253.650 84.335
253.911 90.335
254.172 85.335
254.433 85.334
254.694 88.334
254.955 88.333
255.216 97.333
255.477 96.333
255.738 80.332
255.999 79.332
256.261 91.332
256.522 86.331
256.783 92.331
257.044 94.330
257.305 91.330
257.566 87.330
257.827 85.329
258.088 92.329
258.349 85.328
258.610 91.328
258.871 84.328
259.132 92.327
259.393 92.327
259.654 87.327
259.915 96.326
260.176 96.326
260.437 88.325
260.698 86.325
260.959 85.325
261.221 91.324
261.482 84.324
261.743 92.323
262.004 92.323
262.265 86.323
262.526 88.322
262.787 90.322
263.048 96.321
263.309 92.321
263.570 96.321
263.831 94.320
264.092 94.320
264.353 88.320
264.614 90.319
264.875 94.319
265.136 100.318
265.397 88.318
265.658 90.318
265.919 92.317
266.181 98.317
266.442 96.316
266.703 87.316
266.964 85.316
267.225 100.315
267.486 97.315
267.747 91.314
268.008 93.314
268.269 99.314
268.530 82.313
268.791 93.313
269.052 87.312
269.313 93.312
269.574 103.312
269.835 87.311
270.096 102.311
270.357 92.310
270.618 86.310
270.879 90.310
271.141 87.309
271.402 87.309
271.663 100.308
271.924 101.308
272.185 89.308
272.446 96.307
272.707 93.307
272.968 87.306
273.229 93.306
273.490 90.306
273.751 91.305
274.012 97.305
274.273 95.304
274.534 96.304
274.795 96.304
275.056 94.303
275.317 93.303
275.578 93.302
275.839 93.302
276.101 86.302
276.362 88.301
276.623 96.301
276.884 96.300
277.145 102.300
277.406 92.299
277.667 93.299
277.928 83.299
278.189 97.298
278.450 97.298
278.711 91.297
278.972 94.297
279.233 94.297
279.494 93.296
279.755 96.296
280.016 94.295
280.277 98.295
280.538 88.295
280.799 95.294
281.061 101.294
281.322 96.293
281.583 93.293
281.844 102.292
282.105 101.292
282.366 100.292
282.627 98.291
282.888 95.291
283.149 92.290
283.410 103.290
283.671 95.290
283.932 100.289
284.193 102.289
284.454 94.288
284.715 90.288
284.976 104.287
285.237 92.287
285.498 98.287
285.759 102.286
286.021 99.286
286.282 102.285
286.543 92.285
286.804 102.285
287.065 93.284
287.326 98.284
287.587 95.283
287.848 105.283
288.109 95.282
288.370 103.282
288.631 102.282
288.892 97.281
289.153 102.281
289.414 103.280
289.675 104.280
289.936 101.279
290.197 101.279
290.458 94.279
290.719 98.278
290.981 101.278
291.242 96.277
291.503 100.277
291.764 102.276
292.025 90.276
292.286 102.276
292.547 90.275
292.808 95.275
293.069 101.274
293.330 101.274
293.591 100.273
293.852 95.273
294.113 102.273
294.374 96.272
294.635 98.272
294.896 99.271
295.157 94.271
295.418 98.270
295.679 103.270
295.941 98.270
296.202 97.269
296.463 105.269
296.724 101.268
296.985 100.268
297.246 103.267
297.507 94.267
297.768 104.266
298.029 101.266
298.290 102.266
298.551 103.265
298.812 105.265
299.073 101.264
299.334 103.264
299.595 96.263
299.856 94.263
300.117 101.262
300.378 103.262
300.639 105.262
300.901 113.261
301.162 112.261
301.423 98.260
301.684 103.260
301.945 100.259
302.206 106.259
302.467 110.258
302.728 107.258
302.989 104.258
303.250 104.257
303.511 98.257
303.772 102.256
304.033 103.256
304.294 102.255
304.555 108.255
304.816 107.254
305.077 102.254
305.338 109.254
305.599 101.253
305.861 101.253
306.122 96.252
306.383 105.252
306.644 105.251
306.905 107.251
307.166 106.250
307.427 107.250
307.688 108.249
307.949 112.249
308.210 104.249
308.471 104.248
308.732 103.248
308.993 106.247
309.254 107.247
309.515 114.246
309.776 104.246
310.037 102.245
310.298 109.245
310.559 119.244
310.821 112.244
311.082 111.244
311.343 102.243
311.604 114.243
311.865 104.242
312.126 106.242
312.387 95.241
312.648 107.241
312.909 108.240
313.170 108.240
313.437 107.239
313.704 118.239
313.971 109.238
314.238 115.238
314.504 111.238
314.771 106.237
315.038 105.237
315.305 109.236
315.572 105.236
315.839 105.235
316.106 108.235
316.373 100.234
316.640 110.234
316.906 111.233
317.173 102.233
317.440 105.232
317.707 104.232
317.974 119.231
318.241 106.231
318.508 110.231
318.775 114.230
319.042 113.230
319.308 109.229
319.575 111.229
319.842 100.228
320.109 109.228
320.376 110.227
320.643 121.227
320.910 113.226
321.177 111.226
321.444 112.225
321.710 113.225
321.977 110.224
322.244 110.224
322.511 108.223
322.778 104.223
323.045 110.222
323.312 114.222
323.579 110.222
323.846 115.221
324.112 109.221
324.379 114.220
324.646 109.220
324.913 113.219
325.180 111.219
325.447 115.218
325.714 113.218
325.981 121.217
326.248 110.217
326.514 108.216
326.781 112.216
327.048 116.215
327.315 113.215
327.582 114.214
327.849 108.214
328.116 116.213
328.383 105.213
328.649 114.212
328.916 111.212
329.183 106.211
329.450 116.211
329.717 122.210
329.984 118.210
330.251 117.209
330.518 108.209
330.785 118.208
331.051 119.208
331.318 111.207
331.585 118.207
331.852 125.206
332.119 111.206
332.386 132.205
332.653 133.205
332.920 130.204
333.187 129.204
333.453 127.203
333.720 132.203
333.987 129.203
334.254 121.202
334.521 132.202
334.788 133.201
335.055 133.201
335.322 134.200
335.589 132.200
335.855 137.199
336.122 146.199
336.389 148.198
336.656 160.198
336.923 150.197
337.190 155.197
337.457 159.196
337.724 165.196
337.991 166.195
338.257 171.194
338.524 172.194
338.791 183.193
339.058 191.193
339.325 190.192
339.592 195.192
339.859 197.191
340.126 198.191
340.393 212.190
340.659 213.190
340.926 220.189
341.193 229.189
341.460 230.188
341.727 242.188
341.994 245.187
342.261 262.187
342.528 264.186
342.795 259.186
343.061 270.185
343.328 284.185
343.595 291.184
343.862 299.184
344.129 315.183
344.396 323.183
344.663 323.182
344.930 333.182
345.197 347.181
345.463 365.181
345.730 374.180
345.997 378.180
346.264 394.179
346.531 402.179
346.798 415.178
347.065 427.178
347.332 441.177
347.599 459.177
347.865 471.176
348.132 479.176
348.399 490.175
348.666 506.174
348.933 511.174
349.200 530.173
349.467 538.173
349.734 557.172
350.001 579.172
350.267 586.171
350.534 598.171
350.801 613.170
351.068 631.170
351.335 634.169
351.602 647.169
351.869 662.168
352.136 665.168
352.402 690.167
352.669 712.167
352.936 732.166
353.203 729.166
353.470 748.165
353.737 763.164
354.004 779.164
354.271 792.163
354.538 812.163
354.804 828.162
355.071 836.162
355.338 848.161
355.605 875.161
355.872 885.160
356.139 894.160
356.406 910.159
356.673 940.159
356.940 946.158
357.206 976.857
357.473 999.143
357.740 1012.329
358.007 1043.060
358.274 1053.111
358.541 1074.420
358.808 1094.381
359.075 1118.767
359.342 1133.693
359.608 1151.331
359.875 1168.179
360.142 1206.555
360.409 1221.349
360.676 1254.551
360.943 1261.249
361.210 1287.783
361.477 1299.843
361.744 1334.883
362.010 1352.544
362.277 1369.560
362.544 1386.303
362.811 1413.946
363.078 1427.680
363.345 1457.476
363.612 1473.614
363.879 1503.881
364.146 1522.952
364.412 1543.191
364.679 1574.804
364.946 1589.786
365.213 1620.023
365.480 1642.932
365.748 1640.151
366.017 1672.265
366.285 1701.465
366.553 1697.318
366.822 1736.186
367.090 1740.324
367.358 1757.791
367.627 1795.304
367.895 1800.590
368.164 1827.241
368.432 1826.139
368.700 1861.567
368.969 1902.044
369.237 1907.720
369.505 1915.609
369.774 1934.808
370.042 1962.284
370.310 1966.663
370.579 1981.193
370.847 2020.347
371.115 2024.864
371.384 2031.428
371.652 2051.367
371.921 2076.893
372.189 2073.149
372.457 2096.230
372.726 2117.458
372.994 2119.872
373.262 2150.305
373.531 2144.250
373.799 2157.625
374.067 2167.536
374.336 2190.923
374.604 2208.925
374.872 2233.356
375.141 2236.455
375.409 2241.359
375.678 2259.389
375.946 2283.824
376.214 2282.290
376.483 2302.402
376.751 2308.981
377.019 2317.671
377.288 2347.810
377.556 2353.192
377.824 2374.317
378.093 2385.148
378.361 2393.055
378.629 2406.337
378.898 2439.692
379.166 2456.222
379.435 2470.707
379.703 2486.749
379.971 2510.256
380.240 2532.237
380.508 2552.466
380.776 2566.355
381.045 2565.610
381.313 2608.020
381.581 2600.752
381.850 2641.441
382.118 2678.608
382.386 2694.229
382.655 2694.466
382.923 2720.841
383.192 2766.455
383.460 2789.357
383.728 2803.527
383.997 2834.517
384.265 2862.177
384.533 2891.036
384.802 2919.201
385.070 2947.191
385.338 3002.283
385.607 3015.257
385.875 3008.734
386.143 3069.519
386.412 3104.338
386.680 3118.453
386.948 3140.643
387.217 3192.032
387.485 3217.729
387.754 3255.535
388.022 3266.694
388.290 3307.374
388.559 3356.620
388.827 3404.678
389.095 3417.764
389.364 3448.787
389.632 3473.437
389.900 3529.443
390.169 3540.811
390.437 3609.452
390.705 3613.729
390.974 3666.759
391.242 3711.589
391.511 3747.118
391.779 3775.710
392.047 3816.702
392.316 3847.236
392.584 3915.490
392.852 3923.743
393.121 3960.344
393.389 4019.462
393.657 4065.465
393.926 4115.716
394.194 4157.303
394.462 4169.592
394.731 4210.327
394.999 4274.549
395.268 4321.357
395.536 4357.526
395.804 4389.909
396.073 4441.348
396.341 4481.090
396.609 4515.866
396.878 4568.042
397.146 4620.075
397.414 4665.689
397.683 4714.359
397.951 4758.730
398.219 4815.392
398.488 4879.400
398.756 4896.514
399.025 4985.364
399.293 5003.207
399.561 5035.559
399.830 5104.670
400.098 5169.008
400.366 5208.008
400.635 5256.342
400.903 5305.185
401.171 5336.874
401.440 5409.060
401.708 5457.743
401.976 5504.775
402.245 5526.158
402.513 5624.145
402.782 5674.065
403.050 5709.872
403.318 5752.669
403.587 5845.085
403.855 5879.891
404.123 5916.375
404.392 5986.472
404.660 6024.089
404.934 6078.507
405.207 6130.808
405.481 6186.637
405.754 6243.240
406.028 6301.523
406.301 6362.735
406.575 6411.816
406.848 6449.265
407.122 6490.616
407.395 6554.203
407.669 6608.653
407.942 6662.168
408.216 6744.258
408.489 6745.330
408.763 6815.172
409.036 6880.171
409.310 6920.380
409.583 6968.597
409.857 7037.858
410.130 7113.607
410.404 7136.167
410.677 7174.545
410.951 7256.854
411.224 7298.578
411.498 7342.747
411.771 7407.136
412.045 7419.996
412.318 7495.879
412.592 7542.005
412.865 7589.062
413.139 7638.464
413.412 7728.058
413.686 7753.387
413.959 7812.403
414.233 7872.328
414.506 7914.902
414.780 7985.686
415.053 8030.799
415.327 8071.530
415.600 8144.052
415.874 8191.278
416.147 8230.483
416.421 8283.274
416.694 8365.780
416.968 8431.635
417.241 8495.975
417.515 8505.063
417.788 8582.097
418.062 8615.716
418.335 8680.423
418.609 8753.280
418.882 8813.646
419.156 8801.614
419.429 8870.407
419.703 8948.069
419.976 8995.026
420.250 9039.817
420.524 9133.614
420.797 9149.268
421.071 9204.785
421.344 9257.949
421.618 9310.528
421.891 9339.952
422.165 9433.842
422.438 9464.296
422.712 9547.723
422.985 9557.987
423.259 9589.294
423.532 9654.083
423.806 9717.981
424.079 9799.407
424.353 9857.006
424.626 9856.436
424.900 9893.430
425.173 9952.099
425.447 9994.003
425.720 10031.002
425.994 10096.097
426.267 10147.591
426.541 10175.527
426.814 10182.181
427.088 10247.991
427.361 10348.437
427.635 10352.110
427.908 10401.206
428.182 10423.111
428.455 10482.336
428.729 10495.970
429.002 10554.878
429.276 10632.049
429.549 10684.468
429.823 10700.193
430.096 10719.589
430.370 10751.249
430.643 10816.522
430.917 10836.847
431.190 10871.964
431.464 10910.270
431.737 10944.655
432.011 10999.986
432.284 11046.309
432.558 11057.271
432.831 11112.660
433.105 11124.232
433.378 11175.862
433.652 11212.620
433.925 11277.536
434.199 11296.573
434.472 11318.661
434.746 11393.979
435.019 11471.450
435.293 11496.488
435.566 11521.889
435.840 11531.257
436.119 11576.937
436.398 11636.519
436.677 11637.598
436.956 11681.161
437.235 11703.530
437.514 11705.681
437.793 11726.349
438.073 11788.565
438.352 11824.308
438.631 11834.283
438.910 11912.799
439.189 11918.913
439.468 11957.934
439.747 12017.528
440.026 12044.844
440.305 12099.477
440.584 12109.780
440.863 12159.497
441.142 12222.726
441.421 12263.581
441.700 12295.394
441.979 12327.146
442.258 12348.166
442.538 12432.418
442.817 12426.729
443.096 12483.954
443.375 12504.803
443.654 12559.608
443.933 12552.383
444.212 12669.868
444.491 12666.945
444.770 12740.947
445.049 12787.477
445.328 12839.796
445.607 12851.514
445.886 12930.411
446.165 12927.614
446.444 12999.949
446.723 13038.221
447.003 13048.034
447.282 13057.903
447.561 13134.656
447.840 13208.237
448.119 13255.873
448.398 13294.701
448.677 13373.329
448.956 13368.989
449.235 13435.762
449.514 13458.564
449.793 13522.893
450.072 13575.514
450.351 13613.779
450.630 13620.177
450.909 13706.763
451.188 13779.955
451.468 13821.326
451.747 13857.509
452.026 13900.842
452.305 13942.239
452.584 13982.706
452.863 14061.921
453.142 14079.036
453.421 14107.761
453.700 14202.781
453.979 14251.710
454.258 14316.252
454.537 14386.427
454.816 14447.669
455.095 14484.554
455.374 14498.897
455.653 14607.320
455.933 14649.817
456.212 14724.482
456.491 14766.619
456.770 14831.367
457.049 14897.036
457.328 14911.529
457.607 14995.795
457.886 15092.507
458.165 15102.688
458.444 15191.468
458.723 15270.488
459.002 15331.874
459.281 15383.894
459.560 15481.924
459.839 15554.323
460.119 15641.592
460.398 15699.394
460.677 15751.701
460.956 15848.266
461.235 15937.533
461.514 16005.017
461.793 16087.748
462.072 16198.470
462.351 16242.759
462.630 16337.987
462.909 16450.002
463.188 16546.743
463.467 16644.502
463.746 16702.436
464.025 16789.959
464.304 16890.363
464.584 16938.218
464.863 17059.492
465.142 17172.622
465.421 17267.301
465.700 17383.732
465.979 17450.044
466.258 17587.417
466.537 17705.833
466.816 17751.144
467.095 17859.328
467.374 17954.754
467.653 18074.037
467.932 18173.061
468.211 18280.887
468.490 18386.272
468.769 18504.885
469.049 18616.501
469.328 18729.884
469.607 18857.883
469.886 18962.882
470.165 19069.881
470.444 19205.086
470.723 19332.545
471.002 19432.175
471.281 19522.400
471.560 19627.505
471.839 19724.325
472.118 19863.466
472.397 19975.802
472.676 20106.299
472.955 20263.454
473.234 20380.153
473.514 20454.599
473.793 20599.668
474.072 20655.458
474.351 20827.315
474.630 20914.008
474.909 21033.233
475.188 21125.244
475.467 21263.022
475.746 21345.354
476.025 21469.436
476.304 21600.470
476.583 21704.128
476.862 21857.293
477.141 21964.180
477.420 22099.038
477.699 22176.386
477.979 22259.303
478.258 22408.247
478.537 22511.647
478.816 22619.339
479.095 22756.524
479.374 22866.242
479.653 22928.788
479.932 23047.173
480.211 23164.795
480.490 23284.675
480.769 23418.233
481.048 23504.497
481.327 23620.318
481.606 23708.951
481.885 23846.472
482.165 23932.482
482.444 24046.519
482.723 24155.601
483.002 24227.251
483.281 24429.596
483.560 24495.676
483.839 24604.412
484.118 24694.942
484.397 24809.603
484.676 24880.164
484.955 24984.221
485.234 25110.245
485.513 25221.703
485.792 25346.702
486.071 25361.197
486.350 25552.950
486.630 25625.604
486.909 25722.277
487.188 25792.139
487.467 25934.333
487.746 25952.153
488.025 26091.107
488.304 26156.296
488.583 26284.793
488.862 26358.660
489.141 26463.585
489.420 26574.790
489.699 26639.278
489.978 26698.784
490.257 26860.639
490.536 26939.114
490.815 27059.545
491.095 27136.503
491.374 27249.554
491.653 27274.401
491.932 27429.994
492.211 27564.937
492.490 27594.900
492.769 27703.587
493.048 27778.378
493.327 27833.819
493.606 28030.386
493.885 28040.496
494.164 28157.484
494.443 28203.864
494.722 28360.208
495.001 28419.255
495.280 28622.519
495.560 28618.607
495.839 28743.986
496.118 28781.837
496.397 28895.863
496.676 28993.749
496.955 29088.417
497.234 29214.297
497.513 29284.790
497.792 29357.943
498.071 29458.546
498.350 29568.203
498.629 29622.528
498.908 29747.275
499.187 29775.669
499.466 29905.316
499.745 29975.667
500.025 30124.535
500.304 30156.570
500.583 30235.729
500.862 30391.526
501.141 30444.899
501.420 30470.607
501.699 30519.379
501.978 30629.820
502.257 30732.911
502.536 30798.165
502.815 30854.616
503.094 31033.109
503.373 31083.613
503.652 31158.359
503.931 31217.164
504.211 31332.091
504.490 31399.973
504.769 31429.931
505.048 31567.719
505.327 31608.286
505.606 31674.893
505.885 31746.716
506.164 31823.951
506.443 31883.791
506.722 31962.083
507.001 32074.174
507.280 32086.405
507.559 32211.198
507.838 32294.536
508.117 32327.288
508.396 32381.926
508.676 32475.650
508.955 32515.121
509.234 32602.420
509.513 32665.391
509.792 32658.210
510.071 32748.466
510.350 32842.662
510.629 32902.209
510.908 32890.001
511.187 33001.795
511.466 33032.530
511.745 33128.972
512.024 33246.147
512.303 33242.320
512.582 33248.206
512.861 33360.679
513.141 33448.155
513.420 33504.839
513.699 33432.087
513.978 33556.196
514.257 33626.388
514.536 33623.467
514.815 33671.466
515.094 33727.742
515.373 33756.544
515.652 33816.450
515.931 33881.020
516.210 33937.420
516.489 33922.654
516.768 34008.722
517.047 34113.616
517.326 34074.357
517.606 34166.727
517.885 34165.403
518.164 34249.480
518.443 34294.485
518.722 34357.434
519.001 34398.148
519.280 34453.466
519.559 34498.250
519.838 34513.450
520.117 34581.507
520.396 34614.582
520.675 34693.082
520.954 34685.883
521.233 34704.975
521.512 34774.260
521.791 34847.294
522.071 34910.573
522.350 35002.626
522.629 35016.160
522.908 35022.862
523.187 35127.131
523.466 35160.603
523.745 35195.097
524.024 35213.933
524.303 35264.590
524.582 35302.397
524.861 35409.110
525.140 35427.874
525.419 35436.615
525.698 35472.040
525.977 35526.880
526.257 35554.949
526.536 35630.186
526.815 35651.469
527.094 35688.872
527.373 35733.104
527.652 35815.471
527.931 35856.442
528.210 35908.623
528.489 35909.657
528.768 35946.623
529.047 36051.835
529.326 36109.654
529.605 36106.708
529.884 36137.826
530.163 36231.706
530.442 36268.637
530.722 36240.946
531.001 36337.764
531.280 36349.742
531.559 36312.548
531.838 36423.133
532.117 36513.410
532.396 36524.762
532.675 36484.567
532.954 36619.367
533.233 36627.528
533.512 36640.179
533.791 36687.481
534.070 36709.240
534.349 36780.726
534.628 36786.614
534.907 36856.553
535.187 36896.363
535.466 36919.982
535.745 36978.805
536.024 36993.035
536.303 37014.870
536.582 37053.857
536.861 37105.286
537.140 37131.927
537.419 37133.004
537.698 37253.485
537.977 37206.532
538.256 37266.842
538.535 37296.421
538.814 37332.998
539.093 37309.119
539.372 37323.754
539.652 37381.844
539.931 37370.349
540.210 37477.584
540.489 37498.697
540.768 37505.413
541.047 37554.889
541.326 37563.114
541.605 37594.272
541.884 37603.497
542.163 37705.814
542.442 37622.725
542.721 37700.032
543.000 37715.445
543.279 37677.872
543.558 37710.626
543.837 37768.205
544.117 37784.389
544.396 37827.658
544.675 37797.901
544.954 37838.284
545.233 37854.568
545.512 37846.830
545.791 37873.908
546.070 37832.321
546.351 37829.418
546.632 37823.615
546.912 37822.646
547.193 37870.876
547.474 37908.629
547.755 37901.757
548.036 37821.847
548.317 37879.584
548.597 37895.072
548.878 37831.343
549.159 37855.520
549.440 37909.590
549.721 37908.709
550.001 37876.793
550.282 37934.819
550.563 37883.673
550.844 37902.996
551.125 37953.191
551.406 37932.045
551.686 37914.586
551.967 37926.322
552.248 37876.295
552.529 37923.427
552.810 37911.854
553.090 37932.234
553.371 37897.486
553.652 37938.969
553.933 37940.893
554.214 37930.439
554.495 37908.343
554.775 37894.894
555.056 37894.892
555.337 37915.064
555.618 37900.654
555.899 37929.471
556.179 37892.006
556.460 37982.286
556.741 38011.142
557.022 37928.506
557.303 37906.321
557.584 37890.725
557.864 37911.834
558.145 37869.402
558.426 37947.359
558.707 37945.371
558.988 37969.512
559.268 37953.992
559.549 37964.557
559.830 37875.183
560.111 37856.298
560.392 37861.741
560.673 37901.335
560.953 37958.227
561.234 38032.171
561.515 38023.300
561.796 37942.191
562.077 37866.885
562.357 37839.675
562.638 37884.896
562.919 37878.671
563.200 37950.400
563.481 37951.304
563.762 37993.514
564.042 37901.050
564.323 37873.036
564.604 37821.651
564.885 37777.205
565.166 37815.061
565.446 37803.773
565.727 37866.200
566.008 37819.916
566.289 37784.597
566.570 37760.860
566.851 37832.021
567.131 37784.020
567.412 37768.139
567.693 37695.310
567.974 37667.867
568.255 37637.439
568.535 37619.384
568.816 37607.740
569.097 37626.027
569.378 37597.717
569.659 37559.198
569.940 37568.224
570.220 37529.105
570.501 37615.595
570.782 37504.028
571.063 37442.399
571.344 37484.968
571.624 37401.314
571.905 37359.589
572.186 37400.711
572.467 37330.831
572.748 37328.147
573.029 37353.627
573.309 37380.789
573.590 37342.903
573.871 37299.297
574.152 37305.332
574.433 37235.915
574.713 37255.542
574.994 37145.369
575.275 37187.999
575.556 37080.980
575.837 37064.005
576.118 37103.318
576.398 37030.767
576.679 37003.521
576.960 36987.361
577.252 36992.410
577.543 36984.328
577.835 36910.590
578.127 36894.427
578.418 36834.829
578.710 36778.038
579.002 36682.302
579.293 36654.017
579.585 36765.189
579.877 36713.172
580.168 36643.120
580.460 36557.390
580.752 36581.354
581.043 36513.716
581.335 36477.541
581.627 36400.068
581.918 36427.879
582.210 36327.673
582.502 36237.692
582.793 36246.627
583.085 36224.292
583.376 36139.075
583.668 36177.791
583.960 36087.158
584.251 36109.974
584.543 36052.175
584.835 35941.523
585.126 35898.913
585.418 35890.508
585.710 35799.012
586.001 35748.128
586.293 35711.182
586.585 35673.039
586.876 35596.496
587.168 35473.321
587.460 35495.749
587.751 35426.638
588.043 35415.989
588.335 35403.820
588.626 35270.415
588.918 35239.152
589.210 35142.560
589.501 35123.742
589.793 35077.457
590.085 35104.047
590.376 34959.225
590.668 34949.603
590.960 34877.438
591.251 34869.875
591.543 34773.271
591.835 34775.979
592.126 34688.412
592.418 34612.385
592.710 34554.339
593.001 34515.400
593.293 34429.319
593.585 34410.066
593.876 34321.294
594.168 34300.224
594.460 34207.296
594.751 34130.124
595.043 34034.769
595.334 33991.849
595.626 33975.727
595.918 33853.277
596.209 33848.654
596.501 33761.718
596.793 33773.056
597.084 33568.167
597.376 33540.790
597.668 33464.362
597.959 33445.464
598.251 33315.812
598.543 33279.212
598.834 33158.480
599.126 33084.376
599.418 33046.699
599.709 32999.334
600.001 32900.302
600.293 32882.952
600.584 32799.976
600.876 32720.233
601.168 32668.508
601.459 32615.704
601.751 32550.563
602.043 32479.364
602.334 32393.063
602.626 32269.503
602.918 32235.309
603.209 32184.661
603.501 32186.814
603.793 32047.856
604.084 31987.471
604.376 31887.483
604.668 31810.062
604.959 31783.179
605.251 31659.887
605.543 31591.778
605.834 31525.620
606.126 31465.968
606.418 31409.612
606.709 31310.792
607.001 31211.745
607.292 31189.414
607.584 31108.854
607.876 30998.219
608.167 30902.830
608.459 30852.295
608.751 30758.391
609.042 30663.100
609.334 30692.007
609.626 30609.982
609.917 30476.341
610.209 30436.852
610.501 30399.497
610.792 30345.764
611.084 30343.265
611.376 30236.263
611.667 30133.958
611.959 30040.551
612.251 29992.953
612.542 29925.676
612.834 29831.569
613.126 29684.045
613.417 29664.218
613.709 29577.087
614.001 29539.101
614.292 29419.042
614.584 29400.315
614.876 29326.489
615.167 29284.135
615.459 29186.730
615.751 29094.054
616.042 29058.652
616.334 28971.241
616.626 28936.360
616.917 28896.708
617.209 28786.006
617.501 28771.802
617.792 28701.175
618.084 28677.450
618.376 28568.486
618.667 28559.967
618.959 28469.546
619.250 28451.103
619.542 28348.523
619.834 28317.747
620.125 28250.512
620.417 28218.080
620.709 28151.283
621.000 28107.719
621.292 28049.586
621.584 27966.445
621.875 27919.100
622.167 27873.688
622.459 27782.865
622.750 27711.645
623.042 27613.780
623.334 27601.218
623.625 27557.311
623.917 27476.578
624.209 27426.747
624.500 27336.803
624.792 27305.478
625.084 27274.468
625.375 27223.327
625.667 27166.260
625.959 27066.259
626.250 27017.731
626.542 26940.898
626.834 26891.180
627.125 26815.844
627.417 26793.404
627.709 26720.662
628.000 26632.684
628.292 26601.600
628.584 26550.228
628.875 26494.829
629.167 26432.445
629.459 26396.877
629.750 26297.466
630.042 26244.556
630.334 26155.884
630.625 26169.190
630.917 26116.059
631.208 26045.760
631.500 25938.828
631.792 25904.786
632.083 25882.915
632.375 25793.039
632.667 25751.706
632.958 25688.208
633.250 25658.865
633.542 25604.016
633.833 25552.968
634.125 25472.033
634.417 25395.971
634.708 25351.360
635.000 25279.996
635.292 25206.465
635.583 25208.486
635.875 25193.513
636.167 25133.525
636.458 25104.335
636.750 25058.714
637.042 24974.055
637.333 24930.906
637.625 24879.060
637.917 24843.648
638.208 24798.187
638.500 24737.538
638.792 24704.718
639.083 24631.438
639.375 24602.128
639.667 24557.238
639.958 24529.803
640.250 24446.969
640.542 24444.710
640.833 24416.662
641.125 24297.192
641.417 24338.876
641.708 24319.883
642.000 24290.043
642.292 24231.565
642.583 24202.579
642.875 24183.147
643.166 24146.185
643.458 24159.839
643.750 24114.949
644.041 24068.524
644.333 24063.725
644.625 24038.803
644.916 24069.980
645.208 24024.000
645.500 23982.692
645.791 24024.892
646.083 23962.574
646.375 23944.258
646.666 23946.087
646.958 23912.203
647.250 23926.853
647.541 23895.621
647.833 23840.770
648.125 23819.375
648.416 23806.529
648.708 23799.738
649.000 23788.707
649.291 23736.073
649.583 23743.195
649.875 23753.790
650.166 23705.546
650.458 23710.550
650.750 23725.095
651.041 23707.230
651.333 23634.939
651.625 23645.401
651.916 23612.182
652.208 23601.206
652.500 23584.428
652.791 23559.374
653.083 23515.940
653.375 23526.249
653.666 23514.579
653.958 23506.169
654.250 23486.943
654.541 23421.670
654.833 23454.960
655.124 23374.016
655.416 23349.037
655.708 23388.747
655.999 23367.990
656.291 23344.729
656.583 23361.121
656.874 23357.068
657.166 23317.294
657.458 23290.380
657.749 23286.583
658.041 23245.068
658.333 23247.436
658.624 23232.432
658.916 23232.430
659.208 23202.144
659.499 23209.015
659.791 23201.379
660.083 23187.243
660.374 23163.520
660.666 23209.608
660.958 23160.956
661.249 23087.116
661.541 23109.333
661.833 23094.950
662.124 23081.682
662.416 23116.374
662.708 23117.446
662.999 23079.908
663.291 23054.935
663.583 23050.213
663.874 23049.246
664.166 23026.104
664.458 22999.048
664.749 23000.013
665.041 23019.391
665.333 22957.415
665.624 22969.939
665.916 22937.930
666.208 22907.771
666.499 22917.397
666.791 22945.472
667.082 22856.169
667.374 22846.150
667.666 22867.570
667.957 22857.553
668.249 22849.746
668.541 22866.916
668.832 22848.471
669.124 22809.182
669.416 22830.375
669.707 22785.064
669.999 22765.435
670.291 22780.920
670.582 22772.613
670.874 22733.963
671.166 22721.153
671.457 22718.626
671.749 22735.406
672.041 22691.664
672.332 22701.544
672.624 22695.010
672.916 22685.107
673.207 22666.623
673.499 22646.429
673.791 22650.052
674.082 22607.307
674.374 22566.682
674.666 22564.688
674.957 22552.839
675.249 22530.881
675.541 22520.899
675.832 22558.380
676.124 22495.432
676.416 22498.932
676.707 22467.868
676.999 22417.766
677.291 22460.771
677.582 22423.621
677.874 22398.919
678.166 22418.433
678.457 22412.218
678.749 22356.772
679.040 22320.803
679.332 22363.549
679.624 22340.659
679.915 22322.783
680.207 22287.647
680.499 22284.605
680.790 22288.227
681.082 22260.814
681.374 22221.442
681.665 22218.614
681.957 22193.179
682.249 22160.787
682.540 22145.658
682.832 22104.775
683.124 22110.201
683.415 22069.341
683.707 22088.928
683.999 22051.055
684.290 22013.195
684.582 22035.734
684.874 21977.307
685.165 21926.098
685.457 21921.837
685.749 21886.928
686.040 21889.893
686.332 21837.642
686.624 21812.614
686.915 21787.111
687.207 21784.611
687.499 21773.513
687.790 21760.426
688.082 21737.720
688.374 21672.702
688.665 21651.028
688.957 21637.610
689.249 21655.151
689.540 21600.454
689.832 21607.675
690.124 21504.995
690.415 21521.522
690.707 21506.547
690.998 21461.600
691.290 21392.788
691.582 21417.605
691.873 21343.146
692.165 21311.086
692.457 21295.877
692.748 21257.307
693.040 21263.019
693.332 21216.160
693.623 21178.040
693.915 21159.385
694.207 21133.614
694.498 21095.033
694.790 21013.264
695.082 20984.230
695.373 20978.004
695.665 20972.815
695.957 20910.664
696.248 20881.646
696.540 20824.467
696.836 20794.595
697.133 20740.438
697.429 20725.160
697.725 20715.537
698.021 20678.523
698.318 20661.590
698.614 20576.805
698.910 20580.071
699.207 20519.427
699.503 20528.741
699.799 20490.963
700.095 20396.855
700.392 20378.239
700.688 20378.236
700.984 20268.062
701.281 20213.364
701.577 20211.516
701.873 20198.289
702.169 20175.173
702.466 20097.772
702.762 20044.060
703.058 20010.037
703.355 19980.158
703.651 19942.051
703.947 19870.092
704.243 19851.723
704.540 19809.779
704.836 19801.359
705.132 19729.969
705.428 19676.301
705.725 19627.400
706.021 19561.630
706.317 19566.301
706.614 19541.239
706.910 19493.564
707.206 19419.942
707.502 19413.804
707.799 19327.912
708.095 19277.241
708.391 19201.728
708.688 19190.307
708.984 19151.569
709.280 19119.722
709.576 19074.016
709.873 18980.367
710.169 18943.780
710.465 18892.058
710.762 18833.172
711.058 18821.349
711.354 18748.143
711.650 18701.080
711.947 18659.579
712.243 18614.810
712.539 18546.121
712.836 18501.168
713.132 18407.918
713.428 18439.166
713.724 18364.566
714.021 18313.844
714.317 18292.694
714.613 18203.661
714.910 18108.072
715.206 18085.895
715.502 18067.907
715.798 17984.617
716.095 17927.412
716.391 17888.516
716.687 17812.437
716.984 17779.402
717.280 17742.362
717.576 17676.618
717.872 17648.263
718.169 17620.612
718.465 17549.610
718.761 17476.607
719.058 17447.605
719.354 17371.231
719.650 17361.962
719.946 17330.597
720.243 17270.135
720.539 17210.592
720.835 17147.737
721.131 17047.587
721.428 17050.635
721.724 17018.619
722.020 16939.519
722.317 16920.497
722.613 16870.315
722.909 16807.379
723.205 16801.171
723.502 16726.567
723.798 16694.258
724.094 16652.561
724.391 16622.559
724.687 16533.023
724.983 16495.562
725.279 16447.760
725.576 16410.317
725.872 16380.026
726.168 16331.218
726.465 16293.075
726.761 16208.288
727.057 16155.447
727.353 16083.862
727.650 16057.130
727.946 16018.398
728.242 15999.528
728.539 15934.050
728.835 15877.621
729.131 15839.125
729.427 15766.087
729.724 15692.889
730.020 15645.759
730.316 15625.006
730.613 15559.786
730.909 15526.707
731.205 15451.627
731.501 15395.952
731.798 15342.695
732.094 15320.325
732.390 15241.621
732.687 15195.744
732.983 15116.616
733.279 15082.164
733.575 15032.949
733.872 14972.907
734.168 14933.534
734.464 14861.681
734.761 14817.746
735.057 14767.416
735.353 14699.567
735.649 14652.024
735.946 14591.802
736.242 14506.822
736.538 14480.794
736.835 14396.312
737.131 14345.194
737.427 14308.275
737.723 14264.154
738.020 14250.918
738.316 14136.564
738.612 14091.507
738.909 14049.437
739.205 13976.908
739.501 13977.863
739.797 13857.552
740.094 13808.812
740.390 13753.828
740.686 13695.415
740.982 13670.652
741.279 13582.017
741.575 13570.422
741.871 13482.777
742.168 13447.987
742.464 13390.198
742.760 13347.100
743.056 13308.524
743.353 13236.133
743.649 13192.530
743.945 13136.779
744.242 13110.388
744.538 13051.497
744.834 12980.754
745.130 12934.544
745.427 12884.443
745.723 12821.572
746.019 12806.644
746.316 12728.962
746.612 12709.007
746.908 12610.579
747.204 12553.929
747.501 12550.091
747.797 12470.807
748.093 12440.174
748.390 12399.738
748.686 12329.053
748.982 12257.720
749.278 12248.345
749.575 12211.781
749.871 12144.870
750.167 12099.323
750.464 12055.811
750.760 11969.584
751.056 11915.155
751.352 11909.122
751.649 11816.585
751.945 11793.742
752.241 11769.677
752.538 11700.389
752.834 11658.994
753.130 11605.260
753.426 11555.616
753.723 11508.247
754.019 11437.402
754.315 11392.489
754.611 11336.271
754.908 11294.973
755.204 11290.264
755.500 11197.261
755.797 11188.825
756.093 11137.255
756.389 11075.403
756.685 11026.302
756.982 10983.196
757.278 10916.994
757.574 10864.699
757.871 10816.503
758.167 10735.174
758.463 10743.461
758.759 10647.169
759.056 10596.611
759.352 10536.366
759.648 10495.199
759.945 10448.007
760.241 10425.766
760.537 10357.712
760.833 10300.005
761.130 10253.724
761.426 10204.220
761.722 10136.012
762.019 10095.960
762.315 10039.426
762.611 10002.201
762.907 9919.620
763.204 9902.300
763.500 9861.794
763.802 9793.104
764.104 9749.413
764.406 9726.154
764.708 9689.122
765.010 9605.824
765.312 9583.746
765.615 9534.569
765.917 9477.840
766.219 9451.566
766.521 9380.712
766.823 9361.478
767.125 9286.867
767.427 9259.771
767.729 9202.163
768.031 9169.673
768.333 9105.817
768.635 9063.067
768.937 9034.708
769.239 8987.909
769.542 8927.958
769.844 8889.337
770.146 8811.082
770.448 8776.298
770.750 8748.572
771.052 8718.305
771.354 8652.488
771.656 8604.362
771.958 8578.067
772.260 8529.134
772.562 8477.143
772.864 8445.539
773.166 8405.588
773.468 8349.405
773.771 8312.949
774.073 8261.286
774.375 8234.210
774.677 8177.969
774.979 8129.908
775.281 8069.506
775.583 8026.684
775.885 7999.017
776.187 7964.140
776.489 7919.091
776.791 7876.953
777.093 7821.382
777.395 7800.844
777.698 7751.304
778.000 7691.691
778.302 7651.247
778.604 7624.751
778.906 7578.790
779.208 7542.270
779.510 7489.689
779.812 7447.879
780.114 7411.331
780.416 7374.600
780.718 7329.880
781.020 7287.905
781.322 7247.910
781.625 7208.866
781.927 7161.991
782.229 7125.094
782.531 7091.998
782.833 7044.471
783.135 6998.920
783.437 6955.483
783.739 6936.734
784.041 6887.909
784.343 6830.851
784.645 6790.391
784.947 6760.056
785.249 6703.669
785.552 6672.840
785.854 6638.084
786.156 6581.772
786.458 6550.591
786.760 6521.874
787.062 6469.505
787.364 6433.268
787.666 6398.843
787.968 6368.977
788.270 6322.672
788.572 6256.213
788.874 6247.498
789.176 6202.206
789.478 6167.777
789.781 6145.611
790.083 6111.922
790.385 6052.153
790.687 6020.196
790.989 5964.556
791.291 5951.562
791.593 5922.671
791.895 5909.514
792.197 5858.202
792.499 5810.581
792.801 5800.040
793.103 5733.727
793.405 5716.555
793.708 5680.070
794.010 5642.896
794.312 5591.882
794.614 5533.917
794.916 5514.205
795.218 5483.837
795.520 5451.334
795.822 5427.599
796.124 5376.240
796.426 5346.869
796.728 5317.235
797.030 5274.322
797.332 5233.698
797.635 5189.038
797.937 5181.673
798.239 5164.499
798.541 5111.911
798.843 5067.669
799.145 5060.351
799.447 5009.116
799.749 4978.926
800.051 4941.703
800.353 4908.633
800.655 4854.367
800.957 4822.587
801.259 4782.642
801.562 4767.684
801.864 4736.393
802.166 4708.298
802.468 4690.522
802.770 4640.232
803.072 4609.058
803.374 4589.126
803.676 4558.397
803.978 4539.628
804.280 4480.532
804.582 4464.938
804.884 4426.385
805.186 4398.472
805.488 4368.303
805.791 4335.995
806.093 4314.775
806.395 4263.812
806.697 4238.508
806.999 4211.326
807.301 4202.807
807.603 4172.231
807.905 4137.169
808.207 4122.430
808.509 4079.049
808.811 4061.278
809.113 4024.021
809.415 4004.505
809.718 3973.411
810.020 3949.086
810.322 3925.005
810.624 3877.639
810.926 3873.884
811.228 3826.827
811.530 3806.925
811.834 3778.233
812.139 3759.442
812.443 3738.053
812.748 3702.369
813.052 3692.482
813.357 3670.079
813.661 3621.587
813.966 3598.044
814.270 3587.523
814.574 3565.406
814.879 3539.199
815.183 3521.960
815.488 3479.554
815.792 3470.084
816.097 3436.274
816.401 3413.992
816.706 3390.802
817.010 3370.257
817.314 3349.340
817.619 3323.027
817.923 3311.309
818.228 3266.818
818.532 3261.871
818.837 3238.373
819.141 3211.081
819.445 3198.932
819.750 3173.451
820.054 3150.347
820.359 3123.895
820.663 3126.740
820.968 3089.869
821.272 3067.917
821.577 3037.494
821.881 3018.496
822.185 3009.957
822.490 2982.281
822.794 2950.835
823.099 2944.104
823.403 2926.714
823.708 2889.601
824.012 2878.859
824.317 2863.543
824.621 2843.443
824.925 2844.098
825.230 2813.412
825.534 2781.020
825.839 2771.958
826.143 2751.561
826.448 2731.829
826.752 2712.576
827.057 2687.607
827.361 2685.672
827.665 2655.079
827.970 2648.305
828.274 2626.663
828.579 2616.833
828.883 2591.586
829.188 2570.776
829.492 2556.304
829.796 2531.043
830.101 2533.054
830.405 2514.002
830.710 2502.753
831.014 2491.953
831.319 2459.936
831.623 2444.184
831.928 2423.777
832.232 2411.926
832.536 2400.867
832.841 2383.437
833.145 2351.455
833.450 2352.499
833.754 2335.579
834.059 2335.246
834.363 2318.610
834.668 2292.535
834.972 2273.056
835.276 2270.314
835.581 2229.605
835.885 2220.990
836.190 2222.892
836.494 2212.766
836.799 2198.382
837.103 2189.231
837.407 2180.630
837.712 2149.176
838.016 2149.476
838.321 2121.989
838.625 2117.226
838.930 2108.203
839.234 2094.085
839.539 2090.983
839.843 2072.627
840.147 2060.262
840.452 2032.345
840.756 2032.373
841.061 2016.810
841.365 2002.224
841.670 1981.305
841.974 1969.793
842.279 1974.939
842.583 1964.366
842.887 1949.586
843.192 1935.694
843.496 1921.878
843.801 1914.110
844.105 1897.964
844.410 1894.655
844.714 1883.628
845.019 1887.536
845.323 1874.264
845.627 1855.513
845.932 1835.379
846.236 1827.228
846.541 1817.535
846.845 1821.826
847.150 1812.192
847.454 1785.826
847.758 1776.563
848.063 1766.837
848.367 1770.895
848.672 1777.158
848.976 1754.827
849.281 1742.886
849.585 1731.726
849.890 1713.455
850.194 1718.514
850.498 1699.857
850.803 1710.643
851.107 1696.060
851.412 1690.758
851.716 1679.993
852.021 1668.519
852.325 1646.388
852.630 1635.357
852.934 1631.622
853.238 1625.201
853.543 1615.120
853.847 1600.583
854.152 1618.142
854.456 1598.318
854.761 1583.127
855.065 1588.051
855.370 1562.584
855.674 1562.164
855.978 1562.502
856.283 1543.123
856.587 1546.000
856.892 1543.232
857.196 1530.521
857.501 1525.534
857.805 1512.080
858.109 1499.828
858.414 1494.040
858.718 1491.432
859.023 1479.564
859.327 1463.021
859.632 1457.152
859.936 1463.463
860.241 1445.480
860.545 1430.093
860.849 1436.405
861.154 1427.780
861.458 1426.641
861.763 1428.909
862.067 1418.074
862.372 1416.837
862.676 1408.140
862.981 1403.057
863.285 1400.135
863.589 1392.807
863.894 1392.084
864.198 1382.004
864.503 1385.077
864.807 1380.994
865.112 1375.782
865.416 1375.422
865.721 1374.244
866.025 1364.534
866.329 1364.693
866.634 1352.530
866.938 1349.971
867.243 1347.756
867.547 1341.596
867.852 1347.705
868.156 1337.278
868.460 1325.995
868.765 1327.236
869.069 1332.993
869.374 1318.167
869.678 1320.593
869.983 1305.252
870.287 1311.915
870.592 1321.515
870.896 1313.426
871.200 1313.421
871.505 1307.658
871.809 1302.589
872.114 1304.387
872.418 1286.732
872.723 1291.489
873.027 1290.845
873.332 1287.491
873.636 1289.932
873.940 1277.052
874.245 1280.903
874.549 1275.487
874.854 1281.145
875.158 1272.853
875.463 1272.354
875.767 1271.445
876.072 1268.311
876.376 1257.213
876.680 1254.725
876.985 1241.830
877.289 1252.903
877.594 1249.730
877.898 1255.838
878.203 1240.434
878.507 1238.400
878.811 1253.563
879.116 1237.008
879.420 1233.799
879.725 1227.023
880.029 1219.654
880.334 1215.420
880.638 1213.079
880.943 1219.237
881.247 1214.885
881.551 1213.776
881.856 1206.157
882.160 1200.140
882.465 1195.038
882.769 1202.668
883.074 1197.576
883.378 1201.024
883.683 1191.935
883.987 1178.467
884.291 1188.290
884.596 1177.224
884.900 1187.710
885.205 1190.088
885.509 1177.689
885.814 1201.700
886.118 1202.244
886.423 1211.862
886.727 1206.782
887.031 1204.956
887.336 1214.439
887.640 1216.059
887.945 1220.297
888.249 1225.359
888.554 1220.285
888.858 1223.523
889.162 1226.872
889.467 1232.776
889.771 1236.432
890.076 1245.359
890.380 1243.969
890.685 1252.897
890.989 1248.539
891.294 1243.726
891.598 1245.309
891.902 1253.335
892.207 1245.071
892.511 1246.900
892.816 1247.120
893.120 1246.648
893.425 1254.235
893.729 1253.761
894.034 1248.697
894.338 1242.245
894.642 1252.833
894.947 1251.671
895.251 1242.896
895.556 1241.265
895.860 1253.507
896.165 1253.501
896.469 1250.025
896.774 1247.937
897.078 1243.756
897.382 1253.251
897.687 1248.837
897.991 1253.709
898.296 1252.077
898.600 1250.210
898.905 1251.367
899.209 1247.866
899.513 1240.404
899.818 1247.151
900.122 1249.475
900.427 1239.674
900.731 1248.294
901.036 1254.823
901.340 1246.169
901.645 1253.415
901.949 1250.134
902.253 1248.253
902.558 1252.468
902.862 1245.657
903.167 1239.758
903.471 1239.525
903.776 1234.540
904.080 1238.079
904.385 1233.363
904.689 1243.230
904.993 1250.299
905.298 1239.895
905.602 1237.726
905.907 1240.562
906.211 1239.154
906.516 1232.744
906.820 1240.275
907.125 1237.689
907.429 1236.234
907.733 1227.896
908.038 1230.446
908.342 1232.345
908.647 1228.307
908.951 1230.937
909.256 1231.590
909.560 1233.491
909.864 1235.336
910.169 1227.230
910.473 1228.397
910.778 1224.992
911.082 1221.471
911.387 1218.056
911.691 1224.969
911.996 1230.196
912.300 1228.486
912.609 1229.882
912.918 1220.453
913.227 1204.818
913.537 1209.829
913.846 1219.253
914.155 1212.357
914.464 1216.426
914.773 1218.231
915.082 1218.982
915.391 1211.413
915.700 1203.630
916.010 1211.040
916.319 1214.930
916.628 1202.845
916.937 1216.522
917.246 1195.199
917.555 1200.865
917.864 1209.290
918.174 1206.341
918.483 1194.377
918.792 1207.712
919.101 1194.333
919.410 1196.293
919.719 1195.879
920.028 1200.806
920.337 1200.404
920.647 1200.594
920.956 1201.184
921.265 1205.736
921.574 1207.337
921.883 1202.353
922.192 1199.757
922.501 1191.963
922.811 1185.338
923.120 1195.721
923.429 1193.902
923.738 1188.689
924.047 1193.464
924.356 1194.461
924.665 1199.077
924.974 1192.198
925.284 1188.530
925.593 1185.484
925.902 1190.682
926.211 1173.361
926.520 1176.767
926.829 1174.717
927.138 1183.245
927.448 1177.464
927.757 1176.974
928.066 1175.756
928.375 1174.230
928.684 1182.836
928.993 1183.015
929.302 1166.822
929.611 1173.562
929.921 1159.512
930.230 1158.460
930.539 1168.176
930.848 1163.288
931.157 1163.621
931.466 1165.876
931.775 1166.747
932.085 1154.490
932.394 1164.591
932.703 1169.397
933.012 1168.144
933.321 1157.298
933.630 1151.437
933.939 1153.688
934.248 1175.361
934.558 1156.065
934.867 1153.132
935.176 1166.065
935.485 1160.323
935.794 1172.999
936.103 1164.059
936.412 1180.872
936.721 1182.381
937.031 1183.044
937.340 1176.207
937.649 1181.117
937.958 1190.208
938.267 1199.067
938.576 1202.173
938.885 1215.132
939.195 1219.209
939.504 1216.285
939.813 1222.743
940.122 1238.301
940.431 1232.643
940.740 1231.023
941.049 1244.360
941.359 1233.872
941.668 1247.857
941.977 1245.283
942.286 1249.627
942.595 1240.787
942.904 1243.713
943.213 1222.621
943.522 1231.127
943.832 1226.214
944.141 1205.154
944.450 1228.002
944.759 1222.875
945.068 1226.962
945.377 1235.547
945.686 1224.938
945.995 1216.650
946.305 1200.017
946.614 1211.016
946.923 1211.836
947.232 1191.102
947.541 1174.601
947.850 1187.761
948.159 1184.391
948.469 1157.617
948.778 1171.367
949.087 1170.604
949.396 1147.674
949.705 1143.923
950.014 1133.268
950.323 1146.552
950.632 1123.285
950.942 1118.638
951.251 1136.287
951.560 1100.954
951.869 1105.467
952.178 1094.357
952.487 1103.958
952.796 1086.787
953.106 1074.782
953.415 1069.121
953.724 1070.093
954.033 1082.211
954.342 1066.666
954.651 1059.001
954.960 1041.639
955.269 1042.326
955.579 1035.076
955.888 1028.833
956.197 1022.773
956.506 1010.875
956.815 1016.679
957.124 1015.369
957.433 996.795
957.743 984.240
958.052 987.670
958.361 988.836
958.670 980.947
958.979 973.248
959.288 971.023
959.597 964.562
959.906 960.233
960.216 935.224
960.525 946.271
960.834 936.716
961.143 931.687
961.452 932.043
961.761 916.104
962.070 907.004
962.380 906.323
962.689 904.688
962.998 895.474
963.307 891.922
963.616 879.571
963.925 879.144
964.234 877.938
964.543 891.369
964.853 879.197
965.162 864.821
965.471 867.534
965.780 858.931
966.095 858.049
966.410 855.873
966.725 842.769
967.040 836.695
967.356 835.846
967.671 845.833
967.986 841.821
968.301 835.809
968.616 834.797
968.931 826.784
969.246 833.772
969.561 831.760
969.876 826.747
970.192 824.735
970.507 829.722
970.822 824.710
971.137 812.697
971.452 819.685
971.767 818.672
972.082 810.660
972.397 813.647
972.712 815.634
973.028 806.622
973.343 811.609
973.658 796.596
973.973 795.583
974.288 798.571
974.603 802.558
974.918 797.545
975.233 802.532
975.548 805.519
975.864 791.506
976.179 796.493
976.494 795.480
976.809 798.467
977.124 798.454
977.439 790.441
977.754 784.427
978.069 792.414
978.384 787.401
978.700 778.388
979.015 776.374
979.330 775.361
979.645 780.348
979.960 775.334
980.275 770.321
980.590 764.308
980.905 765.294
981.221 766.281
981.536 764.267
981.851 766.253
982.166 763.240
982.481 760.226
982.796 769.212
983.111 753.199
983.426 749.185
983.741 756.171
984.057 762.157
984.372 751.144
984.687 740.130
985.002 744.116
985.317 747.102
985.632 735.088
985.947 729.074
986.262 734.060
986.577 732.046
986.893 741.032
987.208 737.017
987.523 736.003
987.838 726.989
988.153 740.975
988.468 737.960
988.783 731.946
989.098 715.932
989.413 721.917
989.729 729.903
990.044 720.888
990.359 720.874
990.674 723.859
990.989 721.845
991.304 724.830
991.619 735.816
991.934 732.801
992.249 721.786
992.565 730.771
992.880 723.757
993.195 730.742
993.510 728.727
993.825 719.712
994.140 718.697
994.455 723.682
994.770 725.667
995.085 723.652
995.401 729.637
995.716 725.622
996.031 735.607
996.346 717.592
996.661 718.576
996.976 721.561
997.291 733.546
997.606 719.530
997.921 722.515
998.237 733.500
998.552 721.484
998.867 723.469
999.182 732.453
999.497 742.437
999.812 736.422
1000.127 731.406
1000.442 739.391
1000.757 743.375
1001.073 741.359
1001.388 739.343
1001.703 749.327
1002.018 748.311
1002.333 755.296
1002.648 751.280
1002.963 764.264
1003.278 768.248
1003.593 757.231
1003.909 763.215
1004.224 776.199
1004.539 768.183
1004.854 774.167
1005.169 776.150
1005.484 780.134
1005.799 789.118
1006.114 787.101
1006.429 782.085
1006.745 782.068
1007.060 794.052
1007.375 804.035
1007.690 794.019
1008.005 798.002
1008.320 814.985
1008.635 809.969
1008.950 818.952
1009.265 818.935
1009.581 817.918
1009.896 820.901
1010.211 824.884
1010.526 821.867
1010.841 817.850
1011.156 829.833
1011.471 827.816
1011.786 829.799
1012.102 844.782
1012.417 852.764
1012.732 848.747
1013.047 851.730
1013.362 847.712
1013.677 846.695
1013.992 845.677
1014.307 853.660
1014.622 866.642
1014.938 862.625
1015.253 867.607
1015.568 873.589
1015.883 873.572
1016.198 878.554
1016.513 876.536
1016.828 890.518
1017.143 891.500
1017.458 890.482
1017.774 894.464
1018.089 898.446
1018.404 896.428
1018.719 900.410
1019.034 903.392
1019.349 909.373
1019.664 916.355
1019.979 921.337
1020.294 918.318
1020.610 919.300
1020.925 933.282
1021.240 933.263
1021.555 937.245
1021.870 935.226
1022.185 936.207
1022.500 954.189
1022.815 951.170
1023.130 956.151
1023.446 965.132
1023.761 972.113
1024.076 964.094
1024.391 966.075
1024.706 967.056
1025.021 973.037
1025.336 982.018
1025.651 988.999
1025.966 986.980
1026.282 994.960
1026.597 991.941
1026.912 994.922
1027.227 1014.902
1027.542 1005.883
1027.857 1015.863
1028.172 1025.843
1028.487 1034.824
1028.802 1039.804
1029.118 1026.784
1029.433 1043.765
1029.748 1039.745
1030.063 1044.725
1030.378 1046.705
1030.693 1059.685
1031.008 1052.665
1031.323 1059.645
1031.638 1053.625
1031.954 1061.604
1032.269 1062.584
1032.584 1069.564
1032.899 1080.544
1033.214 1078.523
1033.529 1071.503
1033.844 1088.482
1034.159 1083.462
1034.474 1088.441
1034.790 1098.420
1035.105 1086.400
1035.420 1089.379
1035.735 1098.358
1036.050 1108.337
1036.365 1086.316
1036.680 1103.295
1036.995 1109.274
1037.310 1115.253
1037.626 1107.232
1037.941 1109.211
1038.256 1102.189
1038.571 1112.168
1038.886 1110.147
1039.201 1109.125
1039.516 1119.104
1039.831 1115.082
1040.146 1124.061
1040.462 1117.039
1040.777 1111.017
1041.092 1110.996
1041.407 1124.974
1041.722 1123.952
1042.037 1114.930
1042.352 1118.908
1042.667 1110.886
1042.982 1107.864
1043.298 1116.842
1043.613 1116.819
1043.928 1105.797
1044.243 1119.775
1044.558 1128.752
1044.873 1122.730
1045.188 1120.707
1045.503 1112.685
1045.819 1115.662
1046.134 1113.640
1046.449 1110.617
1046.764 1105.594
1047.079 1114.571
1047.394 1113.548
1047.709 1114.525
1048.024 1119.502
1048.339 1105.479
1048.655 1098.456
1048.970 1099.433
1049.285 1093.410
1049.600 1118.386
1049.915 1110.363
1050.230 1104.339
1050.545 1096.316
1050.860 1095.292
1051.175 1090.269
1051.491 1100.245
1051.806 1112.221
1052.121 1096.197
1052.436 1091.173
1052.751 1084.149
1053.066 1085.125
1053.381 1089.101
1053.696 1082.077
1054.011 1077.053
1054.327 1082.029
1054.642 1081.004
1054.957 1075.980
1055.272 1071.956
1055.587 1073.931
1055.902 1064.906
1056.217 1058.882
1056.532 1070.857
1056.847 1069.832
1057.163 1076.808
1057.478 1070.783
1057.793 1046.758
1058.108 1062.733
1058.423 1057.708
1058.738 1050.682
1059.053 1058.657
1059.368 1047.632
1059.683 1054.607
1059.999 1053.581
1060.314 1057.556
1060.629 1046.530
1060.944 1061.504
1061.259 1048.479
1061.574 1033.453
1061.889 1035.427
1062.204 1037.401
1062.519 1037.375
1062.835 1042.349
1063.150 1038.323
1063.465 1032.297
1063.780 1051.271
1064.095 1047.244
1064.410 1026.218
1064.725 1041.192
1065.040 1039.165
1065.355 1042.139
1065.671 1028.112
1065.986 1032.085
1066.301 1024.058
1066.616 1027.032
1066.931 1031.005
1067.246 1020.978
1067.561 1027.951
1067.876 1026.924
1068.191 1021.896
1068.507 1011.869
1068.822 1024.842
1069.137 1020.814
1069.452 1019.787
1069.767 1022.759
1070.082 1020.732
1070.397 1010.704
1070.712 1021.676
1071.027 1020.648
1071.343 1012.620
1071.658 1013.592
1071.973 1004.564
1072.288 1002.536
1072.603 1009.508
1072.918 1010.480
1073.233 1023.451
1073.548 1004.423
1073.863 992.395
1074.179 1002.366
1074.494 998.337
1074.809 989.309
1075.124 1000.280
1075.439 997.251
1075.754 998.222
1076.069 994.193
1076.384 989.164
1076.699 996.135
1077.015 981.106
1077.330 982.076
1077.645 979.047
1077.960 983.017
1078.275 977.988
1078.590 982.958
1078.905 989.929
1079.220 983.899
1079.536 980.869
1079.851 979.839
1080.166 974.809
1080.481 977.779
1080.796 964.749
1081.111 975.718
1081.426 987.688
1081.741 982.658
1082.056 984.627
1082.372 978.597
1082.687 984.566
1083.002 972.535
1083.317 977.505
1083.632 974.474
1083.947 965.443
1084.262 966.412
1084.577 972.381
1084.892 976.350
1085.208 964.318
1085.523 969.287
1085.838 964.256
1086.153 956.224
1086.468 965.192
1086.783 967.161
1087.098 963.129
1087.413 961.097
1087.728 967.065
1088.044 958.033
1088.359 957.001
1088.674 949.969
1088.989 949.937
1089.304 965.905
1089.619 949.872
1089.934 953.840
1090.249 959.807
1090.564 963.775
1090.880 951.742
1091.195 952.709
1091.510 944.676
1091.825 946.643
1092.140 955.610
1092.467 959.577
1092.794 949.544
1093.121 947.510
1093.448 944.477
1093.775 945.444
1094.102 945.410
1094.429 944.376
1094.756 937.343
1095.083 944.309
1095.410 945.275
1095.737 932.241
1096.064 947.207
1096.391 942.173
1096.718 938.138
1097.045 931.104
1097.372 927.070
1097.699 934.035
1098.026 935.001
1098.353 930.966
1098.680 940.931
1099.007 930.896
1099.334 933.861
1099.661 935.826
1099.988 929.791
1100.315 932.756
1100.642 937.721
1100.969 937.686
1101.296 922.650
1101.623 929.615
1101.950 930.579
1102.277 934.543
1102.604 933.507
1102.931 932.471
1103.258 929.435
1103.585 926.399
1103.912 929.363
1104.239 936.327
1104.566 940.291
1104.893 933.254
1105.220 920.218
1105.547 923.181
1105.874 921.144
1106.201 933.108
1106.528 922.071
1106.855 917.034
1107.182 927.997
1107.509 918.960
1107.836 909.922
1108.163 924.885
1108.490 927.848
1108.817 927.810
1109.144 920.773
1109.470 932.735
1109.797 931.697
1110.124 927.659
1110.451 920.621
1110.778 928.583
1111.105 929.545
1111.432 930.507
1111.759 924.468
1112.086 926.430
1112.413 928.392
1112.740 933.353
1113.067 931.314
1113.394 922.275
1113.721 925.237
1114.048 920.198
1114.375 920.159
1114.702 924.119
1115.029 931.080
1115.356 917.041
1115.683 910.001
1116.010 923.962
1116.337 915.922
1116.664 906.883
1116.991 913.843
1117.318 908.803
1117.645 912.763
1117.972 908.723
1118.299 905.683
1118.626 905.642
1118.953 909.602
1119.280 897.561
1119.607 909.521
1119.934 901.480
1120.261 906.440
1120.588 905.399
1120.915 895.358
1121.242 888.317
1121.569 890.276
1121.896 897.234
1122.223 895.193
1122.550 902.152
1122.877 896.110
1123.204 887.069
1123.531 901.027
1123.858 894.985
1124.185 896.943
1124.512 893.901
1124.839 900.859
1125.166 912.817
1125.493 892.775
1125.820 889.733
1126.147 888.690
1126.474 893.648
1126.801 890.605
1127.128 884.562
1127.455 877.519
1127.782 877.477
1128.109 884.434
1128.436 879.390
1128.763 879.347
1129.090 870.304
1129.417 875.261
1129.744 880.217
1130.071 863.174
1130.398 872.130
1130.725 873.086
1131.052 870.042
1131.379 876.998
1131.706 871.954
1132.033 867.910
1132.360 857.866
1132.687 865.822
1133.014 855.777
1133.341 861.733
1133.668 850.688
1133.995 856.643
1134.322 845.599
1134.649 851.554
1134.976 840.509
1135.303 852.464
1135.630 852.419
1135.957 839.373
1136.284 839.328
1136.611 842.283
1136.938 837.237
1137.265 831.191
1137.592 836.146
1137.919 826.100
1138.246 832.054
1138.573 816.008
1138.900 804.962
1139.227 819.916
1139.554 811.869
1139.881 807.823
1140.208 795.777
1140.535 788.730
1140.862 791.683
1141.189 802.637
1141.516 796.590
1141.843 774.543
1142.170 779.496
1142.497 772.449
1142.824 772.402
1143.151 769.354
1143.478 783.307
1143.805 781.259
1144.131 769.212
1144.458 776.164
1144.785 772.116
1145.112 771.069
1145.439 761.021
1145.766 770.973
1146.093 765.925
1146.420 764.876
1146.747 751.828
1147.074 755.780
1147.401 751.731
1147.728 753.683
1148.055 760.634
1148.382 760.585
1148.709 753.537
1149.036 759.488
1149.363 758.439
1149.690 747.390
1150.017 749.341
1150.344 763.291
1150.671 755.242
1150.998 754.193
1151.325 750.143
1151.652 742.094
1151.979 744.044
1152.306 738.994
1152.633 754.944
1152.960 739.894
1153.287 739.844
1153.614 743.794
1153.941 735.744
1154.268 737.694
1154.595 741.644
1154.922 733.593
1155.249 742.543
1155.576 742.492
1155.903 749.441
1156.230 743.391
1156.557 736.340
1156.884 741.289
1157.211 741.238
1157.538 746.187
1157.865 749.136
1158.192 742.085
1158.519 732.033
1158.846 744.982
1159.173 741.931
1159.500 743.879
1159.827 741.827
1160.154 732.776
1160.481 729.724
1160.808 736.672
1161.135 736.620
1161.462 729.568
1161.789 727.516
1162.116 738.464
1162.443 722.412
1162.770 718.360
1163.097 726.307
1163.424 719.255
1163.751 725.203
1164.078 722.150
1164.405 722.097
1164.732 724.045
1165.059 724.992
1165.386 720.939
1165.713 721.886
1166.040 723.833
1166.367 720.780
1166.694 719.727
1167.021 723.674
1167.348 717.621
1167.675 697.568
1168.002 710.514
1168.329 707.461
1168.656 706.408
1168.983 703.354
1169.310 710.300
1169.637 690.247
1169.964 699.193
1170.291 703.139
1170.618 686.086
1170.945 674.032
1171.272 668.978
1171.599 667.924
1171.926 661.870
1172.253 660.816
1172.580 644.762
1172.907 636.707
1173.234 639.653
1173.561 638.599
1173.888 631.544
1174.215 625.490
1174.542 624.436
1174.869 631.381
1175.196 623.327
1175.523 624.272
1175.850 628.217
1176.177 622.163
1176.504 622.108
1176.831 622.053
1177.158 616.998
1177.485 625.943
1177.812 621.889
1178.139 622.834
1178.465 616.779
1178.792 624.724
1179.119 616.669
1179.446 611.614
1179.773 601.558
1180.100 602.503
1180.427 599.448
1180.754 598.393
1181.081 592.338
1181.408 596.282
1181.735 595.227
1182.062 591.172
1182.389 580.116
1182.716 573.061
1183.043 573.005
1183.370 578.950
1183.697 580.895
1184.024 577.839
1184.351 572.784
1184.678 572.728
1185.005 563.672
1185.332 572.617
1185.659 567.561
1185.986 577.506
1186.313 580.450
1186.640 562.394
1186.967 565.339
1187.294 558.283
1187.621 567.227
1187.948 556.172
1188.275 564.116
1188.602 546.060
1188.929 550.005
1189.256 541.949
1189.583 546.893
1189.910 557.837
1190.237 542.782
1190.564 547.726
1190.891 545.670
1191.218 550.614
1191.545 537.559
1191.872 545.503
1192.199 539.447
1192.526 537.392
1192.853 535.336
1193.180 539.280
1193.507 533.225
1193.834 537.169
1194.161 532.113
1194.488 527.058
1194.815 531.002
1195.142 534.946
1195.469 528.891
1195.796 527.835
1196.123 523.780
1196.450 531.724
1196.777 521.669
1197.104 525.613
1197.431 528.558
1197.758 516.502
1198.085 510.447
1198.412 520.392
1198.739 510.336
1199.066 510.281
1199.393 501.226
1199.720 497.170
1200.047 497.115
1200.374 501.060
1200.701 493.005
1201.028 494.950
1201.355 500.895
1201.682 491.840
1202.009 486.785
1202.336 476.730
1202.663 488.675
1202.990 489.621
1203.317 474.566
1203.644 479.511
1203.971 471.457
1204.298 470.402
1204.625 470.348
1204.952 466.293
1205.279 474.239
1205.606 464.184
1205.933 458.130
1206.260 461.076
1206.587 464.022
1206.914 450.968
1207.241 451.914
1207.568 463.860
1207.895 454.806
1208.222 441.753
1208.549 443.699
1208.876 440.645
1209.203 441.592
1209.530 441.538
1209.857 424.485
1210.184 427.432
1210.511 432.379
1210.838 428.326
1211.165 430.273
1211.492 417.220
1211.819 419.167
1212.146 421.115
1212.473 412.062
1212.799 419.009
1213.126 407.957
1213.453 410.905
1213.780 402.853
1214.107 408.801
1214.434 403.749
1214.761 401.697
1215.088 394.645
1215.415 390.594
1215.742 403.542
1216.069 386.491
1216.396 381.440
1216.723 394.389
1217.050 390.338
1217.377 388.287
1217.704 386.236
1218.031 374.185
1218.358 377.135
1218.685 378.085
1219.012 368.035
1219.339 366.984
1219.666 365.935
1219.993 362.885
1220.320 360.835
1220.647 356.786
1220.974 351.736
1221.301 349.687
1221.628 348.638
1221.955 346.589
1222.282 346.541
1222.609 343.492
1222.936 346.444
1223.263 336.395
1223.590 339.347
1223.917 337.300
1224.244 337.252
1224.571 343.204
1224.898 339.157
1225.225 335.110
1225.552 329.063
1225.879 326.016
1226.206 324.969
1226.533 317.922
1226.860 317.876
1227.187 312.830
1227.514 318.784
1227.841 317.738
1228.168 320.693
1228.495 313.647
1228.822 316.602
1229.149 308.557
1229.476 306.512
1229.803 312.468
1230.130 308.423
1230.457 302.379
1230.784 304.335
1231.111 300.291
1231.438 298.248
1231.765 304.204
1232.092 296.161
1232.419 295.118
1232.746 288.076
