168.180 7.417
168.450 60.417
168.720 72.417
168.990 70.416
169.260 69.416
169.530 78.416
169.799 64.415
170.069 66.415
170.339 72.415
170.609 68.414
170.879 77.414
171.149 80.414
171.418 67.413
171.688 74.413
171.958 74.413
172.228 77.413
172.498 68.412
172.768 75.412
173.037 67.412
173.307 75.411
173.577 72.411
173.847 70.411
174.117 68.410
174.387 71.410
174.656 71.410
174.926 65.409
175.196 70.409
175.466 70.409
175.736 67.409
176.006 69.408
176.275 73.408
176.545 76.408
176.815 68.407
177.085 71.407
177.355 61.407
177.625 66.406
177.894 61.406
178.164 59.406
178.434 69.405
178.704 77.405
178.974 79.405
179.244 76.404
179.513 66.404
179.783 77.404
180.053 78.404
180.323 66.403
180.593 70.403
180.863 66.403
181.132 70.402
181.402 70.402
181.672 68.402
181.942 76.401
182.212 71.401
182.482 74.401
182.751 78.400
183.021 65.400
183.291 72.400
183.561 74.399
183.831 69.399
184.101 77.399
184.370 71.398
184.640 79.398
184.910 75.398
185.164 76.398
185.417 72.397
185.671 78.397
185.925 71.397
186.178 72.396
186.432 72.396
186.686 71.396
186.939 70.395
187.193 71.395
187.447 75.395
187.700 77.394
187.954 72.394
188.207 74.394
188.461 81.393
188.715 69.393
188.968 68.393
189.222 78.392
189.476 70.392
189.729 75.392
189.983 74.391
190.237 74.391
190.490 70.391
190.744 63.390
190.998 73.390
191.251 77.390
191.505 67.389
191.759 74.389
192.012 73.389
192.266 61.388
192.520 66.388
192.773 69.388
193.027 76.387
193.281 76.387
193.534 74.387
193.788 73.387
194.042 67.386
194.295 70.386
194.549 71.386
194.802 81.385
195.056 74.385
195.310 78.385
195.563 65.384
195.817 78.384
196.071 72.384
196.324 76.383
196.578 76.383
196.832 70.383
197.085 74.382
197.339 82.382
197.593 69.382
197.846 74.381
198.100 74.381
198.354 70.381
198.607 76.380
198.861 67.380
199.115 73.380
199.368 70.379
199.622 80.379
199.876 76.379
200.129 77.378
200.383 75.378
200.636 68.378
200.890 65.377
201.144 67.377
201.397 72.377
201.651 64.376
201.905 69.376
202.158 71.376
202.412 71.375
202.666 82.375
202.919 65.375
203.173 70.374
203.427 75.374
203.680 75.374
203.934 76.373
204.188 82.373
204.441 76.373
204.695 68.372
204.949 72.372
205.202 71.371
205.456 69.371
205.710 74.371
205.963 71.370
206.217 74.370
206.471 79.370
206.724 74.369
206.978 80.369
207.231 79.369
207.485 87.368
207.739 83.368
207.992 66.368
208.246 77.367
208.500 74.367
208.753 79.367
209.007 77.366
209.261 76.366
209.514 81.366
209.768 77.365
210.022 80.365
210.275 72.365
210.529 80.364
210.783 82.364
211.036 78.364
211.290 73.363
211.544 72.363
211.797 69.363
212.051 80.362
212.305 76.362
212.558 80.362
212.812 74.361
213.065 76.361
213.319 77.360
213.573 77.360
213.826 79.360
214.080 77.359
214.334 72.359
214.587 74.359
214.841 75.358
215.095 81.358
215.348 76.358
215.602 83.357
215.856 82.357
216.109 82.357
216.363 67.356
216.617 75.356
216.870 77.356
217.124 73.355
217.378 72.355
217.631 77.355
217.885 77.354
218.139 79.354
218.392 76.353
218.646 72.353
218.900 74.353
219.153 80.352
219.407 82.352
219.660 79.352
219.914 79.351
220.168 78.351
220.421 80.351
220.675 76.350
220.929 79.350
221.182 76.350
221.436 78.349
221.690 73.349
221.943 84.348
222.197 79.348
222.451 76.348
222.704 78.347
222.958 76.347
223.212 80.347
223.465 74.346
223.719 72.346
223.973 73.346
224.226 82.345
224.480 77.345
224.734 75.344
224.987 82.344
225.241 76.344
225.494 85.343
225.748 87.343
226.002 83.343
226.255 84.342
226.509 76.342
226.763 77.342
227.016 80.341
227.270 74.341
227.524 77.340
227.777 79.340
228.031 80.340
228.285 78.339
228.538 80.339
228.792 83.339
229.046 80.338
229.299 81.338
229.553 79.338
229.807 82.337
230.060 78.337
230.314 77.336
230.568 74.336
230.821 84.336
231.075 83.335
231.329 81.335
231.582 81.335
231.836 78.334
232.089 77.334
232.343 81.334
232.597 77.333
232.850 84.333
233.104 76.332
233.358 78.332
233.611 79.332
233.865 79.331
234.119 89.331
234.372 90.331
234.626 77.330
234.880 86.330
235.133 81.329
235.387 81.329
235.641 89.329
235.894 86.328
236.148 80.328
236.402 84.328
236.655 82.327
236.909 91.327
237.163 84.326
237.416 84.326
237.670 80.326
237.924 88.325
238.177 81.325
238.431 92.325
238.684 83.324
238.938 80.324
239.192 83.323
239.445 83.323
239.699 81.323
239.953 82.322
240.206 84.322
240.460 81.321
240.714 80.321
240.967 78.321
241.221 79.320
241.475 83.320
241.728 88.320
241.982 84.319
242.236 81.319
242.489 86.318
242.743 87.318
242.997 86.318
243.250 77.317
243.504 84.317
243.758 80.317
244.011 82.316
244.265 81.316
244.518 88.315
244.772 75.315
245.026 88.315
245.279 87.314
245.533 77.314
245.787 80.313
246.040 85.313
246.294 81.313
246.548 85.312
246.801 81.312
247.055 82.311
247.309 88.311
247.562 88.311
247.816 84.310
248.070 87.310
248.323 87.310
248.577 83.309
248.831 83.309
249.084 89.308
249.338 87.308
249.592 80.308
249.845 83.307
250.099 86.307
250.353 87.306
250.606 84.306
250.860 81.306
251.113 93.305
251.367 88.305
251.621 89.304
251.874 80.304
252.128 81.304
252.382 94.303
252.635 95.303
252.889 90.302
253.143 93.302
253.396 89.302
253.650 86.301
253.911 91.301
254.172 87.300
254.433 83.300
254.694 84.300
254.955 85.299
255.216 91.299
255.477 90.298
255.738 84.298
255.999 84.298
256.261 93.297
256.522 87.297
256.783 89.296
257.044 90.296
257.305 99.296
257.566 94.295
257.827 88.295
258.088 88.294
258.349 95.294
258.610 90.294
258.871 92.293
259.132 89.293
259.393 90.292
259.654 93.292
259.915 90.292
260.176 102.291
260.437 92.291
260.698 90.290
260.959 91.290
261.221 90.290
261.482 89.289
261.743 91.289
262.004 84.288
262.265 86.288
262.526 91.288
262.787 92.287
263.048 92.287
263.309 98.286
263.570 92.286
263.831 88.285
264.092 88.285
264.353 86.285
264.614 91.284
264.875 85.284
265.136 93.283
265.397 87.283
265.658 97.283
265.919 98.282
266.181 95.282
266.442 89.281
266.703 95.281
266.964 93.280
267.225 98.280
267.486 98.280
267.747 96.279
268.008 84.279
268.269 89.278
268.530 93.278
268.791 97.278
269.052 98.277
269.313 91.277
269.574 102.276
269.835 103.276
270.096 103.275
270.357 89.275
270.618 85.275
270.879 85.274
271.141 93.274
271.402 97.273
271.663 97.273
271.924 102.273
272.185 92.272
272.446 98.272
272.707 105.271
272.968 99.271
273.229 101.270
273.490 90.270
273.751 90.270
274.012 95.269
274.273 98.269
274.534 94.268
274.795 90.268
275.056 96.267
275.317 99.267
275.578 90.267
275.839 94.266
276.101 88.266
276.362 94.265
276.623 93.265
276.884 102.264
277.145 94.264
277.406 91.264
277.667 100.263
277.928 93.263
278.189 101.262
278.450 100.262
278.711 91.261
278.972 90.261
279.233 94.261
279.494 99.260
279.755 98.260
280.016 90.259
280.277 102.259
280.538 101.258
280.799 99.258
281.061 91.258
281.322 101.257
281.583 99.257
281.844 109.256
282.105 105.256
282.366 94.255
282.627 95.255
282.888 100.254
283.149 97.254
283.410 106.254
283.671 97.253
283.932 99.253
284.193 106.252
284.454 107.252
284.715 95.251
284.976 103.251
285.237 94.250
285.498 98.250
285.759 105.250
286.021 97.249
286.282 98.249
286.543 98.248
286.804 98.248
287.065 91.247
287.326 103.247
287.587 94.246
287.848 106.246
288.109 94.246
288.370 99.245
288.631 109.245
288.892 94.244
289.153 93.244
289.414 100.243
289.675 102.243
289.936 101.242
290.197 108.242
290.458 103.242
290.719 92.241
290.981 99.241
291.242 100.240
291.503 101.240
291.764 96.239
292.025 97.239
292.286 107.238
292.547 103.238
292.808 103.238
293.069 100.237
293.330 98.237
293.591 100.236
293.852 98.236
294.113 105.235
294.374 106.235
294.635 107.234
294.896 95.234
295.157 99.233
295.418 96.233
295.679 103.233
295.941 102.232
296.202 99.232
296.463 107.231
296.724 106.231
296.985 105.230
297.246 101.230
297.507 94.229
297.768 95.229
298.029 98.228
298.290 102.228
298.551 113.227
298.812 104.227
299.073 103.227
299.334 92.226
299.595 101.226
299.856 102.225
300.117 107.225
300.378 98.224
300.639 97.224
300.901 103.223
301.162 103.223
301.423 97.222
301.684 104.222
301.945 100.221
302.206 104.221
302.467 106.220
302.728 110.220
302.989 104.220
303.250 101.219
303.511 103.219
303.772 99.218
304.033 102.218
304.294 107.217
304.555 112.217
304.816 107.216
305.077 105.216
305.338 104.215
305.599 107.215
305.861 98.214
306.122 103.214
306.383 107.213
306.644 96.213
306.905 101.212
307.166 106.212
307.427 102.211
307.688 108.211
307.949 111.211
308.210 111.210
308.471 112.210
308.732 109.209
308.993 114.209
309.254 103.208
309.515 117.208
309.776 107.207
310.037 105.207
310.298 105.206
310.559 107.206
310.821 110.205
311.082 104.205
311.343 111.204
311.604 112.204
311.865 102.203
312.126 113.203
312.387 112.202
312.648 110.202
312.909 113.201
313.170 115.201
313.437 105.200
313.704 111.200
313.971 114.199
314.238 117.199
314.504 113.198
314.771 111.198
315.038 110.197
315.305 112.197
315.572 115.197
315.839 116.196
316.106 102.196
316.373 111.195
316.640 113.195
316.906 120.194
317.173 104.194
317.440 103.193
317.707 105.193
317.974 111.192
318.241 113.192
318.508 116.191
318.775 113.191
319.042 114.190
319.308 111.190
319.575 112.189
319.842 108.189
320.109 116.188
320.376 104.188
320.643 118.187
320.910 119.187
321.177 116.186
321.444 113.186
321.710 116.185
321.977 113.185
322.244 115.184
322.511 118.184
322.778 110.183
323.045 111.183
323.312 120.182
323.579 119.182
323.846 119.181
324.112 108.181
324.379 119.180
324.646 119.180
324.913 113.179
325.180 113.179
325.447 123.178
325.714 116.178
325.981 119.177
326.248 115.177
326.514 115.176
326.781 116.176
327.048 117.175
327.315 117.175
327.582 117.174
327.849 113.173
328.116 122.173
328.383 114.172
328.649 115.172
328.916 122.171
329.183 108.171
329.450 114.170
329.717 125.170
329.984 117.169
330.251 117.169
330.518 115.168
330.785 123.168
331.051 119.167
331.318 123.167
331.585 116.166
331.852 124.166
332.119 113.165
332.386 128.165
332.653 124.164
332.920 132.164
333.187 119.163
333.453 131.163
333.720 131.162
333.987 136.162
334.254 138.161
334.521 132.161
334.788 128.160
335.055 139.160
335.322 145.159
335.589 139.158
335.855 145.158
336.122 155.157
336.389 151.157
336.656 158.156
336.923 155.156
337.190 161.155
337.457 157.155
337.724 166.154
337.991 171.154
338.257 176.153
338.524 178.153
338.791 187.152
339.058 182.152
339.325 184.151
339.592 191.151
339.859 196.150
340.126 204.149
340.393 208.149
340.659 217.148
340.926 222.148
341.193 231.147
341.460 235.147
341.727 247.146
341.994 249.146
342.261 255.145
342.528 261.145
342.795 269.144
343.061 277.144
343.328 288.143
343.595 294.142
343.862 301.142
344.129 303.141
344.396 317.141
344.663 333.140
344.930 342.140
345.197 346.139
345.463 362.139
345.730 375.138
345.997 377.138
346.264 404.137
346.531 417.137
346.798 422.136
347.065 433.135
347.332 439.135
347.599 459.134
347.865 465.134
348.132 482.133
348.399 497.133
348.666 504.132
348.933 528.132
349.200 530.131
349.467 542.130
349.734 558.130
350.001 580.129
350.267 583.129
350.534 594.128
350.801 610.128
351.068 626.127
351.335 631.127
351.602 642.126
351.869 652.126
352.136 678.125
352.402 695.124
352.669 704.124
352.936 725.123
353.203 733.123
353.470 747.122
353.737 767.122
354.004 786.121
354.271 788.120
354.538 809.120
354.804 837.119
355.071 841.119
355.338 859.118
355.605 874.118
355.872 893.117
356.139 913.117
356.406 921.116
356.673 935.115
356.940 960.115
357.206 975.800
357.473 1003.164
357.740 1019.385
358.007 1047.102
358.274 1052.049
358.541 1071.324
358.808 1105.482
359.075 1117.700
359.342 1134.668
359.608 1155.372
359.875 1176.282
360.142 1214.766
360.409 1216.160
360.676 1262.779
360.943 1266.364
361.210 1287.738
361.477 1305.000
361.744 1342.160
362.010 1341.064
362.277 1377.839
362.544 1407.243
362.811 1408.675
363.078 1424.506
363.345 1455.323
363.612 1485.245
363.879 1512.354
364.146 1520.784
364.412 1544.207
364.679 1582.275
364.946 1601.617
365.213 1614.576
365.480 1641.799
365.748 1648.752
366.017 1680.932
366.285 1693.758
366.553 1711.432
366.822 1733.947
367.090 1745.735
367.358 1770.843
367.627 1795.255
367.895 1802.747
368.164 1818.382
368.432 1841.509
368.700 1863.735
368.969 1895.305
369.237 1899.876
369.505 1909.997
369.774 1922.577
370.042 1953.326
370.310 1969.962
370.579 1991.176
370.847 2015.808
371.115 2041.668
371.384 2030.261
371.652 2044.636
371.921 2071.282
372.189 2057.612
372.457 2107.353
372.726 2139.755
372.994 2120.931
373.262 2148.030
373.531 2151.902
373.799 2172.993
374.067 2181.803
374.336 2189.777
374.604 2216.567
374.872 2222.305
375.141 2248.441
375.409 2257.757
375.678 2260.429
375.946 2277.254
376.214 2284.403
376.483 2306.687
376.751 2313.252
377.019 2316.546
377.288 2339.150
377.556 2354.219
377.824 2364.590
378.093 2375.474
378.361 2413.349
378.629 2421.294
378.898 2447.130
379.166 2460.456
379.435 2470.658
379.703 2485.631
379.971 2500.602
380.240 2530.047
380.508 2560.965
380.776 2572.716
381.045 2573.016
381.313 2594.082
381.581 2611.353
381.850 2653.169
382.118 2673.182
382.386 2687.763
382.655 2691.222
382.923 2743.348
383.192 2756.760
383.460 2787.157
383.728 2781.042
383.997 2823.715
384.265 2843.808
384.533 2894.226
384.802 2919.151
385.070 2939.581
385.338 2991.351
385.607 3005.467
385.875 3011.921
386.143 3059.707
386.412 3105.374
386.680 3134.689
386.948 3150.322
387.217 3196.344
387.485 3222.031
387.754 3247.876
388.022 3288.406
388.290 3302.980
388.559 3364.178
388.827 3401.356
389.095 3430.799
389.364 3461.836
389.632 3499.501
389.900 3527.218
390.169 3554.875
390.437 3605.049
390.705 3624.501
390.974 3673.223
391.242 3716.961
391.511 3752.473
391.779 3772.423
392.047 3819.888
392.316 3853.644
392.584 3930.623
392.852 3930.144
393.121 3973.183
393.389 4025.869
393.657 4072.917
393.926 4114.595
394.194 4144.418
394.462 4183.401
394.731 4247.630
394.999 4262.796
395.268 4321.306
395.536 4369.178
395.804 4403.630
396.073 4469.869
396.341 4490.533
396.609 4517.921
396.878 4573.260
397.146 4650.551
397.414 4684.567
397.683 4721.662
397.951 4760.778
398.219 4810.095
398.488 4863.610
398.756 4905.878
399.025 4975.860
399.293 5015.709
399.561 5049.079
399.830 5121.357
400.098 5167.908
400.366 5193.329
400.635 5264.660
400.903 5299.910
401.171 5335.781
401.440 5411.101
401.708 5458.738
401.976 5515.195
402.245 5544.897
402.513 5606.293
402.782 5681.352
403.050 5711.909
403.318 5750.531
403.587 5815.715
403.855 5867.301
404.123 5907.956
404.392 5960.298
404.660 6005.230
404.934 6081.594
405.207 6143.309
405.481 6188.682
405.754 6251.575
406.028 6320.380
406.301 6348.009
406.575 6420.168
406.848 6431.413
407.122 6474.841
407.395 6564.667
407.669 6600.207
407.942 6665.264
408.216 6703.154
408.489 6751.567
408.763 6824.574
409.036 6893.790
409.310 6921.377
409.583 6948.630
409.857 7030.454
410.130 7087.267
410.404 7126.692
410.677 7179.718
410.951 7245.272
411.224 7276.606
411.498 7323.946
411.771 7417.523
412.045 7420.984
412.318 7509.341
412.592 7521.228
412.865 7583.835
413.139 7622.917
413.412 7704.222
413.686 7759.528
413.959 7807.197
414.233 7856.829
414.506 7882.031
414.780 7964.118
415.053 8056.388
415.327 8068.415
415.600 8141.958
415.874 8169.864
416.147 8231.448
416.421 8306.574
416.694 8344.452
416.968 8422.466
417.241 8469.608
417.515 8514.085
417.788 8585.067
418.062 8607.617
418.335 8701.478
418.609 8722.136
418.882 8799.568
419.156 8822.501
419.429 8858.392
419.703 8967.000
419.976 8995.974
420.250 9043.747
420.524 9119.606
420.797 9155.188
421.071 9191.812
421.344 9268.812
421.618 9309.486
421.891 9368.643
422.165 9441.752
422.438 9475.158
422.712 9542.703
422.985 9536.133
423.259 9589.243
423.532 9654.033
423.806 9691.118
424.079 9784.386
424.353 9855.955
424.626 9853.394
424.900 9898.360
425.173 9958.036
425.447 10005.952
425.720 10057.951
425.994 10083.033
426.267 10140.511
426.541 10182.496
426.814 10206.154
427.088 10276.051
427.361 10338.315
427.635 10341.998
427.908 10421.316
428.182 10437.130
428.455 10514.575
428.729 10505.979
429.002 10569.932
429.276 10618.893
429.549 10645.101
429.823 10680.020
430.096 10704.461
430.370 10746.162
430.643 10810.421
430.917 10825.717
431.190 10906.186
431.464 10921.306
431.737 10956.675
432.011 11027.151
432.284 11037.194
432.558 11072.294
432.831 11122.668
433.105 11119.169
433.378 11200.935
433.652 11200.531
433.925 11258.446
434.199 11312.553
434.472 11341.586
434.746 11398.926
435.019 11475.401
435.293 11500.424
435.566 11538.769
435.840 11525.247
436.119 11609.655
436.398 11644.411
436.677 11620.714
436.956 11696.951
437.235 11727.193
437.514 11710.550
437.793 11732.203
438.073 11773.763
438.352 11793.834
438.631 11840.114
438.910 11899.035
439.189 11933.510
439.468 11978.410
439.747 12002.842
440.026 12051.621
440.305 12106.255
440.584 12097.095
440.863 12153.609
441.142 12208.083
441.421 12247.965
441.700 12270.075
441.979 12309.618
442.258 12365.573
442.538 12426.535
442.817 12453.835
443.096 12459.654
443.375 12513.472
443.654 12539.187
443.933 12584.370
444.212 12664.947
444.491 12648.446
444.770 12727.263
445.049 12799.121
445.328 12844.626
445.607 12864.157
445.886 12924.482
446.165 12932.449
446.444 12988.143
446.723 13017.560
447.003 13063.682
447.282 13073.567
447.561 13144.435
447.840 13199.299
448.119 13241.985
448.398 13284.756
448.677 13363.344
448.956 13373.896
449.235 13438.693
449.514 13471.471
449.793 13507.869
450.072 13577.461
450.351 13625.760
450.630 13646.174
450.909 13699.680
451.188 13795.036
451.468 13810.171
451.747 13854.423
452.026 13892.698
452.305 13932.062
452.584 13966.440
452.863 14045.605
453.142 14057.682
453.421 14127.034
453.700 14225.151
453.979 14253.693
454.258 14297.828
454.537 14379.214
454.816 14440.441
455.095 14480.399
455.374 14503.964
455.653 14614.458
455.933 14641.547
456.212 14703.870
456.491 14785.062
456.770 14845.698
457.049 14904.181
457.328 14948.471
457.607 15047.232
457.886 15068.787
458.165 15104.687
458.444 15198.619
458.723 15265.287
459.002 15316.401
459.281 15391.023
459.560 15472.617
459.839 15555.293
460.119 15612.787
460.398 15672.670
460.677 15738.310
460.956 15829.766
461.235 15875.103
461.514 15996.779
461.793 16052.962
462.072 16181.012
462.351 16232.498
462.630 16320.618
462.909 16413.285
463.188 16552.796
463.467 16650.554
463.746 16718.623
464.025 16772.660
464.304 16905.519
464.584 16965.461
464.863 17056.404
465.142 17155.393
465.421 17268.253
465.700 17408.927
465.979 17455.022
466.258 17541.082
466.537 17685.634
466.816 17780.175
467.095 17886.379
467.374 17955.700
467.653 18065.964
467.932 18197.028
468.211 18246.830
468.490 18412.241
468.769 18489.828
469.049 18635.463
469.328 18731.826
469.607 18829.826
469.886 18943.825
470.165 19084.824
470.444 19197.020
470.723 19342.507
471.002 19440.142
471.281 19509.330
471.560 19614.434
471.839 19707.233
472.118 19842.345
472.397 19957.690
472.676 20111.261
472.955 20225.166
473.234 20347.902
473.514 20440.456
473.793 20580.456
474.072 20680.576
474.351 20819.183
474.630 20926.071
474.909 21060.474
475.188 21127.207
475.467 21253.854
475.746 21335.164
476.025 21471.405
476.304 21596.346
476.583 21705.085
476.862 21815.482
477.141 21962.082
477.420 22096.934
477.699 22137.551
477.979 22270.479
478.258 22396.928
478.537 22514.664
478.816 22628.509
479.095 22730.796
479.374 22860.015
479.653 22945.205
479.932 23053.285
480.211 23168.858
480.490 23257.783
480.769 23367.552
481.048 23533.391
481.327 23583.029
481.606 23725.453
481.885 23805.997
482.165 23940.711
482.444 24034.009
482.723 24179.423
483.002 24270.803
483.281 24382.708
483.560 24458.193
483.839 24590.822
484.118 24704.245
484.397 24798.107
484.676 24886.345
484.955 24983.118
485.234 25139.350
485.513 25251.849
485.792 25343.515
486.071 25369.442
486.350 25544.554
486.630 25576.685
486.909 25691.029
487.188 25759.885
487.467 25917.639
487.746 25979.034
488.025 26133.575
488.304 26199.757
488.583 26252.606
488.862 26326.540
489.141 26468.699
489.420 26574.728
489.699 26645.414
489.978 26757.485
490.257 26818.308
490.536 26913.332
490.815 27052.273
491.095 27115.885
491.374 27242.297
491.653 27306.101
491.932 27434.039
492.211 27530.003
492.490 27591.771
492.769 27733.147
493.048 27765.051
493.327 27899.948
493.606 27993.627
493.885 28035.348
494.164 28179.803
494.443 28278.929
494.722 28355.070
495.001 28447.561
495.280 28584.931
495.560 28609.445
495.839 28741.901
496.118 28797.921
496.397 28919.009
496.676 28999.735
496.955 29113.531
497.234 29172.946
497.513 29279.692
497.792 29366.935
498.071 29414.218
498.350 29578.201
498.629 29651.640
498.908 29742.183
499.187 29793.697
499.466 29909.274
499.745 29953.494
500.025 30072.159
500.304 30148.467
500.583 30190.486
500.862 30353.195
501.141 30451.885
501.420 30465.514
501.699 30504.241
501.978 30673.104
502.257 30694.580
502.536 30764.836
502.815 30868.665
503.094 30991.631
503.373 31100.721
503.652 31131.023
503.931 31254.512
504.211 31361.409
504.490 31426.251
504.769 31421.770
505.048 31550.414
505.327 31562.583
505.606 31680.920
505.885 31774.091
506.164 31826.935
506.443 31871.519
506.722 31966.092
507.001 32005.812
507.280 32063.914
507.559 32187.640
507.838 32249.435
508.117 32312.894
508.396 32375.713
508.676 32525.841
508.955 32511.982
509.234 32599.274
509.513 32663.274
509.792 32687.888
510.071 32719.682
510.350 32868.264
510.629 32917.544
510.908 32933.012
511.187 33021.216
511.466 33034.513
511.745 33137.112
512.024 33214.253
512.303 33240.207
512.582 33278.815
512.861 33333.006
513.141 33409.274
513.420 33451.712
513.699 33391.329
513.978 33550.026
514.257 33633.443
514.536 33615.288
514.815 33681.533
515.094 33716.554
515.373 33787.760
515.652 33818.398
515.931 33895.039
516.210 33952.430
516.489 33922.589
516.768 33967.698
517.047 34049.615
517.326 34060.361
517.606 34122.925
517.885 34179.227
518.164 34277.166
518.443 34314.203
518.722 34359.346
519.001 34424.711
519.280 34439.622
519.559 34536.534
519.838 34494.759
520.117 34571.648
520.396 34628.203
520.675 34681.299
520.954 34684.844
521.233 34735.067
521.512 34815.012
521.791 34851.113
522.071 34897.912
522.350 34986.089
522.629 35021.899
522.908 35034.370
523.187 35081.700
523.466 35143.198
523.745 35226.794
524.024 35239.806
524.303 35242.454
524.582 35316.701
524.861 35387.953
525.140 35418.231
525.419 35467.144
525.698 35514.915
525.977 35497.264
526.257 35547.266
526.536 35662.503
526.815 35714.203
527.094 35681.203
527.373 35706.475
527.652 35823.005
527.931 35880.097
528.210 35890.533
528.489 35929.498
528.768 36001.535
529.047 36047.032
529.326 36070.727
529.605 36104.750
529.884 36121.679
530.163 36226.907
530.442 36236.376
530.722 36228.583
531.001 36283.722
531.280 36359.139
531.559 36313.429
531.838 36384.317
532.117 36429.145
532.396 36527.536
532.675 36462.764
532.954 36558.754
533.233 36621.782
533.512 36666.604
533.791 36645.789
534.070 36713.906
534.349 36823.315
534.628 36804.542
534.907 36883.028
535.187 36898.193
535.466 36944.585
535.745 36940.789
536.024 36946.481
536.303 36986.315
536.582 37067.099
536.861 37117.590
537.140 37163.260
537.419 37201.509
537.698 37245.786
537.977 37236.971
538.256 37242.921
538.535 37261.050
538.814 37303.323
539.093 37305.232
539.372 37310.303
539.652 37413.387
539.931 37384.650
540.210 37443.928
540.489 37473.678
540.768 37504.387
541.047 37512.555
541.326 37612.085
541.605 37561.544
541.884 37633.237
542.163 37675.882
542.442 37607.273
542.721 37672.989
543.000 37686.476
543.279 37698.035
543.558 37711.522
543.837 37782.602
544.117 37774.669
544.396 37827.590
544.675 37784.319
544.954 37814.061
545.233 37850.631
545.512 37818.715
545.791 37868.037
546.070 37848.693
546.351 37836.120
546.632 37865.132
546.912 37858.361
547.193 37847.574
547.474 37814.659
547.755 37912.347
548.036 37807.286
548.317 37866.931
548.597 37906.620
548.878 37875.761
549.159 37878.661
549.440 37931.786
549.721 37915.410
550.001 37844.809
550.282 37893.163
550.563 37917.420
550.844 37969.593
551.125 37947.319
551.406 37922.323
551.686 37943.502
551.967 37886.715
552.248 37881.043
552.529 37882.856
552.810 37931.071
553.090 37897.516
553.371 37906.086
553.652 37902.326
553.933 37927.349
554.214 37862.165
554.495 37844.873
554.775 37873.690
555.056 37895.783
555.337 37885.215
555.618 37908.269
555.899 37923.638
556.179 37909.227
556.460 37960.100
556.741 37994.709
557.022 37892.893
557.303 37880.289
557.584 37907.032
557.864 37914.656
558.145 37872.225
558.426 37941.485
558.707 37964.661
558.988 37954.891
559.268 37915.123
559.549 37924.602
559.830 37863.449
560.111 37837.708
560.392 37841.141
560.673 37959.220
560.953 37922.721
561.234 38046.920
561.515 38030.150
561.796 37929.259
562.077 37870.772
562.357 37834.636
562.638 37904.762
562.919 37869.606
563.200 37950.325
563.481 37980.375
563.762 37995.449
564.042 37915.046
564.323 37841.836
564.604 37766.299
564.885 37781.153
565.166 37795.832
565.446 37796.634
565.727 37852.993
566.008 37820.849
566.289 37800.666
566.570 37750.714
566.851 37790.573
567.131 37702.373
567.412 37735.870
567.693 37685.194
567.974 37743.168
568.255 37630.342
568.535 37613.290
568.816 37645.740
569.097 37665.108
569.378 37564.575
569.659 37586.203
569.940 37581.187
570.220 37576.170
570.501 37647.679
570.782 37522.005
571.063 37460.359
571.344 37462.825
571.624 37405.246
571.905 37377.567
572.186 37380.574
572.467 37362.883
572.748 37340.131
573.029 37317.333
573.309 37355.561
573.590 37338.798
573.871 37302.238
574.152 37263.001
574.433 37265.012
574.713 37273.610
574.994 37147.303
575.275 37207.075
575.556 37083.920
575.837 37050.822
576.118 37083.079
576.398 36998.398
576.679 37023.624
576.960 37023.646
577.252 37024.655
577.543 36952.937
577.835 36898.390
578.127 36866.065
578.418 36834.751
578.710 36809.304
579.002 36709.495
579.293 36606.464
579.585 36707.300
579.877 36681.621
580.168 36629.843
580.460 36602.026
580.752 36611.793
581.043 36494.288
581.335 36511.100
581.627 36376.542
581.918 36425.753
582.210 36321.457
582.502 36257.039
582.793 36268.085
583.085 36284.786
583.376 36148.234
583.668 36192.143
583.960 36154.156
584.251 36118.157
584.543 36052.093
584.835 36000.386
585.126 35947.535
585.418 35889.388
585.710 35784.391
586.001 35734.545
586.293 35652.826
586.585 35684.426
586.876 35578.667
587.168 35461.755
587.460 35527.079
587.751 35450.638
588.043 35444.237
588.335 35414.240
588.626 35287.137
588.918 35231.707
589.210 35155.107
589.501 35135.248
589.793 35048.891
590.085 35047.936
590.376 34969.710
590.668 34947.399
590.960 34930.375
591.251 34867.666
591.543 34755.138
591.835 34753.552
592.126 34629.752
592.418 34605.902
592.710 34554.252
593.001 34561.253
593.293 34452.761
593.585 34368.268
593.876 34298.747
594.168 34304.419
594.460 34223.286
594.751 34131.109
595.043 34058.286
595.334 34006.783
595.626 33945.564
595.918 33880.041
596.209 33849.642
596.501 33729.372
596.793 33707.235
597.084 33576.680
597.376 33532.089
597.668 33494.413
597.959 33422.746
598.251 33341.557
598.543 33282.352
598.834 33168.069
599.126 33111.197
599.418 33060.604
599.709 33017.564
600.001 32904.519
600.293 32860.233
600.584 32794.499
600.876 32746.006
601.168 32682.426
601.459 32583.287
601.751 32517.032
602.043 32429.652
602.334 32375.713
602.626 32267.260
602.918 32207.201
603.209 32188.881
603.501 32196.422
603.793 32085.521
604.084 31946.476
604.376 31887.393
604.668 31854.058
604.959 31778.787
605.251 31614.684
605.543 31546.526
605.834 31524.455
606.126 31499.211
606.418 31397.706
606.709 31325.739
607.001 31237.405
607.292 31142.062
607.584 31077.614
607.876 31021.758
608.167 30904.882
608.459 30859.714
608.751 30765.795
609.042 30661.938
609.334 30653.371
609.626 30573.527
609.917 30477.317
610.209 30391.936
610.501 30430.355
610.792 30370.193
611.084 30294.185
611.376 30222.357
611.667 30145.532
611.959 30030.936
612.251 29947.503
612.542 29864.597
612.834 29802.128
613.126 29715.270
613.417 29653.722
613.709 29591.520
614.001 29524.533
614.292 29422.039
614.584 29381.765
614.876 29336.625
615.167 29228.095
615.459 29163.339
615.751 29106.063
616.042 29058.564
616.334 29018.247
616.626 28926.283
616.917 28861.761
617.209 28779.966
617.501 28749.955
617.792 28693.191
618.084 28679.332
618.376 28588.027
618.667 28542.268
618.959 28433.362
619.250 28432.517
619.542 28356.219
619.834 28333.196
620.125 28255.276
620.417 28191.857
620.709 28128.932
621.000 28132.802
621.292 27994.375
621.584 28013.702
621.875 27896.792
622.167 27853.312
622.459 27805.002
622.750 27709.628
623.042 27650.409
623.334 27620.456
623.625 27534.981
623.917 27449.438
624.209 27430.529
624.500 27373.467
624.792 27330.585
625.084 27282.133
625.375 27171.833
625.667 27137.047
625.959 27020.540
626.250 27026.390
626.542 26941.783
626.834 26887.197
627.125 26837.219
627.417 26791.364
627.709 26703.956
628.000 26655.078
628.292 26564.293
628.584 26505.041
628.875 26458.430
629.167 26438.250
629.459 26377.103
629.750 26338.715
630.042 26265.156
630.334 26172.543
630.625 26156.254
630.917 26138.740
631.208 26043.689
631.500 25942.697
631.792 25904.694
632.083 25835.110
632.375 25801.912
632.667 25753.610
632.958 25686.116
633.250 25654.769
633.542 25601.918
633.833 25534.784
634.125 25502.121
634.417 25425.083
634.708 25341.176
635.000 25326.367
635.292 25228.617
635.583 25195.248
635.875 25169.128
636.167 25092.017
636.458 25068.852
636.750 25101.002
637.042 24929.740
637.333 24927.801
637.625 24858.947
637.917 24822.618
638.208 24759.288
638.500 24776.097
638.792 24713.518
639.083 24631.346
639.375 24629.487
639.667 24545.439
639.958 24516.106
640.250 24453.648
640.542 24447.512
640.833 24387.781
641.125 24341.037
641.417 24352.107
641.708 24298.921
642.000 24245.572
642.292 24237.120
642.583 24225.920
642.875 24164.384
643.166 24133.073
643.458 24155.108
643.750 24126.898
644.041 24115.571
644.333 24061.794
644.625 24034.111
644.916 24042.318
645.208 24078.091
645.500 24007.375
645.791 23989.942
646.083 23946.919
646.375 23951.496
646.666 23974.388
646.958 23917.610
647.250 23936.839
647.541 23883.617
647.833 23837.934
648.125 23816.534
648.416 23834.881
648.708 23801.488
649.000 23791.376
649.291 23769.103
649.583 23730.214
649.875 23716.800
650.166 23712.843
650.458 23706.760
650.750 23713.894
651.041 23654.313
651.333 23652.457
651.625 23617.456
651.916 23634.416
652.208 23613.230
652.500 23578.745
652.791 23545.277
653.083 23526.110
653.375 23495.316
653.666 23508.874
653.958 23449.845
654.250 23500.922
654.541 23441.296
654.833 23427.611
655.124 23393.605
655.416 23372.397
655.708 23367.899
655.999 23371.671
656.291 23319.140
656.583 23291.084
656.874 23318.149
657.166 23307.730
657.458 23291.234
657.749 23251.384
658.041 23250.672
658.333 23278.740
658.624 23238.051
658.916 23233.287
659.208 23213.488
659.499 23219.415
659.791 23145.940
660.083 23154.674
660.374 23135.699
660.666 23146.354
660.958 23154.155
661.249 23114.771
661.541 23114.030
661.833 23069.925
662.124 23098.876
662.416 23097.046
662.708 23082.700
662.999 23097.135
663.291 23024.009
663.583 23055.907
663.874 23039.496
664.166 23062.720
664.458 22992.179
664.749 22992.177
665.041 23029.951
665.333 22977.645
665.624 22960.141
665.916 22938.801
666.208 22981.458
666.499 22925.072
666.791 22954.136
667.082 22880.365
667.374 22873.314
667.666 22837.284
667.957 22871.111
668.249 22854.524
668.541 22886.385
668.832 22830.775
669.124 22786.576
669.416 22809.685
669.707 22787.907
669.999 22789.867
670.291 22773.942
670.582 22778.416
670.874 22754.550
671.166 22763.415
671.457 22758.997
671.749 22750.111
672.041 22686.621
672.332 22678.713
672.624 22647.382
672.916 22646.390
673.207 22664.535
673.499 22626.464
673.791 22668.834
674.082 22628.077
674.374 22576.537
674.666 22589.483
674.957 22582.674
675.249 22522.791
675.541 22528.777
675.832 22542.290
676.124 22537.368
676.416 22521.872
676.707 22456.740
676.999 22438.701
677.291 22418.496
677.582 22445.602
677.874 22386.751
678.166 22420.337
678.457 22389.933
678.749 22377.834
679.040 22379.222
679.332 22359.401
679.624 22304.150
679.915 22314.577
680.207 22271.327
680.499 22268.286
680.790 22296.239
681.082 22253.598
681.374 22212.186
681.665 22196.123
681.957 22156.447
682.249 22138.274
682.540 22117.006
682.832 22069.023
683.124 22082.511
683.415 22066.166
683.707 22057.087
683.999 22064.249
684.290 22047.919
684.582 22021.278
684.874 21981.297
685.165 21954.675
685.457 21962.793
685.749 21927.883
686.040 21872.308
686.332 21833.423
686.624 21849.539
686.915 21803.442
687.207 21805.095
687.499 21770.313
687.790 21771.664
688.082 21752.054
688.374 21704.580
688.665 21659.170
688.957 21627.176
689.249 21646.781
689.540 21590.019
689.832 21569.377
690.124 21533.806
690.415 21512.109
690.707 21513.671
690.998 21447.022
691.290 21426.799
691.582 21384.398
691.873 21345.099
692.165 21334.755
692.457 21315.430
692.748 21276.839
693.040 21270.157
693.332 21209.833
693.623 21195.540
693.915 21167.559
694.207 21109.639
694.498 21106.304
694.790 21052.525
695.082 21021.457
695.373 21002.783
695.665 20975.809
695.957 20895.003
696.248 20869.094
696.540 20862.731
696.836 20836.964
697.133 20773.515
697.429 20735.405
697.725 20683.261
698.021 20658.716
698.318 20659.397
698.614 20576.687
698.910 20564.408
699.207 20537.941
699.503 20484.109
699.799 20441.206
700.095 20376.054
700.392 20394.666
700.688 20341.923
700.984 20279.295
701.281 20256.589
701.577 20242.389
701.873 20198.169
702.169 20178.150
702.466 20098.684
702.762 20030.539
703.058 20033.629
703.355 19958.411
703.651 19935.752
703.947 19878.202
704.243 19838.243
704.540 19825.059
704.836 19807.405
705.132 19685.746
705.428 19672.074
705.725 19626.254
706.021 19569.698
706.317 19554.911
706.614 19529.836
706.910 19489.354
707.206 19447.429
707.502 19414.706
707.799 19356.422
708.095 19270.998
708.391 19208.750
708.688 19199.361
708.984 19122.905
709.280 19106.376
709.576 19069.822
709.873 18986.344
710.169 18965.000
710.465 18910.211
710.762 18866.553
711.058 18794.886
711.354 18740.923
711.650 18709.056
711.947 18653.385
712.243 18609.639
712.539 18589.434
712.836 18506.092
713.132 18415.861
713.428 18404.770
713.724 18364.445
714.021 18304.659
714.317 18277.466
714.613 18204.544
714.910 18117.991
715.206 18093.798
715.502 18049.713
715.798 17963.475
716.095 17941.332
716.391 17863.369
716.687 17853.357
716.984 17808.309
717.280 17729.227
717.576 17687.495
717.872 17639.132
718.169 17595.490
718.465 17514.487
718.761 17481.485
719.058 17424.482
719.354 17388.091
719.650 17347.825
719.946 17301.474
720.243 17282.035
720.539 17178.469
720.835 17120.587
721.131 17099.463
721.428 17056.517
721.724 17019.497
722.020 16971.427
722.317 16911.364
722.613 16826.102
722.909 16806.253
723.205 16798.041
723.502 16719.442
723.798 16696.135
724.094 16642.436
724.391 16628.434
724.687 16570.860
724.983 16515.397
725.279 16433.691
725.576 16421.159
725.872 16367.948
726.168 16310.176
726.465 16298.920
726.761 16214.127
727.057 16144.398
727.353 16094.649
727.650 16087.789
727.946 16031.182
728.242 15986.506
728.539 15926.979
728.835 15878.486
729.131 15828.108
729.427 15773.874
729.724 15713.535
730.020 15640.692
730.316 15589.306
730.613 15582.387
730.909 15525.591
731.205 15461.372
731.501 15376.101
731.798 15324.816
732.094 15293.545
732.390 15229.683
732.687 15200.548
732.983 15119.441
733.279 15079.084
733.575 15031.837
733.872 14978.685
734.168 14932.422
734.464 14867.459
734.761 14815.653
735.057 14744.673
735.353 14714.188
735.649 14667.644
735.946 14606.408
736.242 14528.283
736.538 14478.701
736.835 14421.724
737.131 14356.819
737.427 14312.068
737.723 14265.006
738.020 14225.249
738.316 14148.188
738.612 14100.193
738.909 14045.386
739.205 13970.902
739.501 13951.263
739.797 13892.647
740.094 13803.795
740.390 13772.289
740.686 13731.453
740.982 13665.630
741.279 13599.482
741.575 13568.332
741.871 13512.979
742.168 13449.815
742.464 13396.923
742.760 13341.092
743.056 13307.412
743.353 13221.267
743.649 13193.379
743.945 13138.610
744.242 13123.026
744.538 13035.631
744.834 12955.131
745.130 12931.465
745.427 12893.151
745.723 12828.315
746.019 12787.829
746.316 12719.979
746.612 12698.047
746.908 12631.115
747.204 12556.745
747.501 12526.312
747.797 12478.547
748.093 12431.164
748.390 12378.893
748.686 12333.854
748.982 12261.529
749.278 12253.150
749.575 12198.799
749.871 12162.556
750.167 12105.127
750.464 12060.630
750.760 11978.367
751.056 11929.870
751.352 11871.324
751.649 11821.413
751.945 11809.493
752.241 11749.658
752.538 11715.147
752.834 11639.950
753.130 11601.141
753.426 11577.411
753.723 11513.088
754.019 11457.223
754.315 11415.303
754.611 11375.131
754.908 11315.812
755.204 11277.124
755.500 11206.121
755.797 11177.651
756.093 11098.114
756.389 11062.236
756.685 10995.098
756.982 10951.961
757.278 10917.855
757.574 10878.613
757.871 10825.396
758.167 10765.152
758.463 10713.228
758.759 10654.047
759.056 10621.568
759.352 10566.344
759.648 10507.104
759.945 10437.823
760.241 10430.652
760.537 10357.568
760.833 10324.006
761.130 10236.477
761.426 10189.000
761.722 10154.982
762.019 10110.936
762.315 10040.287
762.611 10017.162
762.907 9949.686
763.204 9936.463
763.500 9869.729
763.802 9803.059
764.104 9772.523
764.406 9704.774
764.708 9696.067
765.010 9637.022
765.312 9589.677
765.615 9538.469
765.917 9502.033
766.219 9420.041
766.521 9360.321
766.823 9346.148
767.125 9291.784
767.427 9259.622
767.729 9233.486
768.031 9179.675
768.333 9124.976
768.635 9074.084
768.937 9033.540
769.239 8994.879
769.542 8928.824
769.844 8888.170
770.146 8829.223
770.448 8794.458
770.750 8738.237
771.052 8694.756
771.354 8661.510
771.656 8597.089
771.958 8557.528
772.260 8512.672
772.562 8453.545
772.864 8434.173
773.166 8400.327
773.468 8354.358
773.771 8306.660
774.073 8264.193
774.375 8212.583
774.677 8170.657
774.979 8100.101
775.281 8080.588
775.583 8043.946
775.885 7994.768
776.187 7957.830
776.489 7926.107
776.791 7853.207
777.093 7824.305
777.395 7796.581
777.698 7753.203
778.000 7709.006
778.302 7686.069
778.604 7654.490
778.906 7566.273
779.208 7551.389
779.510 7494.684
779.812 7442.560
780.114 7416.326
780.416 7383.728
780.718 7326.628
781.020 7281.554
781.322 7246.717
781.625 7191.125
781.927 7160.799
782.229 7136.309
782.531 7090.803
782.833 7059.837
783.135 7012.202
783.437 6946.014
783.739 6925.173
784.041 6885.672
784.343 6841.062
784.645 6780.892
784.947 6760.931
785.249 6714.940
785.552 6681.009
785.854 6638.962
786.156 6596.205
786.458 6554.605
786.760 6530.077
787.062 6474.580
787.364 6439.397
787.666 6407.096
787.968 6340.418
788.270 6311.956
788.572 6276.087
788.874 6242.038
789.176 6196.740
789.478 6162.294
789.781 6149.696
790.083 6105.347
790.385 6042.376
790.687 6020.024
790.989 5979.357
791.291 5936.368
791.593 5926.785
791.895 5901.814
792.197 5854.810
792.499 5829.762
792.801 5771.939
793.103 5739.990
793.405 5726.037
793.708 5680.969
794.010 5649.152
794.312 5608.838
794.614 5534.809
794.916 5514.031
795.218 5485.790
795.520 5453.289
795.822 5426.364
796.124 5387.731
796.426 5346.695
796.728 5324.468
797.030 5289.987
797.332 5236.685
797.635 5205.689
797.937 5176.242
798.239 5159.078
798.541 5129.557
798.843 5071.676
799.145 5046.593
799.447 5018.318
799.749 4982.915
800.051 4927.023
800.353 4909.496
800.655 4857.287
800.957 4829.623
801.259 4815.391
801.562 4768.538
801.864 4746.467
802.166 4704.036
802.468 4668.922
802.770 4654.317
803.072 4632.284
803.374 4598.100
803.676 4564.298
803.978 4532.378
804.280 4477.336
804.582 4450.668
804.884 4428.222
805.186 4397.300
805.488 4368.133
805.791 4343.809
806.093 4304.664
806.395 4278.538
806.697 4257.169
806.999 4220.058
807.301 4193.762
807.603 4180.937
807.905 4151.735
808.207 4117.349
808.509 4089.664
808.811 4057.195
809.113 4021.901
809.415 4010.189
809.718 3982.951
810.020 3949.888
810.322 3918.053
810.624 3884.246
810.926 3871.781
811.228 3825.693
811.530 3816.390
811.834 3776.139
812.139 3741.983
812.443 3726.346
812.748 3704.118
813.052 3687.515
813.357 3666.079
813.661 3624.289
813.966 3607.435
814.270 3593.090
814.574 3559.511
814.879 3540.939
815.183 3512.258
815.488 3489.861
815.792 3470.865
816.097 3439.910
816.401 3417.624
816.706 3385.884
817.010 3374.840
817.314 3355.824
817.619 3333.323
817.923 3316.842
818.228 3286.553
818.532 3252.194
818.837 3246.733
819.141 3213.756
819.445 3175.968
819.750 3176.131
820.054 3161.561
820.359 3133.220
820.663 3110.423
820.968 3080.182
821.272 3069.645
821.577 3040.172
821.881 3019.274
822.185 3019.324
822.490 2984.969
822.794 2969.726
823.099 2941.066
823.403 2926.539
823.708 2899.931
824.012 2885.381
824.317 2856.668
824.621 2829.869
824.925 2828.580
825.230 2812.276
825.534 2787.547
825.839 2767.941
826.143 2739.855
826.448 2730.688
826.752 2715.284
827.057 2703.837
827.361 2682.596
827.665 2664.570
827.970 2662.631
828.274 2630.353
828.579 2617.621
828.883 2604.995
829.188 2579.339
829.492 2551.251
829.796 2535.737
830.101 2517.229
830.405 2518.709
830.710 2498.641
831.014 2469.196
831.319 2450.891
831.623 2449.902
831.928 2443.332
832.232 2415.686
832.536 2398.699
832.841 2383.248
833.145 2362.178
833.450 2347.333
833.754 2337.378
834.059 2327.078
834.363 2313.428
834.668 2298.348
834.972 2274.869
835.276 2267.108
835.581 2250.537
835.885 2240.957
836.190 2220.672
836.494 2200.424
836.799 2200.217
837.103 2200.211
837.407 2173.296
837.712 2154.079
838.016 2150.299
838.321 2127.930
838.625 2121.131
838.930 2111.087
839.234 2096.978
839.539 2084.588
839.843 2076.564
840.147 2053.840
840.452 2034.216
840.756 2026.970
841.061 2014.520
841.365 1998.889
841.670 1997.834
841.974 1982.138
842.279 1971.583
842.583 1959.950
842.887 1948.324
843.192 1948.154
843.496 1925.895
843.801 1922.390
844.105 1894.559
844.410 1886.986
844.714 1880.208
845.019 1880.889
845.323 1866.520
845.627 1857.452
845.932 1844.911
846.236 1831.356
846.541 1820.592
846.845 1813.901
847.150 1813.073
847.454 1790.039
847.758 1791.977
848.063 1778.940
848.367 1767.278
848.672 1765.614
848.976 1754.594
849.281 1750.616
849.585 1726.925
849.890 1733.768
850.194 1704.548
850.498 1713.367
850.803 1697.777
851.107 1708.438
851.412 1699.715
851.716 1677.461
852.021 1659.106
852.325 1657.591
852.630 1654.548
852.934 1642.786
853.238 1623.824
853.543 1623.964
853.847 1601.478
854.152 1606.645
854.456 1595.832
854.761 1590.714
855.065 1577.771
855.370 1570.119
855.674 1550.905
855.978 1566.665
856.283 1550.558
856.587 1550.113
856.892 1525.648
857.196 1523.834
857.501 1516.741
857.805 1512.918
858.109 1504.898
858.414 1496.970
858.718 1496.449
859.023 1480.380
859.327 1474.197
859.632 1473.375
859.936 1457.102
860.241 1452.368
860.545 1436.946
860.849 1452.284
861.154 1440.564
861.458 1430.406
861.763 1430.676
862.067 1425.734
862.372 1418.587
862.676 1406.953
862.981 1400.901
863.285 1399.924
863.589 1390.670
863.894 1390.918
864.198 1395.141
864.503 1382.014
864.807 1378.893
865.112 1370.862
865.416 1363.915
865.721 1365.610
866.025 1359.650
866.329 1373.798
866.634 1363.466
866.938 1362.705
867.243 1353.076
867.547 1337.715
867.852 1338.317
868.156 1331.584
868.460 1326.705
868.765 1332.492
869.069 1345.539
869.374 1324.316
869.678 1315.856
869.983 1313.185
870.287 1322.542
870.592 1318.599
870.896 1313.223
871.200 1313.217
871.505 1315.583
871.809 1297.876
872.114 1293.361
872.418 1297.328
872.723 1286.779
873.027 1292.442
873.332 1292.700
873.636 1293.332
873.940 1278.647
874.245 1286.106
874.549 1282.493
874.854 1272.815
875.158 1271.739
875.463 1274.856
875.767 1266.720
876.072 1265.386
876.376 1262.428
876.680 1261.754
876.985 1251.566
877.289 1256.312
877.594 1250.425
877.898 1245.663
878.203 1238.410
878.507 1234.568
878.811 1243.368
879.116 1236.795
879.420 1230.861
879.725 1219.557
880.029 1227.629
880.334 1218.836
880.638 1209.227
880.943 1215.389
881.247 1210.124
881.551 1198.119
881.856 1205.030
882.160 1194.474
882.465 1195.731
882.769 1205.174
883.074 1185.541
883.378 1190.815
883.683 1188.084
883.987 1192.794
884.291 1194.429
884.596 1189.709
884.900 1195.680
885.205 1191.685
885.509 1191.118
885.814 1194.221
886.118 1209.303
886.423 1200.742
886.727 1212.930
887.031 1211.103
887.336 1216.039
887.640 1224.033
887.945 1226.466
888.249 1224.224
888.554 1232.846
888.858 1230.592
889.162 1234.874
889.467 1243.539
889.771 1243.532
890.076 1244.217
890.380 1251.991
890.685 1256.332
890.989 1240.979
891.294 1244.414
891.598 1238.653
891.902 1255.858
892.207 1247.594
892.511 1254.927
892.816 1246.890
893.120 1241.817
893.425 1260.449
893.729 1252.611
894.034 1240.178
894.338 1250.300
894.642 1248.909
894.947 1254.203
895.251 1249.125
895.556 1255.818
895.860 1257.898
896.165 1254.190
896.469 1250.715
896.774 1249.551
897.078 1246.299
897.382 1250.231
897.687 1255.099
897.991 1253.470
898.296 1258.349
898.600 1254.621
898.905 1259.507
899.209 1259.741
899.513 1242.959
899.818 1249.708
900.122 1243.625
900.427 1237.566
900.731 1243.383
901.036 1248.978
901.340 1260.906
901.645 1241.010
901.949 1248.952
902.253 1245.195
902.558 1251.282
902.862 1248.224
903.167 1247.977
903.471 1239.277
903.776 1244.659
904.080 1238.771
904.385 1246.297
904.689 1242.980
904.993 1237.761
905.298 1234.917
905.602 1243.161
905.907 1247.892
906.211 1240.793
906.516 1237.225
906.820 1238.119
907.125 1240.278
907.429 1247.374
907.733 1239.997
908.038 1225.423
908.342 1233.041
908.647 1232.811
908.951 1230.679
909.256 1238.011
909.560 1232.277
909.864 1234.117
910.169 1227.925
910.473 1218.566
910.778 1218.977
911.082 1223.121
911.387 1236.950
911.691 1217.994
911.996 1218.404
912.300 1233.029
912.609 1220.946
912.918 1223.079
913.227 1215.149
913.537 1221.134
913.846 1219.949
914.155 1210.153
914.464 1216.157
914.773 1216.017
915.082 1209.002
915.391 1212.112
915.700 1209.188
916.010 1211.741
916.319 1207.834
916.628 1208.434
916.937 1219.179
917.246 1204.707
917.555 1195.701
917.864 1204.111
918.174 1208.024
918.483 1203.893
918.792 1206.450
919.101 1205.863
919.410 1203.886
919.719 1197.571
920.028 1197.562
920.337 1203.090
920.647 1200.309
920.956 1195.927
921.265 1197.514
921.574 1198.094
921.883 1195.100
922.192 1195.480
922.501 1202.652
922.811 1191.048
923.120 1193.426
923.429 1197.622
923.738 1181.383
924.047 1204.236
924.356 1204.227
924.665 1188.690
924.974 1183.821
925.284 1187.220
925.593 1190.247
925.902 1192.418
926.211 1186.299
926.520 1189.730
926.829 1180.537
927.138 1172.717
927.448 1185.356
927.757 1183.862
928.066 1175.450
928.375 1175.982
928.684 1182.527
928.993 1189.937
929.302 1179.969
929.611 1177.404
929.921 1178.990
930.230 1160.230
930.539 1176.212
930.848 1173.432
931.157 1171.689
931.466 1171.892
931.775 1161.116
932.085 1171.205
932.394 1162.128
932.703 1162.639
933.012 1165.660
933.321 1161.304
933.630 1153.281
933.939 1163.230
934.248 1166.140
934.558 1164.640
934.867 1165.171
935.176 1171.402
935.485 1174.859
935.794 1167.993
936.103 1177.763
936.412 1175.740
936.721 1174.804
937.031 1177.779
937.340 1179.520
937.649 1190.726
937.958 1197.424
938.267 1185.810
938.576 1200.457
938.885 1204.147
939.195 1218.789
939.504 1223.977
939.813 1226.414
940.122 1232.313
940.431 1234.989
940.740 1239.037
941.049 1241.062
941.359 1226.230
941.668 1243.067
941.977 1234.644
942.286 1250.620
942.595 1255.020
942.904 1238.828
943.213 1244.302
943.522 1227.701
943.832 1231.660
944.141 1223.905
944.450 1230.488
944.759 1214.998
945.068 1235.344
945.377 1223.338
945.686 1217.139
945.995 1224.920
946.305 1211.169
946.614 1216.338
946.923 1207.026
947.232 1200.645
947.541 1186.952
947.850 1184.460
948.159 1181.099
948.469 1164.155
948.778 1170.903
949.087 1163.238
949.396 1149.964
949.705 1150.290
950.014 1146.348
950.323 1135.395
950.632 1120.171
950.942 1124.824
951.251 1139.797
951.560 1121.375
951.869 1106.325
952.178 1095.208
952.487 1093.308
952.796 1087.625
953.106 1078.133
953.415 1073.690
953.724 1067.182
954.033 1081.788
954.342 1065.020
954.651 1061.025
954.960 1038.796
955.269 1026.326
955.579 1026.281
955.888 1027.236
956.197 1024.729
956.506 1031.621
956.815 1003.393
957.124 1004.513
957.433 982.553
957.743 994.128
958.052 984.988
958.361 973.649
958.670 979.418
958.979 966.121
959.288 961.661
959.597 954.160
959.906 969.820
960.216 937.036
960.525 946.982
960.834 936.329
961.143 925.873
961.452 941.379
961.761 920.026
962.070 918.387
962.380 912.332
962.689 903.250
962.998 903.543
963.307 894.693
963.616 890.712
963.925 880.852
964.234 874.463
964.543 879.620
964.853 875.728
965.162 876.733
965.471 865.127
965.780 862.619
966.095 851.601
966.410 851.477
966.725 853.479
967.040 852.344
967.356 835.479
967.671 840.466
967.986 833.453
968.301 829.440
968.616 831.427
968.931 830.414
969.246 826.401
969.561 835.388
969.876 832.375
970.192 826.362
970.507 832.349
970.822 821.336
971.137 806.323
971.452 806.310
971.767 812.296
972.082 812.283
972.397 804.270
972.712 810.257
973.028 804.243
973.343 821.230
973.658 803.216
973.973 802.203
974.288 802.190
974.603 807.176
974.918 805.162
975.233 810.149
975.548 802.135
975.864 798.122
976.179 796.108
976.494 800.094
976.809 799.081
977.124 788.067
977.439 782.053
977.754 791.039
978.069 789.025
978.384 793.011
978.700 788.997
979.015 782.983
979.330 780.969
979.645 776.955
979.960 774.941
980.275 780.927
980.590 781.913
980.905 781.899
981.221 769.885
981.536 764.870
981.851 775.856
982.166 763.842
982.481 764.827
982.796 762.813
983.111 755.799
983.426 756.784
983.741 750.770
984.057 751.755
984.372 752.741
984.687 750.726
985.002 746.711
985.317 736.697
985.632 739.682
985.947 732.667
986.262 737.653
986.577 743.638
986.893 729.623
987.208 733.608
987.523 733.593
987.838 731.578
988.153 731.563
988.468 734.548
988.783 731.533
989.098 724.518
989.413 716.503
989.729 729.488
990.044 725.472
990.359 720.457
990.674 725.442
990.989 720.427
991.304 729.411
991.619 735.396
991.934 728.380
992.249 734.365
992.565 733.349
992.880 734.334
993.195 719.318
993.510 726.303
993.825 715.287
994.140 725.271
994.455 720.256
994.770 731.240
995.085 729.224
995.401 733.208
995.716 716.192
996.031 722.176
996.346 719.160
996.661 722.144
996.976 731.128
997.291 732.112
997.606 731.096
997.921 722.080
998.237 724.064
998.552 730.047
998.867 734.031
999.182 742.015
999.497 735.998
999.812 743.982
1000.127 739.966
1000.442 733.949
1000.757 739.932
1001.073 750.916
1001.388 749.899
1001.703 745.883
1002.018 747.866
1002.333 755.849
1002.648 754.832
1002.963 765.816
1003.278 759.799
1003.593 767.456
1003.909 765.441
1004.224 764.425
1004.539 779.409
1004.854 765.393
1005.169 775.377
1005.484 779.361
1005.799 779.345
1006.114 784.329
1006.429 783.313
1006.745 790.297
1007.060 788.281
1007.375 808.265
1007.690 791.249
1008.005 799.233
1008.320 811.216
1008.635 806.200
1008.950 815.184
1009.265 811.167
1009.581 819.151
1009.896 818.134
1010.211 827.118
1010.526 837.101
1010.841 828.085
1011.156 822.068
1011.471 831.051
1011.786 833.035
1012.102 841.018
1012.417 845.001
1012.732 848.984
1013.047 851.967
1013.362 851.950
1013.677 854.933
1013.992 859.916
1014.307 858.899
1014.622 869.882
1014.938 859.865
1015.253 863.848
1015.568 882.831
1015.883 876.813
1016.198 879.796
1016.513 883.779
1016.828 875.761
1017.143 884.744
1017.458 886.726
1017.774 890.709
1018.089 893.691
1018.404 902.673
1018.719 904.656
1019.034 910.638
1019.349 916.620
1019.664 909.603
1019.979 918.585
1020.294 919.567
1020.610 924.549
1020.925 924.531
1021.240 934.513
1021.555 931.495
1021.870 946.477
1022.185 939.458
1022.500 951.440
1022.815 951.422
1023.130 949.403
1023.446 952.385
1023.761 962.367
1024.076 967.348
1024.391 979.330
1024.706 974.311
1025.021 975.293
1025.336 980.274
1025.651 979.255
1025.966 989.236
1026.282 998.218
1026.597 993.199
1026.912 999.180
1027.227 1009.161
1027.542 1013.142
1027.857 1010.123
1028.172 1013.104
1028.487 1022.085
1028.802 1037.066
1029.118 1040.046
1029.433 1040.027
1029.748 1034.008
1030.063 1042.988
1030.378 1049.969
1030.693 1054.949
1031.008 1049.930
1031.323 1062.910
1031.638 1057.891
1031.954 1062.871
1032.269 1071.851
1032.584 1072.832
1032.899 1073.812
1033.214 1072.792
1033.529 1071.772
1033.844 1087.752
1034.159 1075.732
1034.474 1087.712
1034.790 1098.692
1035.105 1082.671
1035.420 1093.651
1035.735 1101.631
1036.050 1103.611
1036.365 1105.590
1036.680 1100.570
1036.995 1101.549
1037.310 1099.529
1037.626 1098.508
1037.941 1099.487
1038.256 1101.467
1038.571 1113.446
1038.886 1118.425
1039.201 1120.404
1039.516 1121.383
1039.831 1107.362
1040.146 1116.341
1040.462 1121.320
1040.777 1126.299
1041.092 1117.278
1041.407 1112.256
1041.722 1124.235
1042.037 1116.214
1042.352 1112.192
1042.667 1108.171
1042.982 1113.149
1043.298 1111.128
1043.613 1117.106
1043.928 1120.084
1044.243 1123.063
1044.558 1114.041
1044.873 1122.019
1045.188 1122.997
1045.503 1108.975
1045.819 1109.953
1046.134 1107.931
1046.449 1111.909
1046.764 1109.887
1047.079 1114.864
1047.394 1103.842
1047.709 1108.820
1048.024 1107.797
1048.339 1111.775
1048.655 1110.752
1048.970 1097.729
1049.285 1095.707
1049.600 1102.684
1049.915 1090.661
1050.230 1099.638
1050.545 1111.615
1050.860 1102.592
1051.175 1101.569
1051.491 1096.546
1051.806 1095.523
1052.121 1090.500
1052.436 1087.477
1052.751 1088.453
1053.066 1082.430
1053.381 1092.406
1053.696 1079.383
1054.011 1084.359
1054.327 1078.336
1054.642 1079.312
1054.957 1079.288
1055.272 1077.264
1055.587 1081.241
1055.902 1076.217
1056.217 1066.193
1056.532 1067.168
1056.847 1064.144
1057.163 1066.120
1057.478 1062.096
1057.793 1056.072
1058.108 1045.047
1058.423 1059.023
1058.738 1046.998
1059.053 1049.974
1059.368 1051.949
1059.683 1054.924
1059.999 1044.900
1060.314 1061.875
1060.629 1044.850
1060.944 1040.825
1061.259 1043.800
1061.574 1043.775
1061.889 1040.750
1062.204 1048.724
1062.519 1045.699
1062.835 1045.674
1063.150 1033.648
1063.465 1030.623
1063.780 1041.597
1064.095 1043.572
1064.410 1031.546
1064.725 1044.520
1065.040 1044.494
1065.355 1045.468
1065.671 1034.442
1065.986 1032.416
1066.301 1023.390
1066.616 1021.364
1066.931 1024.338
1067.246 1031.312
1067.561 1027.285
1067.876 1026.259
1068.191 1020.232
1068.507 1025.206
1068.822 1030.179
1069.137 1021.152
1069.452 1019.126
1069.767 1017.099
1070.082 1007.072
1070.397 1024.045
1070.712 1021.018
1071.027 1001.991
1071.343 1003.964
1071.658 1005.936
1071.973 1017.909
1072.288 1009.882
1072.603 1005.854
1072.918 1008.827
1073.233 1011.799
1073.548 1006.771
1073.863 1009.743
1074.179 1010.716
1074.494 996.688
1074.809 1002.660
1075.124 997.632
1075.439 999.604
1075.754 988.575
1076.069 994.547
1076.384 995.519
1076.699 995.490
1077.015 990.462
1077.330 986.433
1077.645 991.405
1077.960 994.376
1078.275 984.347
1078.590 989.318
1078.905 984.289
1079.220 980.260
1079.536 984.231
1079.851 975.202
1080.166 986.173
1080.481 976.144
1080.796 971.114
1081.111 970.085
1081.426 978.055
1081.741 979.026
1082.056 977.996
1082.372 978.966
1082.687 974.936
1083.002 976.906
1083.317 965.876
1083.632 977.846
1083.947 965.816
1084.262 972.786
1084.577 968.756
1084.892 975.725
1085.208 971.695
1085.523 977.664
1085.838 958.634
1086.153 964.603
1086.468 966.572
1086.783 967.541
1087.098 959.510
1087.413 965.479
1087.728 965.448
1088.044 952.417
1088.359 956.386
1088.674 959.355
1088.989 958.323
1089.304 956.292
1089.619 963.260
1089.934 960.228
1090.249 963.197
1090.564 952.165
1090.880 949.133
1091.195 956.101
1091.510 952.069
1091.825 953.037
1092.140 946.005
1092.467 952.972
1092.794 958.940
1093.121 956.908
1093.448 941.875
1093.775 946.842
1094.102 944.810
1094.429 948.777
1094.756 944.744
1095.083 934.711
1095.410 938.678
1095.737 940.645
1096.064 934.612
1096.391 934.579
1096.718 937.545
1097.045 943.512
1097.372 930.478
1097.699 934.445
1098.026 930.411
1098.353 925.377
1098.680 925.343
1099.007 928.309
1099.334 932.275
1099.661 931.241
1099.988 935.207
1100.315 923.173
1100.642 922.138
1100.969 929.104
1101.296 930.069
1101.623 924.035
1101.950 932.000
1102.277 935.965
1102.604 933.930
1102.931 934.895
1103.258 931.860
1103.585 930.825
1103.912 936.790
1104.239 925.755
1104.566 930.719
1104.893 933.684
1105.220 921.648
1105.547 930.612
1105.874 935.577
1106.201 916.541
1106.528 925.505
1106.855 926.469
1107.182 927.433
1107.509 919.397
1107.836 918.360
1108.163 925.324
1108.490 930.287
1108.817 923.251
1109.144 928.214
1109.470 921.178
1109.797 924.141
1110.124 921.104
1110.451 923.067
1110.778 930.030
1111.105 933.993
1111.432 931.955
1111.759 930.918
1112.086 926.881
1112.413 916.843
1112.740 917.805
1113.067 926.768
1113.394 944.730
1113.721 931.692
1114.048 923.654
1114.375 917.616
1114.702 924.578
1115.029 927.540
1115.356 921.501
1115.683 920.463
1116.010 913.424
1116.337 913.386
1116.664 910.347
1116.991 904.308
1117.318 909.269
1117.645 909.230
1117.972 912.191
1118.299 906.152
1118.626 911.113
1118.953 904.074
1119.280 906.034
1119.607 917.995
1119.934 904.955
1120.261 905.915
1120.588 901.876
1120.915 897.836
1121.242 893.796
1121.569 895.756
1121.896 898.716
1122.223 894.675
1122.550 901.635
1122.877 896.595
1123.204 893.554
1123.531 895.513
1123.858 891.473
1124.185 909.432
1124.512 889.391
1124.839 892.350
1125.166 891.309
1125.493 891.268
1125.820 899.227
1126.147 885.185
1126.474 882.144
1126.801 885.102
1127.128 890.061
1127.455 887.019
1127.782 886.977
1128.109 877.935
1128.436 884.893
1128.763 877.851
1129.090 876.809
1129.417 876.767
1129.744 885.724
1130.071 869.682
1130.398 871.639
1130.725 870.597
1131.052 877.554
1131.379 858.511
1131.706 856.468
1132.033 859.425
1132.360 855.382
1132.687 868.339
1133.014 858.296
1133.341 856.252
1133.668 859.209
1133.995 851.165
1134.322 860.122
1134.649 851.078
1134.976 846.034
1135.303 844.990
1135.630 849.946
1135.957 840.902
1136.284 837.858
1136.611 828.814
1136.938 834.769
1137.265 831.725
1137.592 823.680
1137.919 836.636
1138.246 818.591
1138.573 822.546
1138.900 816.501
1139.227 812.456
1139.554 800.411
1139.881 803.366
1140.208 790.321
1140.535 794.275
1140.862 805.230
1141.189 795.184
1141.516 793.139
1141.843 778.093
1142.170 777.047
1142.497 776.001
1142.824 775.955
1143.151 779.909
1143.478 771.863
1143.805 779.817
1144.131 778.771
1144.458 766.724
1144.785 770.678
1145.112 767.631
1145.439 762.584
1145.766 773.538
1146.093 771.491
1146.420 787.444
1146.747 758.397
1147.074 754.350
1147.401 761.302
1147.728 755.255
1148.055 760.208
1148.382 762.160
1148.709 756.113
1149.036 759.065
1149.363 754.017
1149.690 753.970
1150.017 755.922
1150.344 760.874
1150.671 744.826
1150.998 759.777
1151.325 753.729
1151.652 739.681
1151.979 746.633
1152.306 743.584
1152.633 750.536
1152.960 742.487
1153.287 739.438
1153.614 745.389
1153.941 742.340
1154.268 747.292
1154.595 744.242
1154.922 743.193
1155.249 753.144
1155.576 738.095
1155.903 744.046
1156.230 754.996
1156.557 740.947
1156.884 735.897
1157.211 739.847
1157.538 752.798
1157.865 752.748
1158.192 750.698
1158.519 744.648
1158.846 741.598
1159.173 744.548
1159.500 736.498
1159.827 736.447
1160.154 732.397
1160.481 733.347
1160.808 742.296
1161.135 735.245
1161.462 733.195
1161.789 737.144
1162.116 728.093
1162.443 723.043
1162.770 713.992
1163.097 728.941
1163.424 726.890
1163.751 722.838
1164.078 717.787
1164.405 726.736
1164.732 723.685
1165.059 724.633
1165.386 726.582
1165.713 720.530
1166.040 740.479
1166.367 712.427
1166.694 723.375
1167.021 731.324
1167.348 726.272
1167.675 710.220
1168.002 716.168
1168.329 710.116
1168.656 712.064
1168.983 694.012
1169.310 713.959
1169.637 714.907
1169.964 701.855
1170.291 701.802
1170.618 689.750
1170.945 675.698
1171.272 671.645
1171.599 672.592
1171.926 662.540
1172.253 660.487
1172.580 650.434
1172.907 641.381
1173.234 645.329
1173.561 635.276
1173.888 640.223
1174.215 629.170
1174.542 621.117
1174.869 626.064
1175.196 630.010
1175.523 629.957
1175.850 627.904
1176.177 634.851
1176.504 628.797
1176.831 630.744
1177.158 625.691
1177.485 629.637
1177.812 624.584
1178.139 620.530
1178.465 616.477
1178.792 622.423
1179.119 606.369
1179.446 609.316
1179.773 606.262
1180.100 603.208
1180.427 600.155
1180.754 602.101
1181.081 597.047
1181.408 592.993
1181.735 577.939
1182.062 601.885
1182.389 577.831
1182.716 574.777
1183.043 576.723
1183.370 577.669
1183.697 580.615
1184.024 576.561
1184.351 571.507
1184.678 570.453
1185.005 568.399
1185.332 574.345
1185.659 581.290
1185.986 564.236
1186.313 572.182
1186.640 576.128
1186.967 566.074
1187.294 572.019
1187.621 574.965
1187.948 565.911
1188.275 560.857
1188.602 561.802
1188.929 555.748
1189.256 551.694
1189.583 544.639
1189.910 560.585
1190.237 540.531
1190.564 548.477
1190.891 544.422
1191.218 538.368
1191.545 543.314
1191.872 539.259
1192.199 534.205
1192.526 541.151
1192.853 549.097
1193.180 544.042
1193.507 538.988
1193.834 531.934
1194.161 530.880
1194.488 530.825
1194.815 524.771
1195.142 529.717
1195.469 526.663
1195.796 518.609
1196.123 525.555
1196.450 521.500
1196.777 511.446
1197.104 513.392
1197.431 519.338
1197.758 516.284
1198.085 511.230
1198.412 519.176
1198.739 517.122
1199.066 523.069
1199.393 509.015
1199.720 496.961
1200.047 498.907
1200.374 507.853
1200.701 497.800
1201.028 488.746
1201.355 497.692
1201.682 491.639
1202.009 479.585
1202.336 481.532
1202.663 481.479
1202.990 480.425
1203.317 466.372
1203.644 469.319
1203.971 473.265
1204.298 482.212
1204.625 469.159
1204.952 463.106
1205.279 466.053
1205.606 471.000
1205.933 459.947
1206.260 453.895
1206.587 454.842
1206.914 453.789
1207.241 452.737
1207.568 456.684
1207.895 445.632
1208.222 453.579
1208.549 444.527
1208.876 444.475
1209.203 448.423
1209.530 438.371
1209.857 435.319
1210.184 429.267
1210.511 427.215
1210.838 431.164
1211.165 431.112
1211.492 419.060
1211.819 418.009
1212.146 418.958
1212.473 407.907
1212.799 416.855
1213.126 420.804
1213.453 416.753
1213.780 399.703
1214.107 411.652
1214.434 401.601
1214.761 401.551
1215.088 402.501
1215.415 393.450
1215.742 399.400
1216.069 397.350
1216.396 393.300
1216.723 392.250
1217.050 391.201
1217.377 383.151
1217.704 383.102
1218.031 380.053
1218.358 371.003
1218.685 372.954
1219.012 371.905
1219.339 377.857
1219.666 380.808
1219.993 362.760
1220.320 358.711
1220.647 359.663
1220.974 361.615
1221.301 355.567
1221.628 343.519
1221.955 347.472
1222.282 364.424
1222.609 352.377
1222.936 340.330
1223.263 338.283
1223.590 343.236
1223.917 344.189
1224.244 341.143
1224.571 334.096
1224.898 338.050
1225.225 329.004
1225.552 327.958
1225.879 327.913
1226.206 324.867
1226.533 320.822
1226.860 330.777
1227.187 319.732
1227.514 318.687
1227.841 327.642
1228.168 319.598
1228.495 318.554
1228.822 317.510
1229.149 316.466
1229.476 314.422
1229.803 313.379
1230.130 305.336
1230.457 306.292
1230.784 294.250
1231.111 295.207
1231.438 301.165
1231.765 306.122
1232.092 292.080
1232.419 298.038
1232.746 298.997
