168.180 1.460
168.450 54.459
168.720 61.459
168.990 69.459
169.260 66.459
169.530 62.458
169.799 60.458
170.069 65.458
170.339 80.458
170.609 73.457
170.879 67.457
171.149 73.457
171.418 70.456
171.688 74.456
171.958 67.456
172.228 64.456
172.498 66.455
172.768 70.455
173.037 67.455
173.307 62.454
173.577 68.454
173.847 71.454
174.117 66.454
174.387 63.453
174.656 74.453
174.926 68.453
175.196 67.452
175.466 69.452
175.736 75.452
176.006 70.452
176.275 69.451
176.545 75.451
176.815 71.451
177.085 75.450
177.355 63.450
177.625 69.450
177.894 60.449
178.164 67.449
178.434 66.449
178.704 69.449
178.974 73.448
179.244 73.448
179.513 66.448
179.783 74.447
180.053 71.447
180.323 70.447
180.593 69.447
180.863 67.446
181.132 64.446
181.402 67.446
181.672 59.445
181.942 66.445
182.212 69.445
182.482 65.445
182.751 68.444
183.021 67.444
183.291 65.444
183.561 75.443
183.831 73.443
184.101 77.443
184.370 63.442
184.640 76.442
184.910 72.442
185.164 67.442
185.417 72.441
185.671 82.441
185.925 73.441
186.178 71.440
186.432 72.440
186.686 75.440
186.939 69.440
187.193 70.439
187.447 71.439
187.700 76.439
187.954 76.438
188.207 72.438
188.461 76.438
188.715 64.437
188.968 77.437
189.222 78.437
189.476 73.437
189.729 71.436
189.983 73.436
190.237 74.436
190.490 66.435
190.744 61.435
190.998 78.435
191.251 72.434
191.505 64.434
191.759 66.434
192.012 68.434
192.266 67.433
192.520 65.433
192.773 66.433
193.027 59.432
193.281 75.432
193.534 74.432
193.788 66.431
194.042 74.431
194.295 68.431
194.549 74.430
194.802 65.430
195.056 58.430
195.310 70.430
195.563 58.429
195.817 63.429
196.071 73.429
196.324 82.428
196.578 75.428
196.832 65.428
197.085 78.427
197.339 78.427
197.593 68.427
197.846 76.427
198.100 74.426
198.354 66.426
198.607 68.426
198.861 69.425
199.115 68.425
199.368 67.425
199.622 69.424
199.876 75.424
200.129 79.424
200.383 73.423
200.636 75.423
200.890 66.423
201.144 77.422
201.397 72.422
201.651 70.422
201.905 76.422
202.158 72.421
202.412 74.421
202.666 77.421
202.919 73.420
203.173 79.420
203.427 83.420
203.680 78.419
203.934 80.419
204.188 73.419
204.441 70.418
204.695 63.418
204.949 74.418
205.202 79.417
205.456 75.417
205.710 83.417
205.963 72.417
206.217 69.416
206.471 69.416
206.724 74.416
206.978 83.415
207.231 74.415
207.485 83.415
207.739 78.414
207.992 62.414
208.246 74.414
208.500 74.413
208.753 75.413
209.007 71.413
209.261 69.412
209.514 70.412
209.768 69.412
210.022 73.411
210.275 75.411
210.529 68.411
210.783 76.410
211.036 74.410
211.290 68.410
211.544 74.410
211.797 74.409
212.051 72.409
212.305 73.409
212.558 73.408
212.812 72.408
213.065 71.408
213.319 69.407
213.573 68.407
213.826 66.407
214.080 72.406
214.334 78.406
214.587 83.406
214.841 80.405
215.095 78.405
215.348 88.405
215.602 75.404
215.856 75.404
216.109 75.404
216.363 73.403
216.617 83.403
216.870 77.403
217.124 73.402
217.378 80.402
217.631 71.402
217.885 64.401
218.139 79.401
218.392 78.401
218.646 78.400
218.900 77.400
219.153 77.400
219.407 81.399
219.660 79.399
219.914 74.399
220.168 77.398
220.421 74.398
220.675 73.398
220.929 73.397
221.182 75.397
221.436 78.397
221.690 71.396
221.943 75.396
222.197 76.396
222.451 72.395
222.704 82.395
222.958 77.395
223.212 76.394
223.465 79.394
223.719 84.394
223.973 79.393
224.226 73.393
224.480 80.393
224.734 74.392
224.987 82.392
225.241 72.392
225.494 79.391
225.748 82.391
226.002 73.391
226.255 72.390
226.509 87.390
226.763 78.390
227.016 71.389
227.270 78.389
227.524 74.389
227.777 77.388
228.031 78.388
228.285 72.388
228.538 74.387
228.792 83.387
229.046 82.387
229.299 73.386
229.553 84.386
229.807 78.386
230.060 82.385
230.314 79.385
230.568 69.385
230.821 76.384
231.075 85.384
231.329 79.384
231.582 71.383
231.836 79.383
232.089 74.383
232.343 82.382
232.597 75.382
232.850 85.382
233.104 82.381
233.358 80.381
233.611 75.381
233.865 86.380
234.119 79.380
234.372 87.380
234.626 73.379
234.880 83.379
235.133 81.378
235.387 77.378
235.641 83.378
235.894 81.377
236.148 82.377
236.402 82.377
236.655 82.376
236.909 80.376
237.163 79.376
237.416 77.375
237.670 75.375
237.924 83.375
238.177 81.374
238.431 91.374
238.684 92.374
238.938 92.373
239.192 77.373
239.445 83.373
239.699 74.372
239.953 80.372
240.206 88.371
240.460 71.371
240.714 76.371
240.967 90.370
241.221 80.370
241.475 78.370
241.728 92.369
241.982 77.369
242.236 78.369
242.489 72.368
242.743 85.368
242.997 83.368
243.250 82.367
243.504 75.367
243.758 76.367
244.011 88.366
244.265 82.366
244.518 72.365
244.772 87.365
245.026 90.365
245.279 81.364
245.533 76.364
245.787 79.364
246.040 86.363
246.294 86.363
246.548 81.363
246.801 86.362
247.055 83.362
247.309 81.361
247.562 85.361
247.816 87.361
248.070 84.360
248.323 78.360
248.577 79.360
248.831 79.359
249.084 82.359
249.338 85.359
249.592 85.358
249.845 82.358
250.099 80.357
250.353 82.357
250.606 83.357
250.860 75.356
251.113 84.356
251.367 85.356
251.621 82.355
251.874 79.355
252.128 79.355
252.382 84.354
252.635 89.354
252.889 78.353
253.143 81.353
253.396 89.353
253.650 82.352
253.911 90.352
254.172 80.352
254.433 86.351
254.694 86.351
254.955 88.351
255.216 90.350
255.477 88.350
255.738 87.349
255.999 82.349
256.261 98.349
256.522 84.348
256.783 82.348
257.044 95.348
257.305 94.347
257.566 86.347
257.827 88.346
258.088 83.346
258.349 90.346
258.610 91.345
258.871 88.345
259.132 86.345
259.393 93.344
259.654 81.344
259.915 86.343
260.176 91.343
260.437 85.343
260.698 95.342
260.959 91.342
261.221 97.342
261.482 94.341
261.743 85.341
262.004 86.340
262.265 88.340
262.526 94.340
262.787 98.339
263.048 92.339
263.309 83.338
263.570 88.338
263.831 88.338
264.092 87.337
264.353 91.337
264.614 96.337
264.875 93.336
265.136 101.336
265.397 88.335
265.658 89.335
265.919 86.335
266.181 93.334
266.442 93.334
266.703 95.334
266.964 91.333
267.225 90.333
267.486 92.332
267.747 98.332
268.008 89.332
268.269 87.331
268.530 85.331
268.791 94.330
269.052 92.330
269.313 97.330
269.574 100.329
269.835 92.329
270.096 94.328
270.357 93.328
270.618 89.328
270.879 89.327
271.141 96.327
271.402 94.327
271.663 93.326
271.924 98.326
272.185 95.325
272.446 86.325
272.707 86.325
272.968 92.324
273.229 95.324
273.490 91.323
273.751 90.323
274.012 92.323
274.273 93.322
274.534 96.322
274.795 95.321
275.056 94.321
275.317 92.321
275.578 96.320
275.839 94.320
276.101 92.319
276.362 82.319
276.623 95.319
276.884 97.318
277.145 90.318
277.406 95.317
277.667 90.317
277.928 88.317
278.189 99.316
278.450 103.316
278.711 87.315
278.972 94.315
279.233 95.315
279.494 99.314
279.755 100.314
280.016 88.313
280.277 94.313
280.538 95.313
280.799 102.312
281.061 98.312
281.322 100.311
281.583 90.311
281.844 99.311
282.105 94.310
282.366 90.310
282.627 93.309
282.888 97.309
283.149 88.309
283.410 101.308
283.671 89.308
283.932 100.307
284.193 100.307
284.454 96.307
284.715 91.306
284.976 99.306
285.237 87.305
285.498 103.305
285.759 100.305
286.021 101.304
286.282 102.304
286.543 102.303
286.804 102.303
287.065 81.302
287.326 89.302
287.587 103.302
287.848 99.301
288.109 97.301
288.370 105.300
288.631 109.300
288.892 100.300
289.153 98.299
289.414 100.299
289.675 102.298
289.936 99.298
290.197 99.297
290.458 94.297
290.719 91.297
290.981 97.296
291.242 97.296
291.503 97.295
291.764 98.295
292.025 97.295
292.286 110.294
292.547 107.294
292.808 100.293
293.069 104.293
293.330 105.292
293.591 113.292
293.852 105.292
294.113 102.291
294.374 97.291
294.635 108.290
294.896 96.290
295.157 102.290
295.418 95.289
295.679 100.289
295.941 102.288
296.202 101.288
296.463 100.287
296.724 103.287
296.985 105.287
297.246 95.286
297.507 103.286
297.768 101.285
298.029 91.285
298.290 101.284
298.551 101.284
298.812 116.284
299.073 110.283
299.334 98.283
299.595 100.282
299.856 101.282
300.117 100.281
300.378 94.281
300.639 101.281
300.901 109.280
301.162 114.280
301.423 105.279
301.684 98.279
301.945 97.278
302.206 101.278
302.467 108.278
302.728 103.277
302.989 105.277
303.250 105.276
303.511 97.276
303.772 106.275
304.033 105.275
304.294 105.274
304.555 108.274
304.816 104.274
305.077 101.273
305.338 103.273
305.599 100.272
305.861 103.272
306.122 110.271
306.383 104.271
306.644 100.271
306.905 119.270
307.166 111.270
307.427 101.269
307.688 115.269
307.949 104.268
308.210 105.268
308.471 104.267
308.732 104.267
308.993 110.267
309.254 105.266
309.515 113.266
309.776 117.265
310.037 106.265
310.298 102.264
310.559 103.264
310.821 104.263
311.082 105.263
311.343 111.263
311.604 107.262
311.865 109.262
312.126 110.261
312.387 104.261
312.648 105.260
312.909 104.260
313.170 109.259
313.437 106.259
313.704 115.258
313.971 109.258
314.238 114.258
314.504 108.257
314.771 112.257
315.038 109.256
315.305 105.256
315.572 108.255
315.839 116.255
316.106 103.254
316.373 105.254
316.640 110.253
316.906 111.253
317.173 105.253
317.440 114.252
317.707 113.252
317.974 106.251
318.241 112.251
318.508 110.250
318.775 114.250
319.042 116.249
319.308 103.249
319.575 118.248
319.842 100.248
320.109 115.248
320.376 115.247
320.643 117.247
320.910 115.246
321.177 117.246
321.444 105.245
321.710 111.245
321.977 116.244
322.244 110.244
322.511 113.243
322.778 105.243
323.045 108.242
323.312 122.242
323.579 112.241
323.846 111.241
324.112 106.241
324.379 112.240
324.646 114.240
324.913 113.239
325.180 110.239
325.447 117.238
325.714 117.238
325.981 116.237
326.248 106.237
326.514 112.236
326.781 112.236
327.048 111.235
327.315 119.235
327.582 117.234
327.849 117.234
328.116 117.233
328.383 108.233
328.649 112.233
328.916 117.232
329.183 112.232
329.450 114.231
329.717 122.231
329.984 111.230
330.251 119.230
330.518 119.229
330.785 117.229
331.051 117.228
331.318 120.228
331.585 116.227
331.852 121.227
332.119 122.226
332.386 136.226
332.653 123.225
332.920 131.225
333.187 124.224
333.453 121.224
333.720 127.223
333.987 133.223
334.254 126.222
334.521 126.222
334.788 133.221
335.055 142.221
335.322 136.221
335.589 135.220
335.855 145.220
336.122 157.219
336.389 151.219
336.656 144.218
336.923 151.218
337.190 161.217
337.457 161.217
337.724 166.216
337.991 169.216
338.257 173.215
338.524 173.215
338.791 183.214
339.058 177.214
339.325 182.213
339.592 187.213
339.859 192.212
340.126 194.212
340.393 207.211
340.659 217.211
340.926 223.210
341.193 227.210
341.460 233.209
341.727 236.209
341.994 242.208
342.261 252.208
342.528 266.207
342.795 263.207
343.061 273.206
343.328 287.206
343.595 295.205
343.862 304.205
344.129 310.204
344.396 325.204
344.663 339.203
344.930 342.203
345.197 345.202
345.463 359.202
345.730 373.201
345.997 388.201
346.264 404.200
346.531 408.200
346.798 428.199
347.065 432.199
347.332 428.198
347.599 447.198
347.865 455.197
348.132 473.197
348.399 484.196
348.666 499.196
348.933 507.195
349.200 525.195
349.467 535.194
349.734 562.194
350.001 575.193
350.267 581.193
350.534 588.192
350.801 612.192
351.068 629.191
351.335 638.191
351.602 647.190
351.869 662.189
352.136 682.189
352.402 695.188
352.669 714.188
352.936 720.187
353.203 724.187
353.470 744.186
353.737 756.186
354.004 778.185
354.271 796.185
354.538 800.184
354.804 821.184
355.071 843.183
355.338 847.183
355.605 861.182
355.872 887.182
356.139 904.181
356.406 922.181
356.673 929.180
356.940 951.180
357.206 974.852
357.473 986.970
357.740 1010.323
358.007 1054.318
358.274 1059.243
358.541 1073.425
358.808 1102.509
359.075 1120.834
359.342 1142.890
359.608 1161.567
359.875 1170.238
360.142 1211.737
360.409 1223.429
360.676 1250.437
360.943 1257.143
361.210 1279.558
361.477 1306.109
361.744 1328.630
362.010 1334.896
362.277 1363.339
362.544 1395.770
362.811 1417.103
363.078 1424.575
363.345 1462.768
363.612 1482.130
363.879 1504.969
364.146 1527.217
364.412 1547.465
364.679 1572.679
364.946 1604.928
365.213 1616.807
365.480 1626.669
365.748 1638.013
366.017 1662.485
366.285 1703.677
366.553 1710.414
366.822 1727.448
367.090 1744.715
367.358 1764.365
367.627 1790.923
367.895 1795.102
368.164 1817.354
368.432 1837.177
368.700 1867.135
368.969 1894.265
369.237 1903.291
369.505 1902.285
369.774 1922.651
370.042 1950.059
370.310 1977.849
370.579 1983.447
370.847 2014.761
371.115 2031.630
371.384 2040.392
371.652 2042.483
371.921 2063.570
372.189 2082.023
372.457 2116.367
372.726 2123.070
372.994 2125.440
373.262 2158.116
373.531 2150.876
373.799 2169.764
374.067 2179.675
374.336 2185.465
374.604 2206.752
374.872 2233.381
375.141 2232.104
375.409 2242.480
375.678 2249.610
375.946 2271.892
376.214 2280.152
376.483 2303.510
376.751 2298.207
377.019 2323.077
377.288 2345.682
377.556 2353.216
377.824 2374.341
378.093 2369.130
378.361 2396.291
378.629 2426.726
378.898 2433.299
379.166 2445.540
379.435 2470.731
379.703 2493.191
379.971 2492.137
380.240 2527.979
380.508 2535.397
380.776 2566.379
381.045 2574.154
381.313 2608.045
381.581 2613.556
381.850 2641.465
382.118 2682.933
382.386 2698.532
382.655 2696.621
382.923 2730.533
383.192 2755.762
383.460 2785.081
383.728 2793.936
383.997 2805.510
384.265 2854.659
384.533 2887.822
384.802 2904.123
385.070 2939.656
385.338 2993.603
385.607 3000.130
385.875 3019.547
386.143 3068.459
386.412 3098.935
386.680 3123.907
386.948 3139.587
387.217 3194.239
387.485 3215.578
387.754 3257.735
388.022 3287.394
388.290 3299.799
388.559 3349.037
388.827 3392.708
389.095 3419.970
389.364 3476.105
389.632 3491.960
389.900 3520.773
390.169 3558.209
390.437 3607.301
390.705 3625.659
390.974 3671.128
391.242 3696.430
391.511 3735.251
391.779 3767.106
392.047 3813.491
392.316 3846.185
392.584 3919.854
392.852 3939.897
393.121 3973.259
393.389 4023.793
393.657 4050.485
393.926 4109.317
394.194 4153.050
394.462 4168.551
394.731 4231.697
394.999 4278.830
395.268 4337.340
395.536 4370.318
395.804 4412.180
396.073 4433.965
396.341 4473.731
396.609 4534.838
396.878 4578.604
397.146 4639.047
397.414 4672.023
397.683 4704.930
397.951 4760.853
398.219 4811.220
398.488 4877.326
398.756 4892.355
399.025 4979.087
399.293 5003.232
399.561 5036.628
399.830 5092.143
400.098 5158.540
400.366 5190.269
400.635 5260.551
400.903 5294.761
401.171 5335.856
401.440 5406.993
401.708 5458.813
401.976 5520.507
402.245 5526.183
402.513 5617.888
402.782 5661.512
403.050 5691.108
403.318 5739.124
403.587 5824.168
403.855 5875.736
404.123 5934.183
404.392 5970.824
404.660 6012.620
404.934 6064.934
405.207 6118.281
405.481 6192.952
405.754 6254.796
406.028 6304.700
406.301 6358.568
406.575 6404.489
406.848 6441.961
407.122 6494.834
407.395 6555.280
407.669 6596.087
407.942 6653.799
408.216 6735.863
408.489 6755.837
408.763 6804.694
409.036 6890.713
409.310 6895.248
409.583 6980.153
409.857 7045.237
410.130 7110.479
410.404 7126.769
410.677 7179.795
410.951 7240.108
411.224 7275.639
411.498 7318.814
411.771 7393.592
412.045 7425.219
412.318 7480.312
412.592 7536.849
412.865 7581.841
413.139 7636.424
413.412 7736.357
413.686 7758.572
413.959 7807.274
414.233 7852.786
414.506 7888.261
414.780 7972.392
415.053 8050.311
415.327 8068.491
415.600 8125.692
415.874 8186.217
416.147 8226.448
416.421 8302.589
416.694 8339.463
416.968 8422.542
417.241 8487.903
417.515 8507.104
417.788 8586.150
418.062 8639.886
418.335 8695.523
418.609 8735.251
418.882 8793.632
419.156 8818.588
419.429 8869.435
419.703 8954.088
419.976 9003.036
420.250 9037.852
420.524 9115.693
420.797 9143.323
421.071 9207.792
421.344 9241.110
421.618 9277.815
421.891 9334.031
422.165 9410.981
422.438 9435.551
422.712 9518.922
422.985 9550.084
423.259 9607.176
423.532 9662.061
423.806 9716.020
424.079 9793.445
424.353 9872.031
424.626 9863.440
424.900 9883.496
425.173 9966.097
425.447 10029.028
425.720 10060.028
425.994 10091.118
426.267 10142.597
426.541 10174.549
426.814 10211.236
427.088 10272.113
427.361 10339.399
427.635 10376.281
427.908 10445.587
428.182 10448.263
428.455 10512.635
428.729 10520.141
429.002 10563.967
429.276 10628.043
429.549 10674.413
429.823 10667.020
430.096 10711.575
430.370 10762.353
430.643 10807.475
430.917 10833.852
431.190 10879.046
431.464 10947.594
431.737 10964.801
432.011 11041.343
432.284 11048.350
432.558 11070.362
432.831 11101.620
433.105 11112.234
433.378 11180.913
433.652 11209.637
433.925 11243.494
434.199 11313.634
434.472 11337.668
434.746 11411.005
435.019 11465.470
435.293 11465.607
435.566 11529.883
435.840 11547.172
436.119 11585.900
436.398 11640.517
436.677 11643.564
436.956 11685.148
437.235 11689.722
437.514 11692.911
437.793 11724.407
438.073 11760.075
438.352 11802.744
438.631 11861.760
438.910 11894.216
439.189 11919.916
439.468 11982.398
439.747 12002.919
440.026 12036.089
440.305 12089.747
440.584 12091.341
440.863 12145.904
441.142 12219.833
441.421 12281.117
441.700 12260.435
441.979 12329.113
442.258 12359.831
442.538 12409.121
442.817 12426.755
443.096 12456.822
443.375 12501.921
443.654 12551.874
443.933 12587.361
444.212 12667.946
444.491 12647.553
444.770 12735.131
445.049 12789.453
445.328 12858.377
445.607 12863.259
445.886 12924.561
446.165 12907.112
446.444 12992.140
446.723 13027.453
447.003 13053.948
447.282 13085.435
447.561 13124.850
447.840 13191.482
448.119 13230.208
448.398 13300.663
448.677 13347.536
448.956 13381.913
449.235 13414.893
449.514 13469.558
449.793 13511.942
450.072 13587.553
450.351 13634.869
450.630 13639.242
450.909 13682.694
451.188 13775.946
451.468 13820.345
451.747 13869.658
452.026 13901.881
452.305 13933.157
452.584 13993.879
452.863 14059.917
453.142 14050.667
453.421 14115.927
453.700 14194.654
453.979 14248.680
454.258 14300.974
454.537 14355.781
454.816 14424.132
455.095 14438.475
455.374 14493.802
455.653 14621.737
455.933 14614.938
456.212 14683.401
456.491 14763.564
456.770 14829.340
457.049 14878.546
457.328 14920.808
457.607 15018.481
457.886 15064.758
458.165 15125.327
458.444 15207.974
458.723 15243.768
459.002 15316.486
459.281 15389.056
459.560 15498.396
459.839 15573.859
460.119 15611.846
460.398 15695.320
460.677 15771.217
460.956 15856.492
461.235 15894.617
461.514 15985.618
461.793 16052.026
462.072 16184.169
462.351 16255.033
462.630 16308.484
462.909 16431.701
463.188 16574.266
463.467 16643.512
463.746 16696.374
464.025 16765.646
464.304 16884.307
464.584 16967.569
464.863 17075.682
465.142 17179.721
465.421 17254.211
465.700 17385.780
465.979 17451.079
466.258 17553.241
466.537 17671.622
466.816 17748.164
467.095 17884.457
467.374 17955.785
467.653 18082.081
467.932 18195.111
468.211 18290.916
468.490 18403.318
468.769 18499.914
469.049 18624.538
469.328 18728.912
469.607 18856.912
469.886 18946.911
470.165 19068.910
470.444 19200.109
470.723 19340.590
471.002 19457.279
471.281 19509.416
471.560 19612.518
471.839 19768.442
472.118 19894.588
472.397 19964.798
472.676 20071.187
472.955 20247.386
473.234 20347.989
473.514 20451.610
473.793 20589.616
474.072 20683.684
474.351 20808.171
474.630 20937.270
474.909 21059.551
475.188 21135.385
475.467 21274.185
475.746 21384.897
476.025 21488.735
476.304 21630.988
476.583 21722.451
476.862 21807.424
477.141 21959.113
477.420 22128.721
477.699 22174.376
477.979 22254.226
478.258 22405.206
478.537 22517.831
478.816 22590.651
479.095 22751.421
479.374 22857.023
479.653 22975.162
479.932 23071.894
480.211 23160.702
480.490 23303.281
480.769 23415.164
481.048 23505.562
481.327 23595.530
481.606 23743.143
481.885 23828.887
482.165 23942.875
482.444 24019.579
482.723 24152.516
483.002 24267.780
483.281 24414.018
483.560 24491.549
483.839 24591.956
484.118 24701.216
484.397 24760.777
484.676 24920.777
484.955 24979.049
485.234 25113.401
485.513 25234.234
485.792 25365.483
486.071 25370.574
486.350 25548.815
486.630 25611.082
486.909 25684.886
487.188 25759.979
487.467 25929.167
487.746 25934.568
488.025 26156.491
488.304 26151.146
488.583 26260.990
488.862 26363.862
489.141 26490.531
489.420 26592.402
489.699 26684.764
489.978 26763.764
490.257 26849.330
490.536 26914.454
490.815 27034.859
491.095 27159.144
491.374 27231.086
491.653 27323.612
491.932 27432.079
492.211 27554.712
492.490 27571.414
492.769 27696.468
493.048 27759.022
493.327 27847.088
493.606 28024.301
493.885 28056.804
494.164 28201.259
494.443 28271.916
494.722 28358.209
495.001 28441.576
495.280 28614.436
495.560 28657.061
495.839 28743.005
496.118 28795.996
496.397 28913.048
496.676 28994.788
496.955 29058.237
497.234 29156.926
497.513 29266.694
497.792 29390.167
498.071 29456.565
498.350 29550.125
498.629 29636.643
498.908 29719.137
499.187 29798.816
499.466 29887.257
499.745 29980.724
500.025 30091.367
500.304 30116.400
500.583 30208.652
500.862 30324.085
501.141 30457.015
501.420 30478.687
501.699 30539.511
501.978 30683.279
502.257 30696.689
502.536 30781.059
502.815 30897.994
503.094 30977.585
503.373 31065.463
503.652 31083.644
503.931 31212.140
504.211 31326.044
504.490 31422.294
504.769 31402.635
505.048 31548.481
505.327 31595.134
505.606 31640.407
505.885 31776.219
506.164 31863.617
506.443 31898.065
506.722 31944.804
507.001 32052.799
507.280 32075.224
507.559 32151.986
507.838 32300.710
508.117 32325.274
508.396 32395.278
508.676 32491.067
508.955 32502.858
509.234 32594.239
509.513 32665.423
509.792 32697.217
510.071 32734.139
510.350 32827.295
510.629 32898.136
510.908 32923.880
511.187 32997.725
511.466 33027.440
511.745 33149.518
512.024 33242.073
512.303 33272.035
512.582 33266.644
512.861 33345.375
513.141 33343.999
513.420 33450.790
513.699 33423.981
513.978 33572.505
514.257 33641.680
514.536 33634.656
514.815 33684.670
515.094 33753.052
515.373 33752.541
515.652 33772.172
515.931 33856.907
516.210 33924.387
516.489 33903.668
516.768 33980.782
517.047 34041.720
517.326 34030.608
517.606 34105.129
517.885 34150.555
518.164 34254.468
518.443 34317.267
518.722 34330.787
519.001 34382.402
519.280 34422.986
519.559 34505.165
519.838 34526.228
520.117 34600.148
520.396 34619.502
520.675 34661.865
520.954 34662.523
521.233 34715.708
521.512 34790.813
521.791 34896.840
522.071 34873.783
522.350 34983.279
522.629 35033.600
522.908 35023.859
523.187 35111.719
523.466 35137.514
523.745 35189.354
524.024 35243.744
524.303 35266.542
524.582 35291.892
524.861 35383.255
525.140 35465.262
525.419 35448.119
525.698 35496.881
525.977 35565.043
526.257 35574.028
526.536 35621.646
526.815 35659.113
527.094 35706.014
527.373 35718.905
527.652 35793.660
527.931 35814.728
528.210 35891.577
528.489 35905.897
528.768 35971.299
529.047 36016.796
529.326 36114.425
529.605 36109.581
529.884 36113.261
530.163 36220.374
530.442 36246.889
530.722 36268.414
531.001 36361.470
531.280 36346.936
531.559 36353.223
531.838 36391.975
532.117 36467.084
532.396 36512.495
532.675 36477.038
532.954 36587.233
533.233 36674.909
533.512 36679.946
533.791 36651.563
534.070 36713.057
534.349 36813.934
534.628 36804.639
534.907 36865.116
535.187 36842.367
535.466 36953.222
535.745 36977.889
536.024 36968.400
536.303 37053.839
536.582 37082.406
536.861 37112.931
537.140 37082.483
537.419 37189.227
537.698 37224.892
537.977 37217.051
538.256 37264.013
538.535 37246.836
538.814 37277.634
539.093 37312.017
539.372 37345.775
539.652 37365.594
539.931 37426.895
540.210 37470.900
540.489 37489.133
540.768 37519.842
541.047 37525.144
541.326 37578.532
541.605 37547.236
541.884 37580.453
542.163 37667.312
542.442 37620.836
542.721 37728.967
543.000 37739.564
543.279 37717.405
543.558 37678.868
543.837 37760.524
544.117 37791.180
544.396 37787.113
544.675 37779.595
544.954 37832.521
545.233 37926.169
545.512 37863.305
545.791 37881.679
546.070 37886.514
546.351 37830.420
546.632 37858.465
546.912 37819.779
547.193 37836.061
547.474 37851.549
547.755 37922.140
548.036 37802.558
548.317 37887.363
548.597 37887.362
548.878 37822.673
549.159 37901.009
549.440 37884.455
549.721 37910.678
550.001 37888.433
550.282 37897.136
550.563 37894.336
550.844 37903.030
551.125 37912.607
551.406 37898.295
551.686 37953.269
551.967 37927.321
552.248 37860.916
552.529 37906.104
552.810 37958.176
553.090 37875.483
553.371 37919.678
553.652 37916.867
553.933 37951.515
554.214 37881.482
554.495 37871.875
554.775 37891.086
555.056 37904.534
555.337 37955.445
555.618 37933.350
555.899 37932.388
556.179 37908.372
556.460 37940.013
556.741 37998.665
557.022 37894.920
557.303 37892.894
557.584 37881.126
557.864 37941.763
558.145 37858.830
558.426 37911.611
558.707 37933.789
558.988 37954.998
559.268 37974.396
559.549 37954.865
559.830 37854.810
560.111 37812.474
560.392 37831.474
560.673 37908.248
560.953 37908.066
561.234 38033.196
561.515 38035.206
561.796 37941.238
562.077 37880.783
562.357 37862.552
562.638 37872.969
562.919 37837.749
563.200 37937.398
563.481 37951.341
563.762 37961.390
564.042 37900.083
564.323 37829.901
564.604 37811.638
564.885 37830.562
565.166 37800.985
565.446 37809.865
565.727 37882.399
566.008 37810.872
566.289 37762.435
566.570 37732.701
566.851 37807.841
567.131 37784.058
567.412 37768.177
567.693 37693.340
567.974 37674.940
568.255 37615.411
568.535 37642.491
568.816 37591.746
569.097 37642.129
569.378 37577.715
569.659 37574.281
569.940 37570.268
570.220 37531.149
570.501 37594.527
570.782 37509.081
571.063 37489.531
571.344 37457.925
571.624 37440.431
571.905 37361.634
572.186 37381.692
572.467 37388.099
572.748 37372.407
573.029 37333.545
573.309 37377.809
573.590 37365.097
573.871 37290.282
574.152 37303.359
574.433 37217.845
574.713 37253.565
574.994 37166.534
575.275 37157.796
575.556 37084.037
575.837 37063.036
576.118 37069.083
576.398 37054.015
576.679 37029.796
576.960 36989.421
577.252 36984.369
577.543 36914.671
577.835 36915.679
578.127 36878.304
578.418 36833.859
578.710 36776.055
579.002 36688.402
579.293 36611.633
579.585 36688.149
579.877 36693.923
580.168 36643.160
580.460 36588.934
580.752 36555.961
581.043 36466.913
581.335 36487.775
581.627 36413.360
581.918 36380.884
582.210 36319.533
582.502 36267.385
582.793 36296.924
583.085 36227.412
583.376 36155.543
583.668 36179.894
583.960 36134.671
584.251 36099.684
584.543 36044.978
584.835 35941.564
585.126 35917.607
585.418 35925.819
585.710 35805.284
586.001 35728.439
586.293 35665.438
586.585 35708.534
586.876 35577.748
587.168 35515.116
587.460 35466.471
587.751 35459.140
588.043 35419.179
588.335 35364.996
588.626 35238.944
588.918 35213.958
589.210 35161.550
589.501 35127.999
589.793 35031.086
590.085 35072.377
590.376 34980.409
590.668 35030.154
590.960 34919.899
591.251 34812.593
591.543 34749.959
591.835 34735.596
592.126 34683.130
592.418 34629.486
592.710 34569.324
593.001 34530.401
593.293 34458.239
593.585 34417.596
593.876 34321.338
594.168 34262.794
594.460 34212.699
594.751 34149.461
595.043 34092.753
595.334 34003.696
595.626 33933.881
595.918 33867.284
596.209 33834.704
596.501 33733.805
596.793 33701.980
597.084 33624.125
597.376 33527.917
597.668 33419.196
597.959 33425.034
598.251 33321.239
598.543 33259.881
598.834 33163.901
599.126 33135.012
599.418 33091.954
599.709 33013.388
600.001 32940.175
600.293 32885.152
600.584 32795.711
600.876 32719.201
601.168 32651.311
601.459 32600.663
601.751 32546.293
602.043 32439.496
602.334 32393.108
602.626 32250.172
602.918 32210.569
603.209 32178.240
603.501 32148.066
603.793 32068.397
604.084 31971.370
604.376 31842.367
604.668 31800.430
604.959 31754.192
605.251 31647.043
605.543 31589.673
605.834 31514.924
606.126 31506.874
606.418 31399.991
606.709 31330.172
607.001 31246.125
607.292 31151.866
607.584 31093.862
607.876 31027.266
608.167 30900.732
608.459 30878.092
608.751 30777.709
609.042 30705.973
609.334 30696.335
609.626 30584.359
609.917 30446.504
610.209 30458.242
610.501 30399.542
610.792 30345.810
611.084 30335.856
611.376 30198.052
611.667 30150.971
611.959 30065.994
612.251 29966.627
612.542 29884.712
612.834 29800.167
613.126 29728.975
613.417 29716.292
613.709 29616.551
614.001 29596.022
614.292 29462.297
614.584 29334.719
614.876 29298.926
615.167 29263.833
615.459 29184.748
615.751 29104.178
616.042 29047.629
616.334 28991.325
616.626 28926.414
616.917 28885.796
617.209 28820.771
617.501 28735.248
617.792 28689.373
618.084 28661.745
618.376 28580.306
618.667 28532.612
618.959 28458.857
619.250 28423.882
619.542 28354.402
619.834 28323.615
620.125 28247.645
620.417 28208.442
620.709 28165.846
621.000 28112.602
621.292 28030.287
621.584 27983.879
621.875 27896.921
622.167 27850.543
622.459 27770.348
622.750 27708.792
623.042 27665.997
623.334 27633.145
623.625 27527.373
623.917 27465.993
624.209 27425.823
624.500 27349.419
624.792 27290.986
625.084 27289.047
625.375 27205.911
625.667 27151.741
625.959 27032.322
626.250 27036.239
626.542 26921.487
626.834 26898.040
627.125 26854.913
627.417 26782.716
627.709 26722.661
628.000 26651.301
628.292 26588.912
628.584 26499.292
628.875 26492.911
629.167 26426.596
629.459 26416.607
629.750 26316.212
630.042 26268.246
630.334 26185.486
630.625 26173.188
630.917 26139.866
631.208 26025.013
631.500 25952.734
631.792 25933.658
632.083 25867.056
632.375 25805.037
632.667 25785.684
632.958 25675.254
633.250 25649.902
633.542 25577.984
633.833 25558.039
634.125 25482.140
634.417 25409.109
634.708 25379.661
635.000 25298.225
635.292 25243.924
635.583 25200.444
635.875 25175.341
636.167 25130.541
636.458 25095.282
636.750 25043.625
637.042 24931.890
637.333 24930.953
637.625 24871.099
637.917 24824.752
638.208 24799.228
638.500 24742.540
638.792 24687.965
639.083 24591.169
639.375 24568.841
639.667 24539.723
639.958 24527.905
640.250 24451.850
640.542 24469.827
640.833 24388.877
641.125 24349.769
641.417 24354.145
641.708 24306.645
642.000 24285.366
642.292 24213.736
642.583 24211.058
642.875 24151.445
643.166 24127.624
643.458 24112.529
643.750 24139.993
644.041 24100.916
644.333 24065.612
644.625 24042.530
644.916 24047.046
645.208 24020.371
645.500 24010.259
645.791 24034.111
646.083 23968.113
646.375 23952.543
646.666 23947.047
646.958 23911.331
647.250 23915.908
647.541 23881.916
647.833 23849.055
648.125 23805.658
648.416 23823.087
648.708 23820.003
649.000 23748.310
649.291 23737.958
649.583 23746.923
649.875 23738.152
650.166 23692.664
650.458 23696.719
650.750 23715.881
651.041 23672.057
651.333 23627.570
651.625 23615.734
651.916 23634.553
652.208 23610.571
652.500 23570.495
652.791 23549.149
653.083 23492.665
653.375 23512.276
653.666 23485.625
653.958 23496.843
654.250 23504.812
654.541 23450.825
654.833 23446.547
655.124 23388.121
655.416 23359.402
655.708 23372.756
655.999 23361.433
656.291 23341.943
656.583 23334.703
656.874 23348.593
657.166 23277.568
657.458 23307.505
657.749 23267.655
658.041 23217.575
658.333 23286.494
658.624 23265.812
658.916 23258.192
659.208 23217.445
659.499 23218.605
659.791 23179.481
660.083 23191.112
660.374 23160.700
660.666 23157.024
660.958 23143.763
661.249 23145.537
661.541 23129.516
661.833 23086.369
662.124 23108.627
662.416 23093.345
662.708 23079.959
662.999 23057.821
663.291 23047.277
663.583 23061.845
663.874 23057.983
664.166 23029.051
664.458 23031.012
664.749 23022.306
665.041 22999.092
665.333 22973.921
665.624 22964.169
665.916 22947.679
666.208 22955.393
666.499 22967.982
666.791 22951.364
667.082 22888.289
667.374 22869.569
667.666 22878.331
667.957 22863.457
668.249 22830.285
668.541 22822.935
668.832 22849.499
669.124 22770.094
669.416 22832.386
669.707 22800.817
669.999 22781.188
670.291 22784.900
670.582 22784.475
670.874 22757.660
671.166 22735.983
671.457 22753.229
671.749 22750.265
672.041 22708.514
672.332 22680.845
672.624 22679.221
672.916 22667.337
673.207 22643.858
673.499 22615.697
673.791 22594.438
674.082 22618.293
674.374 22599.603
674.666 22537.848
674.957 22549.897
675.249 22539.915
675.541 22494.005
675.832 22521.470
676.124 22490.480
676.416 22534.055
676.707 22519.023
676.999 22479.943
677.291 22459.821
677.582 22430.702
677.874 22375.857
678.166 22424.522
678.457 22380.013
678.749 22393.116
679.040 22373.329
679.332 22341.381
679.624 22323.524
679.915 22320.813
680.207 22296.820
680.499 22257.304
680.790 22278.129
681.082 22229.396
681.374 22189.993
681.665 22181.029
681.957 22116.937
682.249 22171.025
682.540 22134.500
682.832 22070.207
683.124 22113.321
683.415 22087.782
683.707 22062.371
683.999 22059.299
684.290 22028.619
684.582 22023.494
684.874 21987.619
685.165 21963.039
685.457 21949.614
685.749 21899.304
686.040 21896.115
686.332 21847.965
686.624 21869.255
686.915 21828.277
687.207 21814.533
687.499 21761.224
687.790 21758.419
688.082 21733.649
688.374 21693.399
688.665 21669.661
688.957 21662.435
689.249 21661.400
689.540 21605.671
689.832 21604.637
690.124 21560.838
690.415 21505.050
690.707 21471.444
690.998 21443.062
691.290 21440.416
691.582 21407.322
691.873 21322.521
692.165 21277.017
692.457 21318.710
692.748 21278.047
693.040 21295.201
693.332 21203.796
693.623 21185.352
693.915 21157.371
694.207 21110.851
694.498 21066.106
694.790 21063.064
695.082 21034.081
695.373 20988.436
695.665 20959.388
695.957 20888.961
696.248 20854.762
696.540 20841.124
696.836 20815.379
697.133 20767.468
697.429 20730.401
697.725 20697.961
698.021 20684.800
698.318 20640.902
698.614 20573.762
698.910 20591.529
699.207 20538.119
699.503 20502.920
699.799 20478.613
700.095 20410.358
700.392 20363.820
700.688 20347.272
700.984 20272.250
701.281 20237.160
701.577 20199.179
701.873 20205.588
702.169 20144.273
702.466 20090.607
702.762 20060.615
703.058 20023.499
703.355 19991.547
703.651 19924.603
703.947 19891.756
704.243 19827.117
704.540 19792.385
704.836 19762.364
705.132 19719.772
705.428 19710.242
705.725 19653.101
706.021 19579.090
706.317 19521.280
706.614 19534.120
706.910 19493.624
707.206 19409.777
707.502 19405.685
707.799 19339.220
708.095 19289.546
708.391 19226.278
708.688 19211.774
708.984 19148.571
709.280 19113.678
709.576 19051.673
709.873 19003.802
710.169 18943.840
710.465 18919.529
710.762 18852.522
711.058 18812.291
711.354 18765.445
711.650 18698.104
711.947 18671.786
712.243 18591.638
712.539 18572.444
712.836 18492.147
713.132 18471.487
713.428 18452.331
713.724 18347.490
714.021 18314.912
714.317 18275.635
714.613 18225.832
714.910 18114.157
715.206 18080.941
715.502 18074.996
715.798 17994.688
716.095 17945.527
716.391 17883.572
716.687 17821.507
716.984 17784.468
717.280 17767.449
717.576 17701.679
717.872 17651.327
718.169 17588.674
718.465 17503.671
718.761 17497.669
719.058 17412.666
719.354 17406.258
719.650 17361.022
719.946 17288.659
720.243 17258.173
720.539 17196.654
720.835 17138.790
721.131 17079.649
721.428 17061.708
721.724 17038.721
722.020 16934.576
722.317 16900.540
722.613 16886.409
722.909 16825.459
723.205 16798.228
723.502 16750.629
723.798 16689.316
724.094 16622.624
724.391 16611.621
724.687 16549.070
724.983 16494.627
725.279 16453.799
725.576 16415.365
725.872 16368.136
726.168 16305.385
726.465 16276.222
726.761 16238.172
727.057 16155.510
727.353 16060.115
727.650 16084.005
727.946 16006.545
728.242 15978.758
728.539 15947.009
728.835 15890.568
729.131 15824.337
729.427 15766.150
729.724 15710.757
730.020 15647.799
730.316 15591.472
730.613 15549.968
730.909 15507.977
731.205 15462.549
731.501 15398.974
731.798 15342.758
732.094 15318.415
732.390 15249.558
732.687 15192.849
732.983 15163.923
733.279 15071.401
733.575 15033.997
733.872 14955.254
734.168 14938.519
734.464 14882.414
734.761 14810.933
735.057 14769.447
735.353 14703.564
735.649 14652.089
735.946 14583.025
736.242 14518.662
736.538 14511.310
736.835 14433.705
737.131 14367.785
737.427 14315.202
737.723 14261.278
738.020 14234.283
738.316 14138.587
738.612 14086.675
738.909 14039.698
739.205 13992.644
739.501 13963.222
739.797 13875.229
740.094 13822.562
740.390 13743.130
740.686 13706.232
740.982 13703.007
741.279 13588.925
741.575 13557.755
741.871 13512.196
742.168 13444.135
742.464 13399.078
742.760 13328.557
743.056 13315.460
743.353 13264.686
743.649 13175.929
743.945 13134.882
744.242 13092.772
744.538 13061.396
744.834 12970.036
745.130 12946.399
745.427 12884.510
745.723 12818.692
746.019 12810.644
746.316 12732.962
746.612 12711.043
746.908 12644.111
747.204 12547.113
747.501 12545.232
747.797 12505.323
748.093 12440.242
748.390 12390.929
748.686 12364.659
748.982 12298.221
749.278 12243.472
749.575 12184.180
749.871 12148.899
750.167 12085.530
750.464 12048.941
750.760 11995.420
751.056 11916.214
751.352 11876.485
751.649 11824.598
751.945 11802.748
752.241 11748.871
752.538 11679.604
752.834 11645.133
753.130 11579.458
753.426 11557.679
753.723 11504.332
754.019 11469.408
754.315 11434.475
754.611 11387.341
754.908 11284.054
755.204 11267.335
755.500 11200.332
755.797 11152.787
756.093 11104.326
756.389 11066.456
756.685 11010.340
756.982 10976.245
757.278 10919.071
757.574 10851.717
757.871 10811.554
758.167 10761.350
758.463 10706.421
758.759 10659.276
759.056 10625.798
759.352 10555.514
759.648 10485.230
759.945 10455.106
760.241 10423.826
760.537 10379.939
760.833 10315.168
761.130 10238.706
761.426 10186.202
761.722 10136.084
762.019 10140.388
762.315 10051.571
762.611 10002.274
762.907 9951.918
763.204 9911.455
763.500 9876.009
763.802 9834.592
764.104 9772.743
764.406 9720.161
764.708 9701.354
765.010 9623.087
765.312 9564.569
765.615 9549.825
765.917 9515.440
766.219 9417.227
766.521 9378.762
766.823 9361.553
767.125 9294.033
767.427 9271.002
767.729 9214.421
768.031 9181.930
768.333 9115.039
768.635 9078.370
768.937 9027.662
769.239 9007.313
769.542 8914.822
769.844 8883.315
770.146 8829.450
770.448 8799.771
770.750 8758.831
771.052 8691.932
771.354 8656.642
771.656 8594.265
771.958 8543.485
772.260 8520.036
772.562 8484.355
772.864 8446.635
773.166 8435.287
773.468 8368.889
773.771 8310.981
774.073 8266.465
774.375 8235.309
774.677 8180.091
774.979 8131.008
775.281 8071.627
775.583 8049.302
775.885 8007.283
776.187 7973.448
776.489 7905.849
776.791 7856.518
777.093 7811.193
777.395 7773.202
777.698 7734.939
778.000 7701.020
778.302 7668.815
778.604 7632.047
778.906 7564.451
779.208 7531.009
779.510 7505.232
779.812 7462.406
780.114 7412.441
780.416 7365.392
780.718 7333.053
781.020 7292.113
781.322 7253.155
781.625 7219.287
781.927 7147.624
782.229 7137.584
782.531 7093.113
782.833 7037.305
783.135 7027.956
783.437 6946.256
783.739 6909.872
784.041 6853.758
784.343 6823.671
784.645 6774.913
784.947 6751.830
785.249 6725.581
785.552 6685.422
785.854 6627.739
786.156 6575.597
786.458 6569.482
786.760 6511.497
787.062 6480.071
787.364 6434.400
787.666 6415.769
787.968 6355.391
788.270 6333.305
788.572 6262.626
788.874 6232.768
789.176 6198.053
789.478 6148.734
789.781 6127.611
790.083 6100.268
790.385 6035.163
790.687 6025.636
790.989 5990.310
791.291 5955.940
791.593 5914.183
791.895 5891.322
792.197 5828.246
792.499 5812.819
792.801 5787.237
793.103 5735.960
793.405 5698.402
793.708 5665.136
794.010 5640.839
794.312 5594.111
794.614 5563.855
794.916 5520.696
795.218 5491.370
795.520 5454.616
795.822 5423.440
796.124 5377.388
796.426 5359.654
796.728 5306.740
797.030 5291.305
797.332 5252.752
797.635 5196.486
797.937 5194.379
798.239 5164.586
798.541 5107.806
798.843 5082.385
799.145 5056.258
799.447 5017.536
799.749 4981.094
800.051 4951.116
800.353 4904.579
800.655 4866.824
800.957 4823.703
801.259 4809.477
801.562 4781.117
801.864 4738.529
802.166 4693.047
802.468 4681.425
802.770 4641.336
803.072 4610.161
803.374 4583.114
803.676 4550.385
803.978 4535.669
804.280 4484.650
804.582 4442.869
804.884 4440.527
805.186 4392.546
805.488 4369.387
805.791 4337.079
806.093 4303.925
806.395 4289.717
806.697 4260.397
806.999 4224.270
807.301 4190.072
807.603 4181.192
807.905 4144.130
808.207 4120.551
808.509 4086.977
808.811 4050.599
809.113 4024.106
809.415 3994.833
809.718 3964.757
810.020 3943.339
810.322 3924.120
810.624 3886.436
810.926 3873.002
811.228 3837.529
811.530 3796.412
811.834 3783.129
812.139 3755.684
812.443 3730.445
812.748 3716.835
813.052 3682.010
813.357 3668.248
813.661 3624.542
813.966 3609.601
814.270 3607.685
814.574 3567.399
814.879 3545.014
815.183 3514.419
815.488 3490.115
815.792 3451.157
816.097 3432.552
816.401 3413.126
816.706 3395.635
817.010 3387.452
817.314 3352.277
817.619 3342.142
817.923 3297.136
818.228 3271.642
818.532 3272.413
818.837 3231.824
819.141 3229.193
819.445 3183.823
819.750 3169.735
820.054 3165.614
820.359 3124.931
820.663 3108.783
820.968 3096.616
821.272 3058.497
821.577 3044.235
821.881 3026.195
822.185 3001.456
822.490 2990.956
822.794 2959.502
823.099 2929.879
823.403 2942.113
823.708 2901.150
824.012 2880.861
824.317 2859.804
824.621 2846.403
824.925 2827.887
825.230 2816.377
825.534 2776.319
825.839 2760.530
826.143 2758.375
826.448 2723.257
826.752 2696.303
827.057 2709.898
827.361 2684.797
827.665 2660.972
827.970 2643.560
828.274 2619.009
828.579 2612.070
828.883 2589.735
829.188 2573.783
829.492 2544.711
829.796 2536.013
830.101 2519.461
830.405 2510.180
830.710 2495.976
831.014 2467.512
831.319 2456.093
831.623 2440.340
831.928 2434.729
832.232 2412.020
832.536 2395.026
832.841 2366.700
833.145 2348.574
833.450 2348.614
833.754 2342.640
834.059 2332.351
834.363 2307.728
834.668 2289.628
834.972 2270.144
835.276 2264.387
835.581 2253.847
835.885 2232.177
836.190 2227.039
836.494 2206.791
836.799 2194.416
837.103 2197.460
837.407 2168.497
837.712 2157.439
838.016 2144.464
838.321 2135.395
838.625 2126.567
838.930 2120.649
839.234 2094.186
839.539 2079.733
839.843 2074.800
840.147 2067.618
840.452 2038.678
840.756 2030.397
841.061 2016.913
841.365 1998.156
841.670 1982.455
841.974 1988.726
842.279 1972.945
842.583 1966.574
842.887 1948.639
843.192 1944.247
843.496 1932.555
843.801 1929.078
844.105 1908.709
844.410 1892.632
844.714 1878.394
845.019 1873.710
845.323 1852.867
845.627 1839.441
845.932 1839.823
846.236 1831.686
846.541 1811.089
846.845 1819.737
847.150 1805.675
847.454 1791.488
847.758 1785.615
848.063 1762.467
848.367 1783.426
848.672 1754.649
848.976 1749.268
849.281 1732.764
849.585 1722.711
849.890 1721.563
850.194 1714.055
850.498 1705.703
850.803 1685.503
851.107 1690.445
851.412 1679.383
851.716 1661.763
852.021 1657.170
852.325 1660.237
852.630 1635.476
852.934 1638.582
853.238 1617.347
853.543 1617.509
853.847 1601.833
854.152 1609.251
854.456 1605.185
854.761 1586.597
855.065 1579.240
855.370 1570.470
855.674 1563.383
855.978 1561.519
856.283 1560.764
856.587 1535.257
856.892 1532.501
857.196 1518.795
857.501 1518.153
857.805 1506.869
858.109 1506.297
858.414 1494.152
858.718 1495.737
859.023 1489.021
859.327 1466.241
859.632 1470.623
859.936 1463.573
860.241 1447.620
860.545 1445.353
860.849 1431.483
861.154 1432.889
861.458 1431.724
861.763 1426.043
862.067 1423.102
862.372 1413.019
862.676 1404.347
862.981 1404.135
863.285 1399.274
863.589 1392.913
863.894 1392.189
864.198 1388.782
864.503 1389.939
864.807 1373.529
865.112 1366.461
865.416 1372.701
865.721 1372.475
866.025 1359.960
866.329 1357.348
866.634 1359.132
866.938 1358.392
867.243 1342.333
867.547 1347.213
867.852 1338.625
868.156 1328.231
868.460 1333.410
868.765 1326.428
869.069 1334.006
869.374 1320.084
869.678 1316.162
869.983 1321.628
870.287 1312.920
870.592 1323.426
870.896 1309.922
871.200 1307.211
871.505 1314.084
871.809 1299.986
872.114 1295.472
872.418 1289.535
872.723 1294.294
873.027 1292.751
873.332 1296.620
873.636 1289.133
873.940 1278.056
874.245 1290.926
874.549 1281.001
874.854 1277.639
875.158 1269.338
875.463 1265.232
875.767 1269.743
876.072 1259.366
876.376 1263.647
876.680 1253.925
876.985 1247.361
877.289 1249.389
877.594 1238.049
877.898 1246.886
878.203 1233.293
878.507 1237.601
878.811 1235.520
879.116 1232.581
879.420 1235.723
879.725 1230.756
880.029 1223.401
880.334 1209.176
880.638 1216.823
880.943 1210.262
881.247 1211.357
881.551 1208.434
881.856 1197.158
882.160 1197.523
882.465 1204.246
882.769 1200.962
883.074 1189.503
883.378 1194.775
883.683 1197.494
883.987 1196.758
884.291 1190.216
884.596 1188.222
884.900 1194.190
885.205 1197.464
885.509 1197.817
885.814 1198.180
886.118 1205.085
886.423 1193.807
886.727 1204.163
887.031 1205.976
887.336 1210.904
887.640 1220.724
887.945 1226.802
888.249 1226.382
888.554 1229.529
888.858 1222.724
889.162 1226.070
889.467 1242.962
889.771 1238.377
890.076 1249.131
890.380 1250.498
890.685 1248.431
890.989 1240.403
891.294 1247.503
891.598 1242.669
891.902 1247.945
892.207 1242.434
892.511 1252.519
892.816 1250.908
893.120 1255.043
893.425 1265.400
893.729 1250.200
894.034 1250.655
894.338 1244.203
894.642 1249.259
894.947 1254.553
895.251 1254.093
895.556 1247.852
895.860 1251.775
896.165 1242.518
896.469 1250.143
896.774 1248.980
897.078 1248.508
897.382 1251.515
897.687 1253.599
897.991 1253.828
898.296 1255.918
898.600 1260.562
898.905 1243.107
899.209 1244.259
899.513 1239.592
899.818 1251.936
900.122 1243.054
900.427 1244.460
900.731 1247.482
901.036 1242.807
901.340 1246.291
901.645 1244.183
901.949 1246.508
902.253 1248.376
902.558 1250.713
902.862 1244.842
903.167 1246.467
903.471 1241.529
903.776 1236.550
904.080 1244.795
904.385 1242.904
904.689 1241.469
904.993 1246.644
905.298 1233.404
905.602 1233.113
905.907 1234.054
906.211 1239.280
906.516 1232.871
906.820 1231.848
907.125 1239.712
907.429 1226.865
907.733 1229.925
908.038 1223.902
908.342 1238.194
908.647 1217.007
908.951 1223.454
909.256 1237.445
909.560 1229.804
909.864 1227.803
910.169 1227.360
910.473 1220.872
910.778 1227.040
911.082 1212.041
911.387 1209.566
911.691 1214.554
911.996 1227.446
912.300 1221.888
912.609 1216.528
912.918 1221.550
913.227 1206.878
913.537 1208.034
913.846 1227.094
914.155 1218.294
914.464 1221.401
914.773 1211.564
915.082 1220.089
915.391 1225.154
915.700 1210.569
916.010 1208.253
916.319 1217.991
916.628 1213.735
916.937 1204.929
917.246 1190.445
917.555 1207.846
917.864 1205.508
918.174 1201.578
918.483 1205.290
918.792 1208.834
919.101 1203.331
919.410 1193.481
919.719 1201.943
920.028 1201.935
920.337 1203.516
920.647 1201.727
920.956 1194.368
921.265 1198.935
921.574 1193.550
921.883 1194.536
922.192 1196.910
922.501 1191.110
922.811 1189.483
923.120 1186.849
923.429 1190.036
923.738 1185.829
924.047 1185.562
924.356 1183.542
924.665 1191.152
924.974 1174.165
925.284 1194.751
925.593 1181.585
925.902 1188.795
926.211 1182.676
926.520 1179.979
926.829 1174.868
927.138 1179.307
927.448 1174.542
927.757 1175.071
928.066 1176.936
928.375 1180.563
928.684 1179.894
928.993 1175.939
929.302 1177.329
929.611 1167.488
929.921 1172.168
930.230 1160.701
930.539 1162.071
930.848 1165.538
931.157 1174.262
931.466 1163.925
931.775 1170.093
932.085 1172.756
932.394 1167.958
932.703 1163.130
933.012 1167.231
933.321 1171.564
933.630 1158.140
933.939 1162.638
934.248 1164.433
934.558 1146.203
934.867 1160.062
935.176 1169.654
935.485 1163.936
935.794 1161.565
936.103 1159.552
936.412 1179.867
936.721 1169.362
937.031 1182.014
937.340 1177.632
937.649 1183.813
937.958 1176.448
938.267 1199.269
938.576 1199.767
938.885 1206.093
939.195 1210.110
939.504 1220.559
939.813 1213.383
940.122 1224.651
940.431 1228.681
940.740 1229.837
941.049 1240.319
941.359 1239.849
941.668 1245.202
941.977 1226.621
942.286 1239.628
942.595 1238.082
942.904 1242.479
943.213 1228.768
943.522 1243.165
943.832 1232.379
944.141 1224.624
944.450 1237.145
944.759 1224.594
945.068 1239.019
945.377 1215.258
945.686 1210.535
945.995 1218.346
946.305 1204.616
946.614 1211.254
946.923 1209.184
947.232 1189.907
947.541 1187.656
947.850 1199.326
948.159 1186.037
948.469 1170.454
948.778 1175.795
949.087 1166.690
949.396 1139.661
949.705 1137.330
950.014 1149.732
950.323 1134.728
950.632 1134.175
950.942 1125.492
951.251 1111.476
951.560 1102.477
951.869 1092.732
952.178 1102.286
952.487 1105.451
952.796 1081.926
953.106 1076.255
953.415 1083.066
953.724 1065.330
954.033 1071.270
954.342 1068.103
954.651 1061.652
954.960 1030.925
955.269 1030.541
955.579 1034.085
955.888 1018.349
956.197 1013.521
956.506 1009.904
956.815 1002.830
957.124 1010.925
957.433 991.228
957.743 990.153
958.052 997.001
958.361 981.072
958.670 976.615
958.979 972.323
959.288 962.252
959.597 955.859
959.906 955.993
960.216 944.219
960.525 942.070
960.834 932.538
961.143 919.936
961.452 923.596
961.761 917.372
962.070 905.056
962.380 907.578
962.689 901.699
962.998 909.390
963.307 890.012
963.616 882.900
963.925 884.540
964.234 868.817
964.543 871.908
964.853 884.544
965.162 876.266
965.471 860.590
965.780 862.158
966.095 857.220
966.410 851.022
966.725 856.045
967.040 845.887
967.356 834.029
967.671 837.017
967.986 837.005
968.301 834.993
968.616 833.981
968.931 831.969
969.246 824.957
969.561 820.945
969.876 823.933
970.192 822.921
970.507 822.909
970.822 818.897
971.137 809.885
971.452 816.872
971.767 819.860
972.082 818.848
972.397 812.836
972.712 813.823
973.028 806.811
973.343 809.798
973.658 798.786
973.973 789.774
974.288 808.761
974.603 801.749
974.918 796.736
975.233 796.723
975.548 799.711
975.864 798.698
976.179 794.685
976.494 789.673
976.809 792.660
977.124 794.647
977.439 782.634
977.754 788.622
978.069 789.609
978.384 785.596
978.700 784.583
979.015 772.570
979.330 771.557
979.645 772.544
979.960 777.531
980.275 772.518
980.590 762.505
980.905 777.492
981.221 771.478
981.536 774.465
981.851 765.452
982.166 762.439
982.481 752.425
982.796 758.412
983.111 753.399
983.426 757.385
983.741 751.372
984.057 745.359
984.372 748.345
984.687 749.331
985.002 748.318
985.317 739.304
985.632 735.291
985.947 735.277
986.262 731.263
986.577 733.250
986.893 737.236
987.208 733.222
987.523 733.208
987.838 735.194
988.153 732.181
988.468 732.167
988.783 729.153
989.098 727.139
989.413 722.125
989.729 723.111
990.044 728.096
990.359 736.082
990.674 725.068
990.989 718.054
991.304 724.040
991.619 721.025
991.934 725.011
992.249 728.997
992.565 716.982
992.880 722.968
993.195 725.954
993.510 738.939
993.825 723.925
994.140 724.910
994.455 729.895
994.770 715.881
995.085 725.866
995.401 727.851
995.716 723.837
996.031 722.822
996.346 723.807
996.661 724.792
996.976 717.777
997.291 718.762
997.606 720.748
997.921 723.733
998.237 733.718
998.552 727.702
998.867 733.687
999.182 730.672
999.497 732.657
999.812 733.642
1000.127 738.627
1000.442 741.611
1000.757 750.596
1001.073 751.581
1001.388 742.565
1001.703 753.550
1002.018 744.534
1002.333 744.519
1002.648 759.503
1002.963 772.488
1003.278 756.472
1003.593 768.456
1003.909 761.441
1004.224 775.425
1004.539 773.409
1004.854 778.393
1005.169 781.377
1005.484 775.361
1005.799 796.345
1006.114 785.329
1006.429 789.313
1006.745 781.297
1007.060 792.281
1007.375 797.265
1007.690 793.249
1008.005 798.233
1008.320 797.216
1008.635 812.200
1008.950 812.184
1009.265 811.167
1009.581 814.151
1009.896 821.134
1010.211 824.118
1010.526 836.101
1010.841 822.085
1011.156 827.068
1011.471 826.051
1011.786 828.035
1012.102 839.018
1012.417 843.001
1012.732 846.984
1013.047 854.967
1013.362 845.950
1013.677 852.933
1013.992 861.916
1014.307 861.899
1014.622 864.882
1014.938 860.865
1015.253 872.848
1015.568 868.831
1015.883 881.813
1016.198 877.796
1016.513 878.779
1016.828 879.761
1017.143 880.744
1017.458 882.726
1017.774 885.709
1018.089 907.691
1018.404 903.673
1018.719 899.656
1019.034 897.638
1019.349 906.620
1019.664 922.603
1019.979 926.585
1020.294 925.567
1020.610 919.549
1020.925 917.531
1021.240 930.513
1021.555 940.495
1021.870 938.477
1022.185 929.458
1022.500 943.440
1022.815 944.422
1023.130 965.403
1023.446 961.385
1023.761 969.367
1024.076 978.348
1024.391 964.330
1024.706 972.311
1025.021 973.293
1025.336 976.274
1025.651 989.255
1025.966 986.236
1026.282 987.218
1026.597 1007.199
1026.912 1009.180
1027.227 1030.161
1027.542 1007.142
1027.857 1020.123
1028.172 1034.104
1028.487 1027.085
1028.802 1046.066
1029.118 1030.046
1029.433 1043.027
1029.748 1036.008
1030.063 1047.988
1030.378 1048.969
1030.693 1060.949
1031.008 1051.930
1031.323 1059.910
1031.638 1063.891
1031.954 1065.871
1032.269 1061.851
1032.584 1067.832
1032.899 1073.812
1033.214 1080.792
1033.529 1078.772
1033.844 1083.752
1034.159 1082.732
1034.474 1085.712
1034.790 1086.692
1035.105 1078.671
1035.420 1097.651
1035.735 1100.631
1036.050 1103.611
1036.365 1091.590
1036.680 1098.570
1036.995 1098.549
1037.310 1103.529
1037.626 1116.508
1037.941 1106.487
1038.256 1103.467
1038.571 1108.446
1038.886 1109.425
1039.201 1109.404
1039.516 1123.383
1039.831 1111.362
1040.146 1111.341
1040.462 1128.320
1040.777 1112.299
1041.092 1105.278
1041.407 1119.256
1041.722 1114.235
1042.037 1122.214
1042.352 1121.192
1042.667 1114.171
1042.982 1117.149
1043.298 1116.128
1043.613 1126.106
1043.928 1133.084
1044.243 1113.063
1044.558 1120.041
1044.873 1118.019
1045.188 1119.997
1045.503 1109.975
1045.819 1112.953
1046.134 1113.931
1046.449 1111.909
1046.764 1100.887
1047.079 1119.864
1047.394 1111.842
1047.709 1105.820
1048.024 1099.797
1048.339 1110.775
1048.655 1104.752
1048.970 1110.729
1049.285 1101.707
1049.600 1109.684
1049.915 1100.661
1050.230 1091.638
1050.545 1098.615
1050.860 1099.592
1051.175 1077.569
1051.491 1104.546
1051.806 1101.523
1052.121 1097.500
1052.436 1080.477
1052.751 1082.453
1053.066 1094.430
1053.381 1096.406
1053.696 1078.383
1054.011 1077.359
1054.327 1078.336
1054.642 1073.312
1054.957 1069.288
1055.272 1073.264
1055.587 1080.241
1055.902 1069.217
1056.217 1072.193
1056.532 1065.168
1056.847 1062.144
1057.163 1061.120
1057.478 1062.096
1057.793 1057.072
1058.108 1054.047
1058.423 1061.023
1058.738 1052.998
1059.053 1054.974
1059.368 1054.949
1059.683 1056.924
1059.999 1045.900
1060.314 1051.875
1060.629 1044.850
1060.944 1046.825
1061.259 1059.800
1061.574 1051.775
1061.889 1036.750
1062.204 1041.724
1062.519 1050.699
1062.835 1048.674
1063.150 1034.648
1063.465 1025.623
1063.780 1041.597
1064.095 1041.572
1064.410 1030.546
1064.725 1028.520
1065.040 1031.494
1065.355 1032.468
1065.671 1025.442
1065.986 1022.416
1066.301 1019.390
1066.616 1035.364
1066.931 1032.338
1067.246 1029.312
1067.561 1028.285
1067.876 1030.259
1068.191 1022.232
1068.507 1022.206
1068.822 1025.179
1069.137 1032.152
1069.452 1016.126
1069.767 1026.099
1070.082 1017.072
1070.397 1014.045
1070.712 1014.018
1071.027 1008.991
1071.343 996.964
1071.658 1003.936
1071.973 998.909
1072.288 1002.882
1072.603 1009.854
1072.918 1010.827
1073.233 1009.799
1073.548 1007.771
1073.863 1004.743
1074.179 1007.716
1074.494 1004.688
1074.809 999.660
1075.124 996.632
1075.439 992.604
1075.754 992.575
1076.069 990.547
1076.384 995.519
1076.699 988.490
1077.015 985.462
1077.330 987.433
1077.645 991.405
1077.960 993.376
1078.275 975.347
1078.590 986.318
1078.905 995.289
1079.220 981.260
1079.536 986.231
1079.851 985.202
1080.166 982.173
1080.481 976.144
1080.796 972.114
1081.111 976.085
1081.426 974.055
1081.741 976.026
1082.056 974.996
1082.372 986.966
1082.687 974.936
1083.002 972.906
1083.317 974.876
1083.632 976.846
1083.947 972.816
1084.262 974.786
1084.577 971.756
1084.892 965.725
1085.208 971.695
1085.523 965.664
1085.838 965.634
1086.153 969.603
1086.468 963.572
1086.783 963.541
1087.098 955.510
1087.413 965.479
1087.728 959.448
1088.044 955.417
1088.359 958.386
1088.674 961.355
1088.989 955.323
1089.304 955.292
1089.619 957.260
1089.934 950.228
1090.249 958.197
1090.564 960.165
1090.880 954.133
1091.195 948.101
1091.510 949.069
1091.825 957.037
1092.140 945.005
1092.467 954.972
1092.794 957.940
1093.121 946.908
1093.448 940.875
1093.775 939.842
1094.102 938.810
1094.429 949.777
1094.756 935.744
1095.083 934.711
1095.410 934.678
1095.737 940.645
1096.064 930.612
1096.391 939.579
1096.718 930.545
1097.045 941.512
1097.372 929.478
1097.699 936.445
1098.026 939.411
1098.353 927.377
1098.680 929.343
1099.007 930.309
1099.334 929.275
1099.661 921.241
1099.988 927.207
1100.315 934.173
1100.642 932.138
1100.969 923.104
1101.296 925.069
1101.623 934.035
1101.950 929.000
1102.277 919.965
1102.604 921.930
1102.931 920.895
1103.258 933.860
1103.585 930.825
1103.912 928.790
1104.239 929.755
1104.566 936.719
1104.893 926.684
1105.220 926.648
1105.547 921.612
1105.874 937.577
1106.201 924.541
1106.528 925.505
1106.855 922.469
1107.182 914.433
1107.509 908.397
1107.836 919.360
1108.163 924.324
1108.490 922.287
1108.817 926.251
1109.144 927.214
1109.470 927.178
1109.797 916.141
1110.124 920.104
1110.451 913.067
1110.778 924.030
1111.105 930.993
1111.432 925.955
1111.759 917.918
1112.086 924.881
1112.413 921.843
1112.740 926.805
1113.067 920.768
1113.394 923.730
1113.721 921.692
1114.048 922.654
1114.375 919.616
1114.702 915.578
1115.029 923.540
1115.356 925.501
1115.683 909.463
1116.010 915.424
1116.337 909.386
1116.664 920.347
1116.991 905.308
1117.318 910.269
1117.645 911.230
1117.972 914.191
1118.299 907.152
1118.626 911.113
1118.953 906.074
1119.280 905.034
1119.607 907.995
1119.934 903.955
1120.261 904.915
1120.588 904.876
1120.915 896.836
1121.242 893.796
1121.569 896.756
1121.896 903.716
1122.223 892.675
1122.550 894.635
1122.877 889.595
1123.204 890.554
1123.531 892.513
1123.858 891.473
1124.185 902.432
1124.512 896.391
1124.839 896.350
1125.166 890.309
1125.493 887.268
1125.820 887.227
1126.147 887.185
1126.474 888.144
1126.801 883.102
1127.128 886.061
1127.455 887.019
1127.782 883.977
1128.109 881.935
1128.436 891.893
1128.763 888.851
1129.090 871.809
1129.417 880.767
1129.744 874.724
1130.071 875.682
1130.398 872.639
1130.725 866.597
1131.052 871.554
1131.379 864.511
1131.706 863.468
1132.033 863.425
1132.360 860.382
1132.687 854.339
1133.014 861.296
1133.341 854.252
1133.668 858.209
1133.995 864.165
1134.322 857.122
1134.649 850.078
1134.976 844.034
1135.303 833.990
1135.630 834.946
1135.957 847.902
1136.284 849.858
1136.611 840.814
1136.938 828.769
1137.265 827.725
1137.592 827.680
1137.919 822.636
1138.246 826.591
1138.573 815.546
1138.900 814.501
1139.227 814.456
1139.554 810.411
1139.881 814.366
1140.208 794.321
1140.535 801.275
1140.862 796.230
1141.189 792.184
1141.516 791.139
1141.843 784.093
1142.170 779.047
1142.497 772.001
1142.824 772.955
1143.151 765.909
1143.478 775.863
1143.805 774.817
1144.131 765.771
1144.458 766.724
1144.785 775.678
1145.112 776.631
1145.439 765.584
1145.766 765.538
1146.093 770.491
1146.420 782.444
1146.747 755.397
1147.074 754.350
1147.401 753.302
1147.728 757.255
1148.055 768.208
1148.382 760.160
1148.709 749.113
1149.036 753.065
1149.363 758.017
1149.690 751.970
1150.017 756.922
1150.344 746.874
1150.671 738.826
1150.998 753.777
1151.325 750.729
1151.652 746.681
1151.979 746.633
1152.306 739.584
1152.633 751.536
1152.960 739.487
1153.287 737.438
1153.614 739.389
1153.941 742.340
1154.268 741.292
1154.595 736.242
1154.922 742.193
1155.249 751.144
1155.576 742.095
1155.903 743.046
1156.230 737.996
1156.557 742.947
1156.884 741.897
1157.211 743.847
1157.538 751.798
1157.865 737.748
1158.192 733.698
1158.519 755.648
1158.846 737.598
1159.173 741.548
1159.500 737.498
1159.827 738.447
1160.154 734.397
1160.481 729.347
1160.808 736.296
1161.135 729.245
1161.462 729.195
1161.789 730.144
1162.116 745.093
1162.443 725.043
1162.770 717.992
1163.097 724.941
1163.424 721.890
1163.751 715.838
1164.078 725.787
1164.405 717.736
1164.732 723.685
1165.059 718.633
1165.386 727.582
1165.713 732.530
1166.040 729.479
1166.367 721.427
1166.694 725.375
1167.021 732.324
1167.348 715.272
1167.675 714.220
1168.002 716.168
1168.329 710.116
1168.656 709.064
1168.983 691.012
1169.310 705.959
1169.637 706.907
1169.964 694.855
1170.291 693.802
1170.618 691.750
1170.945 682.698
1171.272 667.645
1171.599 673.592
1171.926 652.540
1172.253 658.487
1172.580 649.434
1172.907 640.381
1173.234 640.329
1173.561 647.276
1173.888 630.223
1174.215 624.170
1174.542 629.117
1174.869 627.064
1175.196 617.010
1175.523 622.957
1175.850 633.904
1176.177 623.851
1176.504 629.797
1176.831 624.744
1177.158 626.691
1177.485 616.637
1177.812 627.584
1178.139 623.530
1178.465 617.477
1178.792 625.423
1179.119 611.369
1179.446 612.316
1179.773 612.262
1180.100 605.208
1180.427 594.155
1180.754 595.101
1181.081 596.047
1181.408 588.993
1181.735 579.939
1182.062 587.885
1182.389 569.831
1182.716 577.777
1183.043 574.723
1183.370 577.669
1183.697 566.615
1184.024 579.561
1184.351 583.507
1184.678 563.453
1185.005 568.399
1185.332 555.345
1185.659 573.290
1185.986 571.236
1186.313 577.182
1186.640 571.128
1186.967 576.074
1187.294 569.019
1187.621 564.965
1187.948 565.911
1188.275 559.857
1188.602 551.802
1188.929 556.748
1189.256 547.694
1189.583 550.639
1189.910 564.585
1190.237 556.531
1190.564 551.477
1190.891 551.422
1191.218 552.368
1191.545 541.314
1191.872 539.259
1192.199 534.205
1192.526 545.151
1192.853 537.097
1193.180 539.042
1193.507 532.988
1193.834 537.934
1194.161 533.880
1194.488 525.825
1194.815 528.771
1195.142 528.717
1195.469 522.663
1195.796 513.609
1196.123 515.555
1196.450 520.500
1196.777 512.446
1197.104 517.392
1197.431 521.338
1197.758 517.284
1198.085 517.230
1198.412 520.176
1198.739 505.122
1199.066 515.069
1199.393 514.015
1199.720 504.961
1200.047 498.907
1200.374 494.853
1200.701 493.800
1201.028 498.746
1201.355 490.692
1201.682 487.639
1202.009 482.585
1202.336 478.532
1202.663 479.479
1202.990 481.425
1203.317 478.372
1203.644 482.319
1203.971 468.265
1204.298 465.212
1204.625 475.159
1204.952 473.106
1205.279 470.053
1205.606 480.000
1205.933 464.947
1206.260 456.895
1206.587 458.842
1206.914 456.789
1207.241 445.737
1207.568 451.684
1207.895 456.632
1208.222 456.579
1208.549 447.527
1208.876 445.475
1209.203 440.423
1209.530 448.371
1209.857 434.319
1210.184 434.267
1210.511 434.215
1210.838 430.164
1211.165 430.112
1211.492 421.060
1211.819 416.009
1212.146 417.958
1212.473 411.907
1212.799 418.855
1213.126 403.804
1213.453 408.753
1213.780 400.703
1214.107 404.652
1214.434 396.601
1214.761 394.551
1215.088 393.501
1215.415 393.450
1215.742 396.400
1216.069 384.350
1216.396 386.300
1216.723 391.250
1217.050 385.201
1217.377 382.151
1217.704 381.102
1218.031 382.053
1218.358 364.003
1218.685 374.954
1219.012 364.905
1219.339 367.857
1219.666 371.808
1219.993 367.760
1220.320 359.711
1220.647 360.663
1220.974 360.615
1221.301 349.567
1221.628 346.519
1221.955 349.472
1222.282 349.424
1222.609 346.377
1222.936 347.330
1223.263 340.283
1223.590 341.236
1223.917 343.189
1224.244 327.143
1224.571 345.096
1224.898 339.050
1225.225 332.004
1225.552 326.958
1225.879 328.913
1226.206 321.867
1226.533 330.822
1226.860 327.777
1227.187 321.732
1227.514 318.687
1227.841 317.642
1228.168 314.598
1228.495 321.554
1228.822 309.510
1229.149 304.466
1229.476 304.422
1229.803 311.379
1230.130 309.336
1230.457 299.292
1230.784 297.250
1231.111 305.207
1231.438 305.165
1231.765 297.122
1232.092 298.080
1232.419 295.038
1232.746 290.997
