168.180 9.517
168.450 50.516
168.720 61.516
168.990 69.516
169.260 70.516
169.530 66.515
169.799 55.515
170.069 53.515
170.339 69.515
170.609 69.514
170.879 71.514
171.149 74.514
171.418 68.514
171.688 73.513
171.958 70.513
172.228 74.513
172.498 69.513
172.768 69.512
173.037 66.512
173.307 71.512
173.577 68.512
173.847 68.511
174.117 64.511
174.387 69.511
174.656 68.511
174.926 71.510
175.196 62.510
175.466 63.510
175.736 71.509
176.006 68.509
176.275 60.509
176.545 70.509
176.815 62.508
177.085 68.508
177.355 66.508
177.625 61.508
177.894 61.507
178.164 67.507
178.434 66.507
178.704 67.507
178.974 72.506
179.244 71.506
179.513 66.506
179.783 70.506
180.053 73.505
180.323 65.505
180.593 70.505
180.863 60.505
181.132 64.504
181.402 73.504
181.672 68.504
181.942 69.504
182.212 68.503
182.482 69.503
182.751 67.503
183.021 60.502
183.291 67.502
183.561 71.502
183.831 63.502
184.101 68.501
184.370 68.501
184.640 74.501
184.910 69.501
185.164 70.500
185.417 69.500
185.671 73.500
185.925 70.500
186.178 70.499
186.432 71.499
186.686 70.499
186.939 75.499
187.193 66.498
187.447 74.498
187.700 79.498
187.954 64.497
188.207 68.497
188.461 75.497
188.715 71.497
188.968 82.496
189.222 71.496
189.476 68.496
189.729 67.496
189.983 72.495
190.237 68.495
190.490 57.495
190.744 60.494
190.998 69.494
191.251 77.494
191.505 66.494
191.759 66.493
192.012 71.493
192.266 70.493
192.520 69.493
192.773 65.492
193.027 68.492
193.281 67.492
193.534 74.492
193.788 67.491
194.042 63.491
194.295 69.491
194.549 66.490
194.802 71.490
195.056 74.490
195.310 70.490
195.563 75.489
195.817 73.489
196.071 66.489
196.324 74.489
196.578 69.488
196.832 60.488
197.085 75.488
197.339 80.487
197.593 62.487
197.846 70.487
198.100 67.487
198.354 66.486
198.607 73.486
198.861 65.486
199.115 67.485
199.368 65.485
199.622 71.485
199.876 78.485
200.129 76.484
200.383 60.484
200.636 70.484
200.890 65.484
201.144 71.483
201.397 62.483
201.651 68.483
201.905 65.482
202.158 73.482
202.412 75.482
202.666 85.482
202.919 70.481
203.173 70.481
203.427 75.481
203.680 76.480
203.934 77.480
204.188 72.480
204.441 67.480
204.695 61.479
204.949 72.479
205.202 70.479
205.456 67.479
205.710 70.478
205.963 69.478
206.217 74.478
206.471 72.477
206.724 70.477
206.978 73.477
207.231 77.477
207.485 89.476
207.739 72.476
207.992 67.476
208.246 75.475
208.500 67.475
208.753 76.475
209.007 79.475
209.261 71.474
209.514 76.474
209.768 74.474
210.022 74.473
210.275 69.473
210.529 77.473
210.783 78.473
211.036 83.472
211.290 65.472
211.544 71.472
211.797 75.471
212.051 71.471
212.305 75.471
212.558 72.471
212.812 73.470
213.065 72.470
213.319 75.470
213.573 72.469
213.826 72.469
214.080 74.469
214.334 76.469
214.587 77.468
214.841 71.468
215.095 75.468
215.348 80.467
215.602 67.467
215.856 74.467
216.109 67.466
216.363 76.466
216.617 76.466
216.870 75.466
217.124 75.465
217.378 69.465
217.631 73.465
217.885 62.464
218.139 72.464
218.392 76.464
218.646 73.464
218.900 73.463
219.153 71.463
219.407 77.463
219.660 76.462
219.914 77.462
220.168 78.462
220.421 67.461
220.675 79.461
220.929 74.461
221.182 73.461
221.436 76.460
221.690 79.460
221.943 79.460
222.197 73.459
222.451 82.459
222.704 83.459
222.958 74.459
223.212 72.458
223.465 77.458
223.719 79.458
223.973 77.457
224.226 76.457
224.480 77.457
224.734 72.456
224.987 81.456
225.241 73.456
225.494 76.456
225.748 82.455
226.002 73.455
226.255 79.455
226.509 77.454
226.763 83.454
227.016 76.454
227.270 88.453
227.524 70.453
227.777 79.453
228.031 73.452
228.285 78.452
228.538 76.452
228.792 73.452
229.046 79.451
229.299 72.451
229.553 84.451
229.807 76.450
230.060 80.450
230.314 79.450
230.568 79.449
230.821 72.449
231.075 75.449
231.329 77.449
231.582 78.448
231.836 81.448
232.089 77.448
232.343 88.447
232.597 79.447
232.850 77.447
233.104 74.446
233.358 83.446
233.611 72.446
233.865 81.445
234.119 80.445
234.372 83.445
234.626 73.445
234.880 78.444
235.133 79.444
235.387 81.444
235.641 74.443
235.894 79.443
236.148 74.443
236.402 80.442
236.655 81.442
236.909 79.442
237.163 90.441
237.416 81.441
237.670 76.441
237.924 83.440
238.177 82.440
238.431 85.440
238.684 87.440
238.938 87.439
239.192 76.439
239.445 80.439
239.699 77.438
239.953 75.438
240.206 83.438
240.460 83.437
240.714 80.437
240.967 68.437
241.221 67.436
241.475 77.436
241.728 86.436
241.982 79.435
242.236 82.435
242.489 78.435
242.743 86.434
242.997 84.434
243.250 79.434
243.504 81.434
243.758 76.433
244.011 80.433
244.265 84.433
244.518 85.432
244.772 84.432
245.026 88.432
245.279 85.431
245.533 80.431
245.787 81.431
246.040 86.430
246.294 83.430
246.548 81.430
246.801 79.429
247.055 81.429
247.309 79.429
247.562 76.428
247.816 78.428
248.070 78.428
248.323 84.427
248.577 78.427
248.831 79.427
249.084 85.426
249.338 81.426
249.592 89.426
249.845 83.425
250.099 85.425
250.353 85.425
250.606 84.424
250.860 76.424
251.113 90.424
251.367 84.423
251.621 87.423
251.874 80.423
252.128 83.423
252.382 88.422
252.635 88.422
252.889 83.422
253.143 84.421
253.396 86.421
253.650 79.421
253.911 85.420
254.172 83.420
254.433 88.420
254.694 85.419
254.955 84.419
255.216 87.419
255.477 94.418
255.738 81.418
255.999 85.418
256.261 91.417
256.522 84.417
256.783 88.417
257.044 86.416
257.305 85.416
257.566 87.416
257.827 90.415
258.088 94.415
258.349 89.415
258.610 88.414
258.871 84.414
259.132 95.414
259.393 85.413
259.654 79.413
259.915 85.413
260.176 91.412
260.437 88.412
260.698 90.412
260.959 82.411
261.221 88.411
261.482 94.411
261.743 82.410
262.004 83.410
262.265 96.409
262.526 88.409
262.787 86.409
263.048 87.408
263.309 87.408
263.570 86.408
263.831 86.407
264.092 88.407
264.353 95.407
264.614 90.406
264.875 85.406
265.136 94.406
265.397 91.405
265.658 88.405
265.919 96.405
266.181 95.404
266.442 99.404
266.703 95.404
266.964 90.403
267.225 89.403
267.486 88.403
267.747 97.402
268.008 86.402
268.269 99.402
268.530 84.401
268.791 93.401
269.052 89.401
269.313 95.400
269.574 95.400
269.835 93.400
270.096 99.399
270.357 94.399
270.618 90.398
270.879 85.398
271.141 89.398
271.402 90.397
271.663 94.397
271.924 93.397
272.185 88.396
272.446 93.396
272.707 95.396
272.968 94.395
273.229 83.395
273.490 94.395
273.751 85.394
274.012 92.394
274.273 87.394
274.534 85.393
274.795 94.393
275.056 90.393
275.317 98.392
275.578 90.392
275.839 88.391
276.101 94.391
276.362 88.391
276.623 92.390
276.884 97.390
277.145 91.390
277.406 97.389
277.667 103.389
277.928 90.389
278.189 94.388
278.450 100.388
278.711 94.388
278.972 94.387
279.233 90.387
279.494 94.386
279.755 98.386
280.016 87.386
280.277 85.385
280.538 92.385
280.799 93.385
281.061 103.384
281.322 98.384
281.583 92.384
281.844 91.383
282.105 88.383
282.366 98.382
282.627 100.382
282.888 93.382
283.149 87.381
283.410 101.381
283.671 92.381
283.932 97.380
284.193 90.380
284.454 90.380
284.715 91.379
284.976 94.379
285.237 90.378
285.498 91.378
285.759 97.378
286.021 99.377
286.282 99.377
286.543 98.377
286.804 89.376
287.065 88.376
287.326 98.376
287.587 96.375
287.848 101.375
288.109 93.374
288.370 92.374
288.631 114.374
288.892 95.373
289.153 98.373
289.414 104.373
289.675 107.372
289.936 99.372
290.197 99.371
290.458 97.371
290.719 93.371
290.981 97.370
291.242 93.370
291.503 102.370
291.764 100.369
292.025 94.369
292.286 106.368
292.547 95.368
292.808 92.368
293.069 96.367
293.330 99.367
293.591 99.367
293.852 96.366
294.113 97.366
294.374 102.365
294.635 106.365
294.896 100.365
295.157 99.364
295.418 96.364
295.679 104.364
295.941 102.363
296.202 103.363
296.463 105.362
296.724 92.362
296.985 95.362
297.246 101.361
297.507 97.361
297.768 96.360
298.029 102.360
298.290 104.360
298.551 91.359
298.812 94.359
299.073 99.359
299.334 99.358
299.595 102.358
299.856 94.357
300.117 98.357
300.378 94.357
300.639 101.356
300.901 102.356
301.162 108.355
301.423 94.355
301.684 107.355
301.945 102.354
302.206 107.354
302.467 107.354
302.728 105.353
302.989 101.353
303.250 105.352
303.511 96.352
303.772 100.352
304.033 96.351
304.294 103.351
304.555 111.350
304.816 107.350
305.077 104.350
305.338 104.349
305.599 108.349
305.861 97.348
306.122 102.348
306.383 103.348
306.644 107.347
306.905 100.347
307.166 97.347
307.427 100.346
307.688 97.346
307.949 109.345
308.210 107.345
308.471 108.345
308.732 107.344
308.993 104.344
309.254 104.343
309.515 108.343
309.776 104.343
310.037 100.342
310.298 103.342
310.559 103.341
310.821 102.341
311.082 102.341
311.343 108.340
311.604 113.340
311.865 110.339
312.126 108.339
312.387 94.339
312.648 106.338
312.909 106.338
313.170 111.337
313.437 108.337
313.704 120.337
313.971 116.336
314.238 114.336
314.504 112.335
314.771 109.335
315.038 109.335
315.305 112.334
315.572 106.334
315.839 108.333
316.106 100.333
316.373 102.332
316.640 109.332
316.906 104.332
317.173 105.331
317.440 108.331
317.707 100.330
317.974 113.330
318.241 109.330
318.508 109.329
318.775 111.329
319.042 114.328
319.308 107.328
319.575 107.328
319.842 105.327
320.109 110.327
320.376 100.326
320.643 115.326
320.910 112.325
321.177 107.325
321.444 107.325
321.710 111.324
321.977 104.324
322.244 106.323
322.511 111.323
322.778 107.323
323.045 99.322
323.312 116.322
323.579 118.321
323.846 111.321
324.112 95.320
324.379 114.320
324.646 112.320
324.913 113.319
325.180 108.319
325.447 118.318
325.714 114.318
325.981 113.318
326.248 113.317
326.514 112.317
326.781 105.316
327.048 106.316
327.315 102.315
327.582 104.315
327.849 106.315
328.116 108.314
328.383 111.314
328.649 123.313
328.916 105.313
329.183 108.312
329.450 114.312
329.717 118.312
329.984 115.311
330.251 112.311
330.518 112.310
330.785 120.310
331.051 122.309
331.318 121.309
331.585 122.309
331.852 128.308
332.119 119.308
332.386 122.307
332.653 119.307
332.920 129.306
333.187 122.306
333.453 120.306
333.720 128.305
333.987 132.305
334.254 125.304
334.521 125.304
334.788 123.303
335.055 139.303
335.322 139.303
335.589 141.302
335.855 142.302
336.122 152.301
336.389 146.301
336.656 155.300
336.923 151.300
337.190 155.300
337.457 152.299
337.724 156.299
337.991 167.298
338.257 169.298
338.524 169.297
338.791 181.297
339.058 191.296
339.325 184.296
339.592 183.296
339.859 188.295
340.126 200.295
340.393 208.294
340.659 208.294
340.926 219.293
341.193 222.293
341.460 232.292
341.727 245.292
341.994 245.292
342.261 251.291
342.528 268.291
342.795 268.290
343.061 264.290
343.328 287.289
343.595 292.289
343.862 299.288
344.129 315.288
344.396 330.288
344.663 332.287
344.930 340.287
345.197 342.286
345.463 353.286
345.730 373.285
345.997 372.285
346.264 397.284
346.531 406.284
346.798 423.283
347.065 431.283
347.332 432.283
347.599 449.282
347.865 451.282
348.132 475.281
348.399 490.281
348.666 497.280
348.933 512.280
349.200 529.279
349.467 545.279
349.734 548.278
350.001 575.278
350.267 579.278
350.534 590.277
350.801 615.277
351.068 620.276
351.335 633.276
351.602 641.275
351.869 655.275
352.136 673.274
352.402 682.274
352.669 703.273
352.936 719.273
353.203 726.273
353.470 734.272
353.737 753.272
354.004 779.271
354.271 786.271
354.538 808.270
354.804 829.270
355.071 837.269
355.338 857.269
355.605 876.268
355.872 884.268
356.139 905.267
356.406 926.267
356.673 939.266
356.940 946.266
357.206 975.953
357.473 998.237
357.740 1009.396
358.007 1030.913
358.274 1061.368
358.541 1076.565
358.808 1092.465
359.075 1129.102
359.342 1134.823
359.608 1162.677
359.875 1166.253
360.142 1199.443
360.409 1218.374
360.676 1243.288
360.943 1270.649
361.210 1281.710
361.477 1309.321
361.744 1326.629
362.010 1337.065
362.277 1369.674
362.544 1399.009
362.811 1418.240
363.078 1419.453
363.345 1455.484
363.612 1484.346
363.879 1512.517
364.146 1503.980
364.412 1527.367
364.679 1584.589
364.946 1597.464
365.213 1605.023
365.480 1621.336
365.748 1638.108
366.017 1664.760
366.285 1686.268
366.553 1710.511
366.822 1729.735
367.090 1736.078
367.358 1760.095
367.627 1791.021
367.895 1809.533
368.164 1839.478
368.432 1838.376
368.700 1862.799
368.969 1889.905
369.237 1892.254
369.505 1907.946
369.774 1923.857
370.042 1943.477
370.310 1964.556
370.579 1993.580
370.847 2008.127
371.115 2032.854
371.384 2033.788
371.652 2043.697
371.921 2058.108
372.189 2071.060
372.457 2108.646
372.726 2134.344
372.994 2128.866
373.262 2162.666
373.531 2144.374
373.799 2162.154
374.067 2175.369
374.336 2186.661
374.604 2218.938
374.872 2234.580
375.141 2223.450
375.409 2252.448
375.678 2251.887
375.946 2266.556
376.214 2286.736
376.483 2302.525
376.751 2305.864
377.019 2309.181
377.288 2344.703
377.556 2355.467
377.824 2383.041
378.093 2379.922
378.361 2396.389
378.629 2415.034
378.898 2435.536
379.166 2460.627
379.435 2476.176
379.703 2485.801
379.971 2501.840
380.240 2528.076
380.508 2541.905
380.776 2558.998
381.045 2579.576
381.313 2622.031
381.581 2617.914
381.850 2641.563
382.118 2664.752
382.386 2689.005
382.655 2693.524
382.923 2733.854
383.192 2762.291
383.460 2778.728
383.728 2799.377
383.997 2823.888
384.265 2861.224
384.533 2886.841
384.802 2899.908
385.070 2928.957
385.338 2989.351
385.607 3018.629
385.875 3004.544
386.143 3071.813
386.412 3102.293
386.680 3118.579
386.948 3129.957
387.217 3196.521
387.485 3220.032
387.754 3256.749
388.022 3280.967
388.290 3310.758
388.559 3345.878
388.827 3401.534
389.095 3430.977
389.364 3454.373
389.632 3497.503
389.900 3517.614
390.169 3550.710
390.437 3587.817
390.705 3614.938
390.974 3663.629
391.242 3723.646
391.511 3738.596
391.779 3763.971
392.047 3817.908
392.316 3851.668
392.584 3905.856
392.852 3938.923
393.121 3978.731
393.389 4031.429
393.657 4055.946
393.926 4107.277
394.194 4130.691
394.462 4163.322
394.731 4218.992
394.999 4269.356
395.268 4320.419
395.536 4375.738
395.804 4392.154
396.073 4436.182
396.341 4471.721
396.609 4525.465
396.878 4577.651
397.146 4621.253
397.414 4656.351
397.683 4708.182
397.951 4764.101
398.219 4818.665
398.488 4869.032
398.756 4901.869
399.025 4971.834
399.293 5028.437
399.561 5044.035
399.830 5099.566
400.098 5179.627
400.366 5177.830
400.635 5258.560
400.903 5299.041
401.171 5306.759
401.440 5389.311
401.708 5444.285
401.976 5511.184
402.245 5547.161
402.513 5622.177
402.782 5669.999
403.050 5708.954
403.318 5748.620
403.587 5810.657
403.855 5865.388
404.123 5925.916
404.392 5974.060
404.660 6037.800
404.934 6090.140
405.207 6138.257
405.481 6210.873
405.754 6239.175
406.028 6294.298
406.301 6337.706
406.575 6399.339
406.848 6436.828
407.122 6517.998
407.395 6565.898
407.669 6594.091
407.942 6651.803
408.216 6728.597
408.489 6754.892
408.763 6817.402
409.036 6854.012
409.310 6907.930
409.583 6972.919
409.857 7036.937
410.130 7107.427
410.404 7123.731
410.677 7172.583
410.951 7245.453
411.224 7271.567
411.498 7311.626
411.771 7375.950
412.045 7425.322
412.318 7477.296
412.592 7541.097
412.865 7594.366
413.139 7639.625
413.412 7704.402
413.686 7749.387
413.959 7806.346
414.233 7866.277
414.506 7892.466
414.780 7960.198
415.053 8051.439
415.327 8069.614
415.600 8134.987
415.874 8189.371
416.147 8242.793
416.421 8289.493
416.694 8338.551
416.968 8403.393
417.241 8475.859
417.515 8530.391
417.788 8561.075
418.062 8604.775
418.335 8685.574
418.609 8737.358
418.882 8792.730
419.156 8816.694
419.429 8879.505
419.703 8950.193
419.976 9031.080
420.250 9056.858
420.524 9133.740
420.797 9175.264
421.071 9197.952
421.344 9267.004
421.618 9311.646
421.891 9348.997
422.165 9446.903
422.438 9459.462
422.712 9524.987
422.985 9546.220
423.259 9603.309
423.532 9667.132
423.806 9678.386
424.079 9769.594
424.353 9830.133
424.626 9845.596
424.900 9894.554
425.173 9940.251
425.447 10026.131
425.720 10036.130
425.994 10095.225
426.267 10152.740
426.541 10202.736
426.814 10195.323
427.088 10282.256
427.361 10346.552
427.635 10379.402
427.908 10426.537
428.182 10427.261
428.455 10521.820
428.729 10528.293
429.002 10589.247
429.276 10612.018
429.549 10656.372
429.823 10689.256
430.096 10670.473
430.370 10764.471
430.643 10801.531
430.917 10839.998
431.190 10901.328
431.464 10947.699
431.737 10958.870
432.011 11008.181
432.284 11036.370
432.558 11064.437
432.831 11076.574
433.105 11097.308
433.378 11184.033
433.652 11212.750
433.925 11223.559
434.199 11283.678
434.472 11331.779
434.746 11400.110
435.019 11466.576
435.293 11496.619
435.566 11528.992
435.840 11532.381
436.119 11594.942
436.398 11658.496
436.677 11641.688
436.956 11681.292
437.235 11708.601
437.514 11696.952
437.793 11746.164
438.073 11775.912
438.352 11810.698
438.631 11853.040
438.910 11895.299
439.189 11903.418
439.468 11953.176
439.747 11976.681
440.026 12032.290
440.305 12075.217
440.584 12069.093
440.863 12137.253
441.142 12190.754
441.421 12250.092
441.700 12281.918
441.979 12336.984
442.258 12329.867
442.538 12403.394
442.817 12441.408
443.096 12477.295
443.375 12503.963
443.654 12549.068
443.933 12602.028
444.212 12691.420
444.491 12647.658
444.770 12740.104
445.049 12786.634
445.328 12830.162
445.607 12861.411
445.886 12934.461
446.165 12917.970
446.444 12985.390
446.723 13053.074
447.003 13066.812
447.282 13078.665
447.561 13136.755
447.840 13202.448
448.119 13246.125
448.398 13278.020
448.677 13366.512
448.956 13371.108
449.235 13421.966
449.514 13470.664
449.793 13525.025
450.072 13588.663
450.351 13609.903
450.630 13634.342
450.909 13693.848
451.188 13782.111
451.468 13814.401
451.747 13860.677
452.026 13914.125
452.305 13967.681
452.584 13990.951
452.863 14046.817
453.142 14061.934
453.421 14137.402
453.700 14195.786
453.979 14238.598
454.258 14290.882
454.537 14359.983
454.816 14408.876
455.095 14482.646
455.374 14496.989
455.653 14609.518
455.933 14654.066
456.212 14709.208
456.491 14776.011
456.770 14817.120
457.049 14879.689
457.328 14941.477
457.607 15033.014
457.886 15060.757
458.165 15104.887
458.444 15181.312
458.723 15250.055
459.002 15325.851
459.281 15391.224
459.560 15470.762
459.839 15568.841
460.119 15642.762
460.398 15688.256
460.677 15760.050
460.956 15844.311
461.235 15892.686
461.514 15974.485
461.793 16054.184
462.072 16195.543
462.351 16258.209
462.630 16312.672
462.909 16414.504
463.188 16526.520
463.467 16653.810
463.746 16685.321
464.025 16767.789
464.304 16893.549
464.584 16934.316
464.863 17048.523
465.142 17171.755
465.421 17296.707
465.700 17387.915
465.979 17464.285
466.258 17580.518
466.537 17724.103
466.816 17745.269
467.095 17859.470
467.374 17932.830
467.653 18067.165
467.932 18176.207
468.211 18280.030
468.490 18381.410
468.769 18477.028
469.049 18616.644
469.328 18748.027
469.607 18847.026
469.886 18943.025
470.165 19078.025
470.444 19189.213
470.723 19326.677
471.002 19450.374
471.281 19494.516
471.560 19623.645
471.839 19749.519
472.118 19871.635
472.397 19960.902
472.676 20091.384
472.955 20224.364
473.234 20336.033
473.514 20436.636
473.793 20594.774
474.072 20653.590
474.351 20813.334
474.630 20926.276
474.909 21032.368
475.188 21124.380
475.467 21236.853
475.746 21348.541
476.025 21460.456
476.304 21596.554
476.583 21712.407
476.862 21831.983
477.141 21981.658
477.420 22085.896
477.699 22160.209
477.979 22261.496
478.258 22372.573
478.537 22528.208
478.816 22614.361
479.095 22728.954
479.374 22855.088
479.653 22942.327
479.932 23047.324
480.211 23179.380
480.490 23304.435
480.769 23384.294
481.048 23481.899
481.327 23594.618
481.606 23683.224
481.885 23844.553
482.165 23944.034
482.444 24036.299
482.723 24140.178
483.002 24250.250
483.281 24404.776
483.560 24457.369
483.839 24604.567
484.118 24707.584
484.397 24784.810
484.676 24886.562
484.955 25008.310
485.234 25142.693
485.513 25215.608
485.792 25347.899
486.071 25337.469
486.350 25552.064
486.630 25600.812
486.909 25721.393
487.188 25781.910
487.467 25925.134
487.746 25947.127
488.025 26118.234
488.304 26190.649
488.583 26287.021
488.862 26323.656
489.141 26476.164
489.420 26558.401
489.699 26655.963
489.978 26741.208
490.257 26859.764
490.536 26928.982
490.815 27019.536
491.095 27115.076
491.374 27261.015
491.653 27270.458
491.932 27497.912
492.211 27540.478
492.490 27582.786
492.769 27612.834
493.048 27775.473
493.327 27877.762
493.606 27988.748
493.885 28063.032
494.164 28176.969
494.443 28266.964
494.722 28381.684
495.001 28411.305
495.280 28553.709
495.560 28576.295
495.839 28744.141
496.118 28786.029
496.397 28902.072
496.676 29010.033
496.955 29079.509
497.234 29207.403
497.513 29273.868
497.792 29348.038
498.071 29446.629
498.350 29530.129
498.629 29622.683
498.908 29760.510
499.187 29829.091
499.466 29918.538
499.745 29978.838
500.025 30099.541
500.304 30145.671
500.583 30179.660
500.862 30377.584
501.141 30441.027
501.420 30490.885
501.699 30514.511
501.978 30688.445
502.257 30734.075
502.536 30836.629
502.815 30900.136
503.094 31000.944
503.373 31064.579
503.652 31102.962
503.931 31227.434
504.211 31316.040
504.490 31375.816
504.769 31396.690
505.048 31537.453
505.327 31597.290
505.606 31669.977
505.885 31745.860
506.164 31773.298
506.443 31852.416
506.722 31985.666
507.001 32036.619
507.280 32112.051
507.559 32184.802
507.838 32270.133
508.117 32340.757
508.396 32366.720
508.676 32499.403
508.955 32516.308
509.234 32615.930
509.513 32656.323
509.792 32721.964
510.071 32764.014
510.350 32831.533
510.629 32921.881
510.908 32960.935
511.187 32969.139
511.466 33033.719
511.745 33117.855
512.024 33228.858
512.303 33230.202
512.582 33246.325
512.861 33359.821
513.141 33416.654
513.420 33490.718
513.699 33396.646
513.978 33543.135
514.257 33618.414
514.536 33633.773
514.815 33687.841
515.094 33722.850
515.373 33792.026
515.652 33808.557
515.931 33867.098
516.210 33974.769
516.489 33928.823
516.768 33989.903
517.047 34092.800
517.326 34049.643
517.606 34142.038
517.885 34152.668
518.164 34232.794
518.443 34324.320
518.722 34346.726
519.001 34395.351
519.280 34407.368
519.559 34549.542
519.838 34545.964
520.117 34560.120
520.396 34606.923
520.675 34713.751
520.954 34718.207
521.233 34746.964
521.512 34786.082
521.791 34880.464
522.071 34884.570
522.350 35030.887
522.629 35033.728
522.908 34993.128
523.187 35092.542
523.466 35156.910
523.745 35172.157
524.024 35216.014
524.303 35235.000
524.582 35276.694
524.861 35385.300
525.140 35461.558
525.419 35443.466
525.698 35455.024
525.977 35533.712
526.257 35563.679
526.536 35627.488
526.815 35669.706
527.094 35674.772
527.373 35749.392
527.652 35806.134
527.931 35833.831
528.210 35849.959
528.489 35915.503
528.768 36010.289
529.047 36026.402
529.326 36075.690
529.605 36126.754
529.884 36120.957
530.163 36197.775
530.442 36252.699
530.722 36282.733
531.001 36324.666
531.280 36357.471
531.559 36332.558
531.838 36407.226
532.117 36484.242
532.396 36532.491
532.675 36510.248
532.954 36615.744
533.233 36628.637
533.512 36655.477
533.791 36652.638
534.070 36727.377
534.349 36833.021
534.628 36762.155
534.907 36811.218
535.187 36893.681
535.466 36959.045
535.745 36959.044
536.024 36966.633
536.303 37029.278
536.582 37063.526
536.861 37112.111
537.140 37133.994
537.419 37208.406
537.698 37246.017
537.977 37225.762
538.256 37247.923
538.535 37275.594
538.814 37316.926
539.093 37321.701
539.372 37315.315
539.652 37400.210
539.931 37398.293
540.210 37473.913
540.489 37499.823
540.768 37509.419
541.047 37547.372
541.326 37558.474
541.605 37581.952
541.884 37593.088
542.163 37676.118
542.442 37630.586
542.721 37699.237
543.000 37718.504
543.279 37707.906
543.558 37727.173
543.837 37744.267
544.117 37788.420
544.396 37803.674
544.675 37770.079
544.954 37820.097
545.233 37862.475
545.512 37875.047
545.791 37876.980
546.070 37866.341
546.351 37801.543
546.632 37832.490
546.912 37818.949
547.193 37841.038
547.474 37891.376
547.755 37898.053
548.036 37822.985
548.317 37860.396
548.597 37871.043
548.878 37863.430
549.159 37863.429
549.440 37933.964
549.721 37897.276
550.001 37870.196
550.282 37895.340
550.563 37849.064
550.844 37895.439
551.125 37913.713
551.406 37912.913
551.686 37936.016
551.967 37929.388
552.248 37843.714
552.529 37885.028
552.810 37939.029
553.090 37910.271
553.371 37925.598
553.652 37887.170
553.933 37928.555
554.214 37850.882
554.495 37913.321
554.775 37907.556
555.056 37932.531
555.337 37896.027
555.618 37876.813
555.899 37895.064
556.179 37878.733
556.460 37965.153
556.741 37984.368
557.022 37852.793
557.303 37894.958
557.584 37940.998
557.864 37925.511
558.145 37873.436
558.426 37933.029
558.707 37938.772
558.988 37940.592
559.268 37905.673
559.549 37956.954
559.830 37862.728
560.111 37829.187
560.392 37887.336
560.673 37887.764
560.953 37915.101
561.234 38018.520
561.515 38001.722
561.796 37924.570
562.077 37845.286
562.357 37834.894
562.638 37900.037
562.919 37843.892
563.200 37951.589
563.481 37947.471
563.762 37958.525
564.042 37894.203
564.323 37821.015
564.604 37823.849
564.885 37764.314
565.166 37780.975
565.446 37818.089
565.727 37817.904
566.008 37816.069
566.289 37798.913
566.570 37772.127
566.851 37829.184
567.131 37738.892
567.412 37685.834
567.693 37667.387
567.974 37689.162
568.255 37661.701
568.535 37646.654
568.816 37597.909
569.097 37608.145
569.378 37536.785
569.659 37554.373
569.940 37557.381
570.220 37516.257
570.501 37619.806
570.782 37528.291
571.063 37503.712
571.344 37427.988
571.624 37361.425
571.905 37387.865
572.186 37356.771
572.467 37333.031
572.748 37362.511
573.029 37352.814
573.309 37375.952
573.590 37355.181
573.871 37325.648
574.152 37265.284
574.433 37251.199
574.713 37253.720
574.994 37167.695
575.275 37132.750
575.556 37058.035
575.837 37075.288
576.118 37114.602
576.398 37039.035
576.679 37010.780
576.960 36987.557
577.252 37008.768
577.543 36946.141
577.835 36910.786
578.127 36875.431
578.418 36863.309
578.710 36773.180
579.002 36701.691
579.293 36640.073
579.585 36647.740
579.877 36668.701
580.168 36629.106
580.460 36589.093
580.752 36574.432
581.043 36473.183
581.335 36473.664
581.627 36361.532
581.918 36429.102
582.210 36339.122
582.502 36269.591
582.793 36260.163
583.085 36258.375
583.376 36132.091
583.668 36206.861
583.960 36159.602
584.251 36082.286
584.543 36026.527
584.835 35938.625
585.126 35918.808
585.418 35931.171
585.710 35787.796
586.001 35696.413
586.293 35697.862
586.585 35670.119
586.876 35569.564
587.168 35499.626
587.460 35511.665
587.751 35432.083
588.043 35474.961
588.335 35407.181
588.626 35322.096
588.918 35270.909
589.210 35170.140
589.501 35123.954
589.793 35050.243
590.085 35070.433
590.376 34962.609
590.668 34977.359
590.960 34884.015
591.251 34820.196
591.543 34724.654
591.835 34734.705
592.126 34672.653
592.418 34579.552
592.710 34579.102
593.001 34536.985
593.293 34461.622
593.585 34352.530
593.876 34314.026
594.168 34309.007
594.460 34189.294
594.751 34107.835
595.043 34078.980
595.334 33963.099
595.626 33922.241
595.918 33850.275
596.209 33838.110
596.501 33716.778
596.793 33704.312
597.084 33576.990
597.376 33514.101
597.668 33447.361
597.959 33390.730
598.251 33305.270
598.543 33249.294
598.834 33164.079
599.126 33109.356
599.418 33057.687
599.709 32994.170
600.001 32950.041
600.293 32857.314
600.584 32835.761
600.876 32709.682
601.168 32654.724
601.459 32569.593
601.751 32537.844
602.043 32459.094
602.334 32392.210
602.626 32228.824
602.918 32202.129
603.209 32154.714
603.501 32192.428
603.793 32099.862
604.084 31973.704
604.376 31854.376
604.668 31810.289
604.959 31746.846
605.251 31620.371
605.543 31589.854
605.834 31497.920
606.126 31446.841
606.418 31385.135
606.709 31291.686
607.001 31246.307
607.292 31142.381
607.584 31084.378
607.876 31029.597
608.167 30864.473
608.459 30857.888
608.751 30787.527
609.042 30683.672
609.334 30667.610
609.626 30594.168
609.917 30525.662
610.209 30469.097
610.501 30414.667
610.792 30356.654
611.084 30306.220
611.376 30234.366
611.667 30133.126
611.959 30059.827
612.251 30020.606
612.542 29891.203
612.834 29800.348
613.126 29681.139
613.417 29686.295
613.709 29575.237
614.001 29533.120
614.292 29449.101
614.584 29390.281
614.876 29329.778
615.167 29253.837
615.459 29172.766
615.751 29072.096
616.042 29032.714
616.334 28972.461
616.626 28944.571
616.917 28879.994
617.209 28813.008
617.501 28742.345
617.792 28721.135
618.084 28651.091
618.376 28599.124
618.667 28542.569
618.959 28439.516
619.250 28411.395
619.542 28400.293
619.834 28308.253
620.125 28249.756
620.417 28187.316
620.709 28136.976
621.000 28101.157
621.292 28008.214
621.584 27977.287
621.875 27920.281
622.167 27849.748
622.459 27774.385
622.750 27732.130
623.042 27629.454
623.334 27578.245
623.625 27573.968
623.917 27462.301
624.209 27434.700
624.500 27327.349
624.792 27337.671
625.084 27277.593
625.375 27177.958
625.667 27126.673
625.959 27026.671
626.250 27014.062
626.542 26953.763
626.834 26886.531
627.125 26847.284
627.417 26758.502
627.709 26710.130
628.000 26644.635
628.292 26600.843
628.584 26529.862
628.875 26468.555
629.167 26417.933
629.459 26413.833
629.750 26340.013
630.042 26236.898
630.334 26194.532
630.625 26151.629
630.917 26134.106
631.208 26029.154
631.500 25899.450
631.792 25893.085
632.083 25852.328
632.375 25789.283
632.667 25741.955
632.958 25681.437
633.250 25618.054
633.542 25553.094
633.833 25535.109
634.125 25465.223
634.417 25432.457
634.708 25370.766
635.000 25308.512
635.292 25245.122
635.583 25204.676
635.875 25198.809
636.167 25115.577
636.458 25081.314
636.750 25045.831
637.042 24961.223
637.333 24935.156
637.625 24874.288
637.917 24861.827
638.208 24783.494
638.500 24754.618
638.792 24705.937
639.083 24675.916
639.375 24611.182
639.667 24542.833
639.958 24518.370
640.250 24466.539
640.542 24433.365
640.833 24374.662
641.125 24351.859
641.417 24378.111
641.708 24316.312
642.000 24299.709
642.292 24266.595
642.583 24198.115
642.875 24169.363
643.166 24137.103
643.458 24106.206
643.750 24111.466
644.041 24128.818
644.333 24113.714
644.625 24034.418
644.916 24070.199
645.208 24079.316
645.500 23970.985
645.791 24009.516
646.083 23932.574
646.375 23906.016
646.666 23961.875
646.958 23930.738
647.250 23925.242
647.541 23889.425
647.833 23810.770
648.125 23820.514
648.416 23772.806
648.708 23797.203
649.000 23752.165
649.291 23724.336
649.583 23740.656
649.875 23710.655
650.166 23724.237
650.458 23720.950
650.750 23672.542
651.041 23657.409
651.333 23615.702
651.625 23618.701
651.916 23603.107
652.208 23595.842
652.500 23594.908
652.791 23558.669
653.083 23523.632
653.375 23487.226
653.666 23478.326
653.958 23459.539
654.250 23449.650
654.541 23431.291
654.833 23415.718
655.124 23368.624
655.416 23397.111
655.708 23371.999
655.999 23336.148
656.291 23338.353
656.583 23321.658
656.874 23316.584
657.166 23302.378
657.458 23301.052
657.749 23283.973
658.041 23231.060
658.333 23291.441
658.624 23243.145
658.916 23242.192
659.208 23212.869
659.499 23204.483
659.791 23180.626
660.083 23184.618
660.374 23127.431
660.666 23169.657
660.958 23143.956
661.249 23119.893
661.541 23141.214
661.833 23123.955
662.124 23125.152
662.416 23111.809
662.708 23077.266
662.999 23070.528
663.291 23043.619
663.583 23048.528
663.874 22988.681
664.166 23044.707
664.458 23038.946
664.749 23014.766
665.041 22998.320
665.333 22974.119
665.624 22958.548
665.916 22916.839
666.208 22919.670
666.499 22952.632
666.791 22986.618
667.082 22881.686
667.374 22871.717
667.666 22854.188
667.957 22849.024
668.249 22845.120
668.541 22849.556
668.832 22822.331
669.124 22804.543
669.416 22854.158
669.707 22798.076
669.999 22769.615
670.291 22751.705
670.582 22781.726
670.874 22744.071
671.166 22738.158
671.457 22726.781
671.749 22715.920
672.041 22681.053
672.332 22660.300
672.624 22698.240
672.916 22661.604
673.207 22634.145
673.499 22651.655
673.791 22624.468
674.082 22612.538
674.374 22564.952
674.666 22555.986
674.957 22558.092
675.249 22533.140
675.541 22534.136
675.832 22500.702
676.124 22505.707
676.416 22531.262
676.707 22489.176
676.999 22465.126
677.291 22456.018
677.582 22469.068
677.874 22386.121
678.166 22397.574
678.457 22406.438
678.749 22349.985
679.040 22364.463
679.332 22338.567
679.624 22314.640
679.915 22288.641
680.207 22274.748
680.499 22258.535
680.790 22290.530
681.082 22231.645
681.374 22202.407
681.665 22224.992
681.957 22179.211
682.249 22192.630
682.540 22124.527
682.832 22078.574
683.124 22098.220
683.415 22103.326
683.707 22067.711
683.999 22071.804
684.290 22057.531
684.582 22006.300
684.874 21987.843
685.165 21929.452
685.457 21963.186
685.749 21924.169
686.040 21877.841
686.332 21815.336
686.624 21804.666
686.915 21815.142
687.207 21791.073
687.499 21759.393
687.790 21766.902
688.082 21764.836
688.374 21659.571
688.665 21661.633
688.957 21618.287
689.249 21638.925
689.540 21586.292
689.832 21600.738
690.124 21541.439
690.415 21523.875
690.707 21469.606
690.998 21426.763
691.290 21405.486
691.582 21380.665
691.873 21306.206
692.165 21315.511
692.457 21352.068
692.748 21284.483
693.040 21247.765
693.332 21237.155
693.623 21206.311
693.915 21178.329
694.207 21119.384
694.498 21078.762
694.790 21042.572
695.082 21038.465
695.373 21010.454
695.665 20956.510
695.957 20904.740
696.248 20878.831
696.540 20830.986
696.836 20778.309
697.133 20790.525
697.429 20711.984
697.725 20687.824
698.021 20639.441
698.318 20667.073
698.614 20602.954
698.910 20572.077
699.207 20521.793
699.503 20512.475
699.799 20443.690
700.095 20423.006
700.392 20367.161
700.688 20354.749
700.984 20263.200
701.281 20236.366
701.577 20219.046
701.873 20187.212
702.169 20152.768
702.466 20094.975
702.762 20040.235
703.058 20027.862
703.355 19958.830
703.651 19925.873
703.947 19899.198
704.243 19793.441
704.540 19821.372
704.836 19760.549
705.132 19732.320
705.428 19700.216
705.725 19648.213
706.021 19571.142
706.317 19550.209
706.614 19539.489
706.910 19466.257
707.206 19426.378
707.502 19418.196
707.799 19327.192
708.095 19278.563
708.391 19232.642
708.688 19229.345
708.984 19131.483
709.280 19068.141
709.576 19047.842
709.873 18966.442
710.169 18909.529
710.465 18884.238
710.762 18844.642
711.058 18792.270
711.354 18772.787
711.650 18684.176
711.947 18656.846
712.243 18592.891
712.539 18563.596
712.836 18521.652
713.132 18449.552
713.428 18446.525
713.724 18384.023
714.021 18314.148
714.317 18267.822
714.613 18200.949
714.910 18120.424
715.206 18064.133
715.502 18053.151
715.798 17981.918
716.095 17948.780
716.391 17883.816
716.687 17835.765
716.984 17825.753
717.280 17757.683
717.576 17678.923
717.872 17669.590
718.169 17605.919
718.465 17549.916
718.761 17502.914
719.058 17459.912
719.354 17370.539
719.650 17342.250
719.946 17281.905
720.243 17246.396
720.539 17216.901
720.835 17144.043
721.131 17125.896
721.428 17055.950
721.724 17022.938
722.020 16956.847
722.317 16918.806
722.613 16844.574
722.909 16824.708
723.205 16787.456
723.502 16700.879
723.798 16675.552
724.094 16633.874
724.391 16598.872
724.687 16566.303
724.983 16510.845
725.279 16448.073
725.576 16432.565
725.872 16378.347
726.168 16300.655
726.465 16290.404
726.761 16211.584
727.057 16180.587
727.353 16090.128
727.650 16060.424
727.946 16039.567
728.242 16015.716
728.539 15926.428
728.835 15871.989
729.131 15835.480
729.427 15778.272
729.724 15718.922
730.020 15642.123
730.316 15613.464
730.613 15547.256
730.909 15508.230
731.205 15472.674
731.501 15393.310
731.798 15363.722
732.094 15316.694
732.390 15224.222
732.687 15214.800
732.983 15121.855
733.279 15065.750
733.575 15047.047
733.872 14952.556
734.168 14963.381
734.464 14892.512
734.761 14799.401
735.057 14726.438
735.353 14703.820
735.649 14642.503
735.946 14604.892
736.242 14514.993
736.538 14477.186
736.835 14419.227
737.131 14348.453
737.427 14298.793
737.723 14264.476
738.020 14230.612
738.316 14154.516
738.612 14052.653
738.909 14054.663
739.205 13979.191
739.501 13958.580
739.797 13865.703
740.094 13815.979
740.390 13756.109
740.686 13716.267
740.982 13681.741
741.279 13581.365
741.575 13565.851
741.871 13504.630
742.168 13439.499
742.464 13399.340
742.760 13337.634
743.056 13309.835
743.353 13266.914
743.649 13173.251
743.945 13149.866
744.242 13089.107
744.538 13034.129
744.834 12970.300
745.130 12932.911
745.427 12895.581
745.723 12820.922
746.019 12775.512
746.316 12703.730
746.612 12711.310
746.908 12643.394
747.204 12588.678
747.501 12539.590
747.797 12479.017
748.093 12428.677
748.390 12398.102
748.686 12342.224
748.982 12266.933
749.278 12242.755
749.575 12206.191
749.871 12151.151
750.167 12057.089
750.464 12017.500
750.760 11983.801
751.056 11946.190
751.352 11894.598
751.649 11854.664
751.945 11803.023
752.241 11740.201
752.538 11696.762
752.834 11649.390
753.130 11578.740
753.426 11552.972
753.723 11505.606
754.019 11428.768
754.315 11395.832
754.611 11359.621
754.908 11297.321
755.204 11255.615
755.500 11199.613
755.797 11183.159
756.093 11096.607
756.389 11062.730
756.685 11017.637
756.982 10964.493
757.278 10905.312
757.574 10860.034
757.871 10811.838
758.167 10764.647
758.463 10703.697
758.759 10633.483
759.056 10607.008
759.352 10531.704
759.648 10510.617
759.945 10411.217
760.241 10401.981
760.537 10363.108
760.833 10299.360
761.130 10268.170
761.426 10183.475
761.722 10141.404
762.019 10121.525
762.315 10034.758
762.611 10007.600
762.907 9942.139
763.204 9895.602
763.500 9845.998
763.802 9802.561
764.104 9740.680
764.406 9705.288
764.708 9669.227
765.010 9610.237
765.312 9582.089
765.615 9547.084
765.917 9493.424
766.219 9436.754
766.521 9367.925
766.823 9330.473
767.125 9292.304
767.427 9274.342
767.729 9209.643
768.031 9178.168
768.333 9135.663
768.635 9063.442
768.937 9038.135
769.239 8991.337
769.542 8938.497
769.844 8881.584
770.146 8809.426
770.448 8804.143
770.750 8763.207
771.052 8695.287
771.354 8662.043
771.656 8624.070
771.958 8531.558
772.260 8526.458
772.562 8479.564
772.864 8437.767
773.166 8401.886
773.468 8375.325
773.771 8294.929
774.073 8270.854
774.375 8213.123
774.677 8174.265
774.979 8135.407
775.281 8070.914
775.583 8061.908
775.885 8002.476
776.187 7956.324
776.489 7919.481
776.791 7842.472
777.093 7820.747
777.395 7772.489
777.698 7743.475
778.000 7715.723
778.302 7656.785
778.604 7628.239
778.906 7583.305
779.208 7545.759
779.510 7491.116
779.812 7459.628
780.114 7416.883
780.416 7365.711
780.718 7331.310
781.020 7293.465
781.322 7216.285
781.625 7193.755
781.927 7156.200
782.229 7122.394
782.531 7094.469
782.833 7055.226
783.135 6988.982
783.437 6947.614
783.739 6922.631
784.041 6897.652
784.343 6843.706
784.645 6783.537
784.947 6773.963
785.249 6715.513
785.552 6686.792
785.854 6634.324
786.156 6590.526
786.458 6551.004
786.760 6522.288
787.062 6473.065
787.364 6448.375
787.666 6408.735
787.968 6355.725
788.270 6308.324
788.572 6262.962
788.874 6226.757
789.176 6211.104
789.478 6166.077
789.781 6135.399
790.083 6118.754
790.385 6071.792
790.687 6030.263
790.989 5970.334
791.291 5961.651
791.593 5915.601
791.895 5886.293
792.197 5843.615
792.499 5808.866
792.801 5783.289
793.103 5751.330
793.405 5722.356
793.708 5663.340
794.010 5631.543
794.312 5611.591
794.614 5553.542
794.916 5538.121
795.218 5500.230
795.520 5451.770
795.822 5426.974
796.124 5376.676
796.426 5334.606
796.728 5314.496
797.030 5287.429
797.332 5253.100
797.635 5207.349
797.937 5193.675
798.239 5164.934
798.541 5111.298
798.843 5083.777
799.145 5050.336
799.447 5022.050
799.749 4991.847
800.051 4935.918
800.353 4882.151
800.655 4869.231
800.957 4829.198
801.259 4808.794
801.562 4762.981
801.864 4742.972
802.166 4705.662
802.468 4684.830
802.770 4649.827
803.072 4612.540
803.374 4595.653
803.676 4572.995
803.978 4513.767
804.280 4480.960
804.582 4477.451
804.884 4426.812
805.186 4389.881
805.488 4367.730
805.791 4346.402
806.093 4313.212
806.395 4272.182
806.697 4253.800
806.999 4212.740
807.301 4198.300
807.603 4178.573
807.905 4141.522
808.207 4089.456
808.509 4073.590
808.811 4070.507
809.113 4033.224
809.415 4002.001
809.718 3967.036
810.020 3961.170
810.322 3901.202
810.624 3882.901
810.926 3857.865
811.228 3839.796
811.530 3816.017
811.834 3790.204
812.139 3754.100
812.443 3730.783
812.748 3706.626
813.052 3680.429
813.357 3660.923
813.661 3632.535
813.966 3606.114
814.270 3601.331
814.574 3555.332
814.879 3534.847
815.183 3517.617
815.488 3491.406
815.792 3461.952
816.097 3422.426
816.401 3415.366
816.706 3420.666
817.010 3377.336
817.314 3345.964
817.619 3333.920
817.923 3308.884
818.228 3278.618
818.532 3254.694
818.837 3240.696
819.141 3213.407
819.445 3198.411
819.750 3181.486
820.054 3151.726
820.359 3135.722
820.663 3120.524
820.968 3092.205
821.272 3055.992
821.577 3039.829
821.881 3014.173
822.185 3002.759
822.490 2983.672
822.794 2952.225
823.099 2923.550
823.403 2925.240
823.708 2890.995
824.012 2884.084
824.317 2862.071
824.621 2841.014
824.925 2828.242
825.230 2808.104
825.534 2779.548
825.839 2759.927
826.143 2748.165
826.448 2741.902
826.752 2712.061
827.057 2702.537
827.361 2689.019
827.665 2661.334
827.970 2643.922
828.274 2625.181
828.579 2608.551
828.883 2595.926
829.188 2581.923
829.492 2547.025
829.796 2547.113
830.101 2538.404
830.405 2510.551
830.710 2480.646
831.014 2463.959
831.319 2449.577
831.623 2432.841
831.928 2426.221
832.232 2418.320
832.536 2391.448
832.841 2375.989
833.145 2367.803
833.450 2349.991
833.754 2331.081
834.059 2321.767
834.363 2316.096
834.668 2281.005
834.972 2268.525
835.276 2255.738
835.581 2238.140
835.885 2246.680
836.190 2233.505
836.494 2206.172
836.799 2199.892
837.103 2185.660
837.407 2183.165
837.712 2173.144
838.016 2142.819
838.321 2132.725
838.625 2121.836
838.930 2107.679
839.234 2090.464
839.539 2081.171
839.843 2091.771
840.147 2051.447
840.452 2040.126
840.756 2027.689
841.061 2011.076
841.365 2002.741
841.670 1994.377
841.974 1978.681
842.279 1976.511
842.583 1945.963
842.887 1943.796
843.192 1944.669
843.496 1930.864
843.801 1926.319
844.105 1904.881
844.410 1897.320
844.714 1889.508
845.019 1877.358
845.323 1861.903
845.627 1842.034
845.932 1850.012
846.236 1837.561
846.541 1809.346
846.845 1808.083
847.150 1793.970
847.454 1793.050
847.758 1786.071
848.063 1786.467
848.367 1765.829
848.672 1766.425
848.976 1747.463
849.281 1742.332
849.585 1727.746
849.890 1734.590
850.194 1719.103
850.498 1711.903
850.803 1690.570
851.107 1678.305
851.412 1683.307
851.716 1672.560
852.021 1677.142
852.325 1657.280
852.630 1639.381
852.934 1635.637
853.238 1621.240
853.543 1629.335
853.847 1617.013
854.152 1611.976
854.456 1598.909
854.761 1579.246
855.065 1575.246
855.370 1570.938
855.674 1553.925
855.978 1563.083
856.283 1548.084
856.587 1529.203
856.892 1530.793
857.196 1526.788
857.501 1523.963
857.805 1503.063
858.109 1509.927
858.414 1494.602
858.718 1489.897
859.023 1474.929
859.327 1485.338
859.632 1472.093
859.936 1452.755
860.241 1462.270
860.545 1450.840
860.849 1448.015
861.154 1424.321
861.458 1434.146
861.763 1422.509
862.067 1430.420
862.372 1415.408
862.676 1406.721
862.981 1394.841
863.285 1383.255
863.589 1384.664
863.894 1385.910
864.198 1378.714
864.503 1376.085
864.807 1379.622
865.112 1362.163
865.416 1370.292
865.721 1366.334
866.025 1362.245
866.329 1351.243
866.634 1353.973
866.938 1353.257
867.243 1341.822
867.547 1339.351
867.852 1338.116
868.156 1327.725
868.460 1326.506
868.765 1319.556
869.069 1337.147
869.374 1321.399
869.678 1311.130
869.983 1313.898
870.287 1317.839
870.592 1318.409
870.896 1318.445
871.200 1312.128
871.505 1309.977
871.809 1295.887
872.114 1303.096
872.418 1295.345
872.723 1284.795
873.027 1285.047
873.332 1287.105
873.636 1287.743
873.940 1280.271
874.245 1265.190
874.549 1274.202
874.854 1267.225
875.158 1267.945
875.463 1267.456
875.767 1271.968
876.072 1262.500
876.376 1254.120
876.680 1251.630
876.985 1247.781
877.289 1244.380
877.594 1245.725
877.898 1246.403
878.203 1230.094
878.507 1244.360
878.811 1241.390
879.116 1230.287
879.420 1236.150
879.725 1226.650
880.029 1222.921
880.334 1222.308
880.638 1219.980
880.943 1216.142
881.247 1206.333
881.551 1208.866
881.856 1203.967
882.160 1194.323
882.465 1194.671
882.769 1196.858
883.074 1192.666
883.378 1187.944
883.683 1188.847
883.987 1182.650
884.291 1186.112
884.596 1189.567
884.900 1209.188
885.205 1186.096
885.509 1186.429
885.814 1202.250
886.118 1202.797
886.423 1206.056
886.727 1207.335
887.031 1202.780
887.336 1217.730
887.640 1212.972
887.945 1218.117
888.249 1220.448
888.554 1225.412
888.858 1217.702
889.162 1237.490
889.467 1234.256
889.771 1237.913
890.076 1241.350
890.380 1254.619
890.685 1253.464
890.989 1250.025
891.294 1241.548
891.598 1238.535
891.902 1252.990
892.207 1246.562
892.511 1241.052
892.816 1247.695
893.120 1242.625
893.425 1250.210
893.729 1253.420
894.034 1250.198
894.338 1249.271
894.642 1246.036
894.947 1249.490
895.251 1240.711
895.556 1241.852
895.860 1244.845
896.165 1249.464
896.469 1256.171
896.774 1248.528
897.078 1254.543
897.382 1254.773
897.687 1250.361
897.991 1249.659
898.296 1250.815
898.600 1257.321
898.905 1251.037
899.209 1248.469
899.513 1244.735
899.818 1244.957
900.122 1251.016
900.427 1242.146
900.731 1235.830
901.036 1251.697
901.340 1255.207
901.645 1233.447
901.949 1240.438
902.253 1243.244
902.558 1241.817
902.862 1243.460
903.167 1246.022
903.471 1236.386
903.776 1237.991
904.080 1232.110
904.385 1229.279
904.689 1245.743
904.993 1250.927
905.298 1249.031
905.602 1239.306
905.907 1240.247
906.211 1229.379
906.516 1226.749
906.820 1235.209
907.125 1235.482
907.429 1227.376
907.733 1237.091
908.038 1239.669
908.342 1229.176
908.647 1227.999
908.951 1223.970
909.256 1228.421
909.560 1237.956
909.864 1235.030
910.169 1220.233
910.473 1212.782
910.778 1226.606
911.082 1226.906
911.387 1230.207
911.691 1214.122
911.996 1219.329
912.300 1218.572
912.609 1223.803
912.918 1224.976
913.227 1210.302
913.537 1216.284
913.846 1214.142
914.155 1207.226
914.464 1220.973
914.773 1209.191
915.082 1205.097
915.391 1213.064
915.700 1204.311
916.010 1209.774
916.319 1209.767
916.628 1207.443
916.937 1215.256
917.246 1197.847
917.555 1201.556
917.864 1208.024
918.174 1214.879
918.483 1198.991
918.792 1199.570
919.101 1201.924
919.410 1200.932
919.719 1197.571
920.028 1200.526
920.337 1206.064
920.647 1204.279
920.956 1194.940
921.265 1195.538
921.574 1191.139
921.883 1184.166
922.192 1183.529
922.501 1187.696
922.811 1189.064
923.120 1180.417
923.429 1187.612
923.738 1197.436
924.047 1192.187
924.356 1187.149
924.665 1183.671
924.974 1185.869
925.284 1184.213
925.593 1182.181
925.902 1184.304
926.211 1176.150
926.520 1175.481
926.829 1174.452
927.138 1173.779
927.448 1181.299
927.757 1183.905
928.066 1171.388
928.375 1168.819
928.684 1177.416
928.993 1185.855
929.302 1165.528
929.611 1160.843
929.921 1169.670
930.230 1170.704
930.539 1179.402
930.848 1152.573
931.157 1157.077
931.466 1169.845
931.775 1161.184
932.085 1154.235
932.394 1155.789
932.703 1153.066
933.012 1157.115
933.321 1159.213
933.630 1143.557
933.939 1155.628
934.248 1158.456
934.558 1149.120
934.867 1159.631
935.176 1164.669
935.485 1158.918
935.794 1159.962
936.103 1175.521
936.412 1174.655
936.721 1177.314
937.031 1180.334
937.340 1180.870
937.649 1178.346
937.958 1183.589
938.267 1193.650
938.576 1204.505
938.885 1205.604
939.195 1204.300
939.504 1214.649
939.813 1214.250
940.122 1215.822
940.431 1228.172
940.740 1223.682
941.049 1235.536
941.359 1226.398
941.668 1238.910
941.977 1233.366
942.286 1237.642
942.595 1219.909
942.904 1231.661
943.213 1234.151
943.522 1226.418
943.832 1230.374
944.141 1227.062
944.450 1236.624
944.759 1231.473
945.068 1241.458
945.377 1211.815
945.686 1221.741
945.995 1206.180
946.305 1193.940
946.614 1194.814
946.923 1201.463
947.232 1205.155
947.541 1190.020
947.850 1184.681
948.159 1164.373
948.469 1165.780
948.778 1166.934
949.087 1164.846
949.396 1135.081
949.705 1149.154
950.014 1120.867
950.323 1143.656
950.632 1113.736
950.942 1117.099
951.251 1136.078
951.560 1111.178
951.869 1107.855
952.178 1094.158
952.487 1092.267
952.796 1081.517
953.106 1077.111
953.415 1070.183
953.724 1067.422
954.033 1069.637
954.342 1066.488
954.651 1053.941
954.960 1049.962
955.269 1031.365
955.579 1038.502
955.888 1023.918
956.197 1014.338
956.506 1013.067
956.815 1011.838
957.124 1017.538
957.433 992.030
957.743 989.806
958.052 979.533
958.361 973.903
958.670 972.877
958.979 960.764
959.288 965.281
959.597 952.192
959.906 953.449
960.216 950.496
960.525 943.946
960.834 945.334
961.143 928.307
961.452 928.683
961.761 925.673
962.070 903.679
962.380 911.533
962.689 903.516
962.998 898.531
963.307 889.716
963.616 892.030
963.925 884.248
964.234 879.905
964.543 881.962
964.853 882.195
965.162 867.796
965.471 875.587
965.780 861.882
966.095 851.880
966.410 858.806
966.725 843.690
967.040 843.617
967.356 830.763
967.671 837.752
967.986 834.742
968.301 827.731
968.616 821.720
968.931 819.709
969.246 824.699
969.561 833.688
969.876 824.677
970.192 830.666
970.507 827.655
970.822 829.645
971.137 818.634
971.452 816.623
971.767 814.612
972.082 811.601
972.397 809.590
972.712 818.579
973.028 807.568
973.343 808.556
973.658 798.545
973.973 799.534
974.288 799.523
974.603 798.512
974.918 800.501
975.233 811.489
975.548 796.478
975.864 791.467
976.179 792.455
976.494 790.444
976.809 783.433
977.124 796.421
977.439 797.410
977.754 787.398
978.069 788.387
978.384 785.375
978.700 781.364
979.015 779.352
979.330 781.340
979.645 780.329
979.960 775.317
980.275 773.305
980.590 774.294
980.905 772.282
981.221 773.270
981.536 768.258
981.851 770.247
982.166 761.235
982.481 765.223
982.796 761.211
983.111 755.199
983.426 757.187
983.741 744.175
984.057 751.163
984.372 751.151
984.687 741.139
985.002 742.127
985.317 744.114
985.632 737.102
985.947 733.090
986.262 740.078
986.577 734.065
986.893 735.053
987.208 727.041
987.523 726.028
987.838 729.016
988.153 724.004
988.468 728.991
988.783 731.979
989.098 732.966
989.413 726.954
989.729 735.941
990.044 728.928
990.359 718.916
990.674 714.903
990.989 718.890
991.304 724.878
991.619 732.865
991.934 729.852
992.249 729.839
992.565 728.826
992.880 723.813
993.195 722.801
993.510 725.788
993.825 726.775
994.140 726.762
994.455 723.749
994.770 730.735
995.085 727.722
995.401 729.709
995.716 717.696
996.031 725.683
996.346 722.670
996.661 714.656
996.976 720.643
997.291 735.630
997.606 722.616
997.921 718.603
998.237 725.589
998.552 723.576
998.867 729.562
999.182 732.549
999.497 742.535
999.812 739.522
1000.127 734.508
1000.442 732.494
1000.757 745.481
1001.073 742.467
1001.388 746.453
1001.703 757.439
1002.018 746.425
1002.333 760.411
1002.648 758.398
1002.963 770.384
1003.278 766.370
1003.593 754.356
1003.909 759.342
1004.224 759.327
1004.539 774.313
1004.854 767.299
1005.169 778.285
1005.484 773.271
1005.799 784.256
1006.114 783.242
1006.429 783.228
1006.745 785.213
1007.060 791.199
1007.375 792.185
1007.690 797.170
1008.005 801.156
1008.320 811.141
1008.635 808.126
1008.950 814.112
1009.265 807.097
1009.581 812.082
1009.896 821.068
1010.211 829.053
1010.526 826.038
1010.841 825.023
1011.156 835.008
1011.471 831.993
1011.786 833.978
1012.102 835.963
1012.417 847.948
1012.732 847.933
1013.047 851.918
1013.362 840.903
1013.677 853.888
1013.992 860.873
1014.307 859.857
1014.622 858.842
1014.938 863.827
1015.253 866.811
1015.568 871.796
1015.883 868.780
1016.198 873.765
1016.513 879.749
1016.828 883.734
1017.143 877.718
1017.458 874.702
1017.774 886.687
1018.089 888.671
1018.404 902.655
1018.719 901.639
1019.034 906.624
1019.349 916.608
1019.664 922.592
1019.979 923.576
1020.294 914.560
1020.610 916.544
1020.925 925.528
1021.240 923.511
1021.555 940.495
1021.870 936.479
1022.185 938.463
1022.500 947.446
1022.815 945.430
1023.130 961.414
1023.446 959.397
1023.761 963.381
1024.076 964.364
1024.391 964.348
1024.706 974.331
1025.021 981.314
1025.336 980.298
1025.651 989.281
1025.966 996.264
1026.282 997.247
1026.597 1008.231
1026.912 1009.214
1027.227 1018.197
1027.542 1003.180
1027.857 1018.163
1028.172 1020.146
1028.487 1029.128
1028.802 1040.111
1029.118 1029.094
1029.433 1042.077
1029.748 1030.060
1030.063 1048.042
1030.378 1050.025
1030.693 1057.007
1031.008 1060.990
1031.323 1050.972
1031.638 1051.955
1031.954 1066.937
1032.269 1060.920
1032.584 1062.902
1032.899 1074.884
1033.214 1081.866
1033.529 1079.849
1033.844 1095.831
1034.159 1088.813
1034.474 1092.795
1034.790 1086.777
1035.105 1086.759
1035.420 1091.741
1035.735 1107.722
1036.050 1106.704
1036.365 1091.686
1036.680 1105.668
1036.995 1102.649
1037.310 1093.631
1037.626 1117.612
1037.941 1113.594
1038.256 1111.575
1038.571 1113.557
1038.886 1107.538
1039.201 1111.519
1039.516 1116.501
1039.831 1108.482
1040.146 1118.463
1040.462 1123.444
1040.777 1120.425
1041.092 1124.406
1041.407 1131.387
1041.722 1122.368
1042.037 1128.349
1042.352 1122.330
1042.667 1108.311
1042.982 1116.292
1043.298 1124.272
1043.613 1111.253
1043.928 1121.233
1044.243 1127.214
1044.558 1119.194
1044.873 1113.175
1045.188 1126.155
1045.503 1112.136
1045.819 1111.116
1046.134 1118.096
1046.449 1111.076
1046.764 1107.056
1047.079 1112.036
1047.394 1109.016
1047.709 1106.996
1048.024 1108.976
1048.339 1106.956
1048.655 1106.936
1048.970 1104.916
1049.285 1096.895
1049.600 1109.875
1049.915 1097.855
1050.230 1099.834
1050.545 1100.814
1050.860 1098.793
1051.175 1090.773
1051.491 1094.752
1051.806 1095.731
1052.121 1094.710
1052.436 1097.690
1052.751 1089.669
1053.066 1093.648
1053.381 1092.627
1053.696 1080.606
1054.011 1080.585
1054.327 1083.564
1054.642 1068.542
1054.957 1065.521
1055.272 1076.500
1055.587 1078.478
1055.902 1075.457
1056.217 1072.435
1056.532 1072.414
1056.847 1069.392
1057.163 1066.371
1057.478 1067.349
1057.793 1053.327
1058.108 1046.305
1058.423 1056.283
1058.738 1049.262
1059.053 1049.240
1059.368 1051.218
1059.683 1048.195
1059.999 1055.173
1060.314 1057.151
1060.629 1053.129
1060.944 1048.106
1061.259 1049.084
1061.574 1045.062
1061.889 1039.039
1062.204 1045.016
1062.519 1044.994
1062.835 1043.971
1063.150 1035.948
1063.465 1031.926
1063.780 1046.903
1064.095 1033.880
1064.410 1025.857
1064.725 1039.834
1065.040 1037.811
1065.355 1038.788
1065.671 1026.764
1065.986 1030.741
1066.301 1030.718
1066.616 1028.694
1066.931 1027.671
1067.246 1036.647
1067.561 1026.624
1067.876 1033.600
1068.191 1021.576
1068.507 1015.553
1068.822 1023.529
1069.137 1023.505
1069.452 1022.481
1069.767 1013.457
1070.082 1024.433
1070.397 1017.409
1070.712 1014.384
1071.027 1007.360
1071.343 1004.336
1071.658 1017.311
1071.973 1010.287
1072.288 1019.262
1072.603 1017.238
1072.918 1014.213
1073.233 1021.188
1073.548 1009.164
1073.863 1001.139
1074.179 997.114
1074.494 993.089
1074.809 991.064
1075.124 991.039
1075.439 992.014
1075.754 998.988
1076.069 985.963
1076.384 994.938
1076.699 994.912
1077.015 988.887
1077.330 990.861
1077.645 982.836
1077.960 976.810
1078.275 989.784
1078.590 982.758
1078.905 984.733
1079.220 973.707
1079.536 980.681
1079.851 972.654
1080.166 980.628
1080.481 981.602
1080.796 973.576
1081.111 982.549
1081.426 980.523
1081.741 978.497
1082.056 984.470
1082.372 977.443
1082.687 977.417
1083.002 976.390
1083.317 973.363
1083.632 976.336
1083.947 969.309
1084.262 982.282
1084.577 981.255
1084.892 969.228
1085.208 964.201
1085.523 973.173
1085.838 961.146
1086.153 972.118
1086.468 958.091
1086.783 965.063
1087.098 963.036
1087.413 961.008
1087.728 959.980
1088.044 956.952
1088.359 956.924
1088.674 950.896
1088.989 953.868
1089.304 945.840
1089.619 957.812
1089.934 959.783
1090.249 957.755
1090.564 960.727
1090.880 950.698
1091.195 951.669
1091.510 945.641
1091.825 953.612
1092.140 943.583
1092.467 951.554
1092.794 958.525
1093.121 949.496
1093.448 941.467
1093.775 947.438
1094.102 950.409
1094.429 953.379
1094.756 945.350
1095.083 943.321
1095.410 939.291
1095.737 937.261
1096.064 936.232
1096.391 940.202
1096.718 937.172
1097.045 932.142
1097.372 931.112
1097.699 939.082
1098.026 931.052
1098.353 931.022
1098.680 935.991
1099.007 936.961
1099.334 934.931
1099.661 924.900
1099.988 933.869
1100.315 925.839
1100.642 927.808
1100.969 922.777
1101.296 932.746
1101.623 940.715
1101.950 937.684
1102.277 930.653
1102.604 931.622
1102.931 926.591
1103.258 926.559
1103.585 929.528
1103.912 930.496
1104.239 927.465
1104.566 929.433
1104.893 934.401
1105.220 923.369
1105.547 922.337
1105.874 932.305
1106.201 929.273
1106.528 933.241
1106.855 929.209
1107.182 925.177
1107.509 915.144
1107.836 917.112
1108.163 929.079
1108.490 924.047
1108.817 930.014
1109.144 919.981
1109.470 917.948
1109.797 913.915
1110.124 919.882
1110.451 921.849
1110.778 937.816
1111.105 930.783
1111.432 922.750
1111.759 924.716
1112.086 923.683
1112.413 927.649
1112.740 942.615
1113.067 928.582
1113.394 923.548
1113.721 916.514
1114.048 921.480
1114.375 916.446
1114.702 919.412
1115.029 918.378
1115.356 924.343
1115.683 918.309
1116.010 920.274
1116.337 913.240
1116.664 916.205
1116.991 910.171
1117.318 910.136
1117.645 916.101
1117.972 909.066
1118.299 910.031
1118.626 912.996
1118.953 903.961
1119.280 903.925
1119.607 914.890
1119.934 908.855
1120.261 913.819
1120.588 913.783
1120.915 898.748
1121.242 897.712
1121.569 897.676
1121.896 904.640
1122.223 889.604
1122.550 900.568
1122.877 906.532
1123.204 901.496
1123.531 894.459
1123.858 885.423
1124.185 908.387
1124.512 895.350
1124.839 893.313
1125.166 889.277
1125.493 899.240
1125.820 880.203
1126.147 889.166
1126.474 898.129
1126.801 887.092
1127.128 892.054
1127.455 887.017
1127.782 887.980
1128.109 879.942
1128.436 891.905
1128.763 879.867
1129.090 874.829
1129.417 880.791
1129.744 873.753
1130.071 870.715
1130.398 875.677
1130.725 865.639
1131.052 861.601
1131.379 866.563
1131.706 868.524
1132.033 865.486
1132.360 863.447
1132.687 851.409
1133.014 862.370
1133.341 859.331
1133.668 853.292
1133.995 854.253
1134.322 859.214
1134.649 844.175
1134.976 865.136
1135.303 851.097
1135.630 850.057
1135.957 845.018
1136.284 843.978
1136.611 842.939
1136.938 841.899
1137.265 831.859
1137.592 835.819
1137.919 827.779
1138.246 825.739
1138.573 828.699
1138.900 814.659
1139.227 814.619
1139.554 808.578
1139.881 811.538
1140.208 799.498
1140.535 794.457
1140.862 799.416
1141.189 787.376
1141.516 791.335
1141.843 780.294
1142.170 778.253
1142.497 776.212
1142.824 774.171
1143.151 774.129
1143.478 778.088
1143.805 770.047
1144.131 772.005
1144.458 768.964
1144.785 768.922
1145.112 767.880
1145.439 775.839
1145.766 761.797
1146.093 764.755
1146.420 774.713
1146.747 762.671
1147.074 759.629
1147.401 749.586
1147.728 759.544
1148.055 763.502
1148.382 752.459
1148.709 757.417
1149.036 760.374
1149.363 768.331
1149.690 746.289
1150.017 756.246
1150.344 762.203
1150.671 749.160
1150.998 754.117
1151.325 750.074
1151.652 754.030
1151.979 750.987
1152.306 741.944
1152.633 746.900
1152.960 739.857
1153.287 747.813
1153.614 740.769
1153.941 743.726
1154.268 749.682
1154.595 745.638
1154.922 748.594
1155.249 742.550
1155.576 729.506
1155.903 749.462
1156.230 743.418
1156.557 738.373
1156.884 740.329
1157.211 747.284
1157.538 745.240
1157.865 745.195
1158.192 736.151
1158.519 740.106
1158.846 735.061
1159.173 736.016
1159.500 745.971
1159.827 741.927
1160.154 736.881
1160.481 739.836
1160.808 736.791
1161.135 729.746
1161.462 737.701
1161.789 737.655
1162.116 739.610
1162.443 732.564
1162.770 730.519
1163.097 720.473
1163.424 721.428
1163.751 723.382
1164.078 723.336
1164.405 724.290
1164.732 730.244
1165.059 723.198
1165.386 730.152
1165.713 730.106
1166.040 733.060
1166.367 721.014
1166.694 721.967
1167.021 718.921
1167.348 722.875
1167.675 709.828
1168.002 711.782
1168.329 713.735
1168.656 708.689
1168.983 701.642
1169.310 707.595
1169.637 705.549
1169.964 706.502
1170.291 702.455
1170.618 683.408
1170.945 669.361
1171.272 670.314
1171.599 674.267
1171.926 656.220
1172.253 667.173
1172.580 651.125
1172.907 644.078
1173.234 642.031
1173.561 643.984
1173.888 625.936
1174.215 630.889
1174.542 629.841
1174.869 633.794
1175.196 630.746
1175.523 620.699
1175.850 632.651
1176.177 624.603
1176.504 623.556
1176.831 622.508
1177.158 628.460
1177.485 622.412
1177.812 625.364
1178.139 631.317
1178.465 616.269
1178.792 624.221
1179.119 614.173
1179.446 614.125
1179.773 610.077
1180.100 601.028
1180.427 596.980
1180.754 595.932
1181.081 593.884
1181.408 590.836
1181.735 587.788
1182.062 579.739
1182.389 586.691
1182.716 583.643
1183.043 575.595
1183.370 578.546
1183.697 577.498
1184.024 575.449
1184.351 580.401
1184.678 560.353
1185.005 564.304
1185.332 574.256
1185.659 577.207
1185.986 579.159
1186.313 583.110
1186.640 571.062
1186.967 576.013
1187.294 565.965
1187.621 561.916
1187.948 560.868
1188.275 568.819
1188.602 558.770
1188.929 556.722
1189.256 553.673
1189.583 543.625
1189.910 557.576
1190.237 550.528
1190.564 555.479
1190.891 549.430
1191.218 549.382
1191.545 544.333
1191.872 548.285
1192.199 541.236
1192.526 532.188
1192.853 532.139
1193.180 541.090
1193.507 535.042
1193.834 528.993
1194.161 530.945
1194.488 529.896
1194.815 531.848
1195.142 535.799
1195.469 527.751
1195.796 534.702
1196.123 529.654
1196.450 532.606
1196.777 518.557
1197.104 518.509
1197.431 526.461
1197.758 521.412
1198.085 517.364
1198.412 520.316
1198.739 509.267
1199.066 510.219
1199.393 516.171
1199.720 499.123
1200.047 494.075
1200.374 495.027
1200.701 497.979
1201.028 491.931
1201.355 497.883
1201.682 494.835
1202.009 490.787
1202.336 486.739
1202.663 489.691
1202.990 490.644
1203.317 479.596
1203.644 480.548
1203.971 472.501
1204.298 477.453
1204.625 471.406
1204.952 476.358
1205.279 474.311
1205.606 474.263
1205.933 460.216
1206.260 456.169
1206.587 459.122
1206.914 468.075
1207.241 458.028
1207.568 458.981
1207.895 463.934
1208.222 457.887
1208.549 453.840
1208.876 446.793
1209.203 441.747
1209.530 441.700
1209.857 440.654
1210.184 438.607
1210.511 439.561
1210.838 432.515
1211.165 436.469
1211.492 426.423
1211.819 425.377
1212.146 429.331
1212.473 413.285
1212.799 421.239
1213.126 411.193
1213.453 418.148
1213.780 410.102
1214.107 414.057
1214.434 401.012
1214.761 398.967
1215.088 394.922
1215.415 401.877
1215.742 402.832
1216.069 393.787
1216.396 385.742
1216.723 393.698
1217.050 384.653
1217.377 390.609
1217.704 384.565
1218.031 378.521
1218.358 375.477
1218.685 388.433
1219.012 373.389
1219.339 377.345
1219.666 367.302
1219.993 367.259
1220.320 364.215
1220.647 366.172
1220.974 358.129
1221.301 361.086
1221.628 348.044
1221.955 347.001
1222.282 345.959
1222.609 349.916
1222.936 346.874
1223.263 345.832
1223.590 340.790
1223.917 349.748
1224.244 347.707
1224.571 352.665
1224.898 338.624
1225.225 332.583
1225.552 328.542
1225.879 337.501
1226.206 336.460
1226.533 329.420
1226.860 328.379
1227.187 311.339
1227.514 320.299
1227.841 320.259
1228.168 314.219
1228.495 320.180
1228.822 318.140
1229.149 313.101
1229.476 309.062
1229.803 316.023
1230.130 310.984
1230.457 301.946
1230.784 305.908
1231.111 304.869
1231.438 294.831
1231.765 296.794
1232.092 298.756
1232.419 295.719
1232.746 299.681
