168.180 5.460
168.450 51.459
168.720 69.459
168.990 70.459
169.260 67.459
169.530 71.458
169.799 62.458
170.069 63.458
170.339 75.458
170.609 69.457
170.879 69.457
171.149 69.457
171.418 65.456
171.688 66.456
171.958 65.456
172.228 73.456
172.498 65.455
172.768 68.455
173.037 64.455
173.307 63.454
173.577 62.454
173.847 61.454
174.117 67.454
174.387 60.453
174.656 76.453
174.926 70.453
175.196 68.452
175.466 65.452
175.736 70.452
176.006 71.452
176.275 65.451
176.545 67.451
176.815 66.451
177.085 75.450
177.355 67.450
177.625 68.450
177.894 64.449
178.164 68.449
178.434 62.449
178.704 62.449
178.974 69.448
179.244 64.448
179.513 62.448
179.783 80.447
180.053 78.447
180.323 70.447
180.593 70.447
180.863 69.446
181.132 71.446
181.402 70.446
181.672 63.445
181.942 68.445
182.212 68.445
182.482 72.445
182.751 72.444
183.021 65.444
183.291 60.444
183.561 62.443
183.831 71.443
184.101 73.443
184.370 69.442
184.640 74.442
184.910 65.442
185.164 66.442
185.417 75.441
185.671 73.441
185.925 69.441
186.178 71.440
186.432 69.440
186.686 67.440
186.939 72.440
187.193 63.439
187.447 73.439
187.700 77.439
187.954 72.438
188.207 74.438
188.461 78.438
188.715 67.437
188.968 72.437
189.222 81.437
189.476 76.437
189.729 75.436
189.983 68.436
190.237 76.436
190.490 73.435
190.744 69.435
190.998 67.435
191.251 76.434
191.505 71.434
191.759 72.434
192.012 69.434
192.266 67.433
192.520 73.433
192.773 78.433
193.027 72.432
193.281 73.432
193.534 77.432
193.788 66.431
194.042 66.431
194.295 76.431
194.549 73.430
194.802 73.430
195.056 66.430
195.310 72.430
195.563 74.429
195.817 76.429
196.071 59.429
196.324 71.428
196.578 68.428
196.832 64.428
197.085 72.427
197.339 75.427
197.593 74.427
197.846 68.427
198.100 66.426
198.354 63.426
198.607 69.426
198.861 66.425
199.115 71.425
199.368 70.425
199.622 73.424
199.876 69.424
200.129 73.424
200.383 71.423
200.636 68.423
200.890 71.423
201.144 71.422
201.397 70.422
201.651 72.422
201.905 68.422
202.158 67.421
202.412 75.421
202.666 74.421
202.919 70.420
203.173 69.420
203.427 65.420
203.680 77.419
203.934 77.419
204.188 71.419
204.441 66.418
204.695 64.418
204.949 76.418
205.202 75.417
205.456 68.417
205.710 72.417
205.963 71.417
206.217 78.416
206.471 68.416
206.724 73.416
206.978 80.415
207.231 73.415
207.485 84.415
207.739 79.414
207.992 67.414
208.246 76.414
208.500 66.413
208.753 67.413
209.007 74.413
209.261 69.412
209.514 79.412
209.768 76.412
210.022 83.411
210.275 69.411
210.529 72.411
210.783 70.410
211.036 71.410
211.290 67.410
211.544 75.410
211.797 73.409
212.051 77.409
212.305 76.409
212.558 70.408
212.812 67.408
213.065 70.408
213.319 67.407
213.573 75.407
213.826 74.407
214.080 72.406
214.334 80.406
214.587 80.406
214.841 71.405
215.095 72.405
215.348 76.405
215.602 64.404
215.856 66.404
216.109 76.404
216.363 81.403
216.617 75.403
216.870 78.403
217.124 71.402
217.378 80.402
217.631 75.402
217.885 66.401
218.139 83.401
218.392 81.401
218.646 75.400
218.900 74.400
219.153 79.400
219.407 86.399
219.660 72.399
219.914 81.399
220.168 75.398
220.421 77.398
220.675 76.398
220.929 80.397
221.182 67.397
221.436 74.397
221.690 84.396
221.943 70.396
222.197 69.396
222.451 73.395
222.704 78.395
222.958 81.395
223.212 78.394
223.465 73.394
223.719 73.394
223.973 69.393
224.226 74.393
224.480 78.393
224.734 77.392
224.987 80.392
225.241 80.392
225.494 81.391
225.748 82.391
226.002 71.391
226.255 77.390
226.509 74.390
226.763 79.390
227.016 74.389
227.270 78.389
227.524 79.389
227.777 78.388
228.031 82.388
228.285 74.388
228.538 79.387
228.792 72.387
229.046 67.387
229.299 72.386
229.553 81.386
229.807 75.386
230.060 84.385
230.314 76.385
230.568 75.385
230.821 79.384
231.075 83.384
231.329 75.384
231.582 81.383
231.836 76.383
232.089 77.383
232.343 82.382
232.597 76.382
232.850 77.382
233.104 80.381
233.358 81.381
233.611 83.381
233.865 83.380
234.119 76.380
234.372 84.380
234.626 76.379
234.880 74.379
235.133 83.378
235.387 72.378
235.641 83.378
235.894 85.377
236.148 72.377
236.402 81.377
236.655 82.376
236.909 79.376
237.163 74.376
237.416 79.375
237.670 77.375
237.924 78.375
238.177 76.374
238.431 85.374
238.684 80.374
238.938 87.373
239.192 77.373
239.445 80.373
239.699 79.372
239.953 81.372
240.206 83.371
240.460 80.371
240.714 82.371
240.967 76.370
241.221 80.370
241.475 83.370
241.728 82.369
241.982 78.369
242.236 86.369
242.489 78.368
242.743 85.368
242.997 81.368
243.250 78.367
243.504 81.367
243.758 79.367
244.011 84.366
244.265 84.366
244.518 87.365
244.772 80.365
245.026 83.365
245.279 83.364
245.533 82.364
245.787 74.364
246.040 85.363
246.294 89.363
246.548 83.363
246.801 86.362
247.055 82.362
247.309 76.361
247.562 81.361
247.816 81.361
248.070 89.360
248.323 79.360
248.577 80.360
248.831 84.359
249.084 82.359
249.338 87.359
249.592 85.358
249.845 81.358
250.099 85.357
250.353 85.357
250.606 92.357
250.860 82.356
251.113 87.356
251.367 89.356
251.621 82.355
251.874 78.355
252.128 87.355
252.382 85.354
252.635 86.354
252.889 84.353
253.143 84.353
253.396 85.353
253.650 89.352
253.911 96.352
254.172 83.352
254.433 86.351
254.694 75.351
254.955 77.351
255.216 85.350
255.477 90.350
255.738 87.349
255.999 86.349
256.261 93.349
256.522 85.348
256.783 89.348
257.044 93.348
257.305 88.347
257.566 90.347
257.827 88.346
258.088 93.346
258.349 87.346
258.610 91.345
258.871 84.345
259.132 85.345
259.393 89.344
259.654 91.344
259.915 97.343
260.176 91.343
260.437 85.343
260.698 94.342
260.959 80.342
261.221 85.342
261.482 84.341
261.743 80.341
262.004 85.340
262.265 86.340
262.526 86.340
262.787 82.339
263.048 91.339
263.309 83.338
263.570 90.338
263.831 92.338
264.092 92.337
264.353 91.337
264.614 93.337
264.875 92.336
265.136 101.336
265.397 96.335
265.658 98.335
265.919 91.335
266.181 98.334
266.442 92.334
266.703 88.334
266.964 91.333
267.225 94.333
267.486 95.332
267.747 88.332
268.008 96.332
268.269 90.331
268.530 89.331
268.791 94.330
269.052 88.330
269.313 85.330
269.574 91.329
269.835 86.329
270.096 93.328
270.357 90.328
270.618 87.328
270.879 94.327
271.141 90.327
271.402 89.327
271.663 97.326
271.924 104.326
272.185 88.325
272.446 89.325
272.707 93.325
272.968 90.324
273.229 90.324
273.490 89.323
273.751 87.323
274.012 80.323
274.273 94.322
274.534 88.322
274.795 90.321
275.056 96.321
275.317 89.321
275.578 94.320
275.839 97.320
276.101 93.319
276.362 91.319
276.623 93.319
276.884 96.318
277.145 87.318
277.406 93.317
277.667 87.317
277.928 89.317
278.189 98.316
278.450 100.316
278.711 93.315
278.972 87.315
279.233 91.315
279.494 94.314
279.755 86.314
280.016 95.313
280.277 91.313
280.538 95.313
280.799 91.312
281.061 95.312
281.322 95.311
281.583 93.311
281.844 101.311
282.105 95.310
282.366 88.310
282.627 92.309
282.888 100.309
283.149 94.309
283.410 105.308
283.671 93.308
283.932 99.307
284.193 93.307
284.454 92.307
284.715 94.306
284.976 97.306
285.237 92.305
285.498 93.305
285.759 92.305
286.021 99.304
286.282 103.304
286.543 92.303
286.804 104.303
287.065 96.302
287.326 101.302
287.587 88.302
287.848 104.301
288.109 94.301
288.370 102.300
288.631 98.300
288.892 89.300
289.153 93.299
289.414 102.299
289.675 95.298
289.936 94.298
290.197 98.297
290.458 94.297
290.719 89.297
290.981 95.296
291.242 101.296
291.503 102.295
291.764 99.295
292.025 94.295
292.286 108.294
292.547 92.294
292.808 98.293
293.069 100.293
293.330 103.292
293.591 102.292
293.852 109.292
294.113 101.291
294.374 99.291
294.635 108.290
294.896 98.290
295.157 94.290
295.418 100.289
295.679 110.289
295.941 95.288
296.202 102.288
296.463 109.287
296.724 99.287
296.985 108.287
297.246 107.286
297.507 100.286
297.768 102.285
298.029 86.285
298.290 94.284
298.551 104.284
298.812 101.284
299.073 101.283
299.334 95.283
299.595 103.282
299.856 104.282
300.117 94.281
300.378 96.281
300.639 99.281
300.901 103.280
301.162 112.280
301.423 101.279
301.684 97.279
301.945 98.278
302.206 112.278
302.467 103.278
302.728 106.277
302.989 107.277
303.250 108.276
303.511 92.276
303.772 94.275
304.033 98.275
304.294 109.274
304.555 99.274
304.816 98.274
305.077 100.273
305.338 104.273
305.599 100.272
305.861 97.272
306.122 104.271
306.383 111.271
306.644 105.271
306.905 107.270
307.166 104.270
307.427 96.269
307.688 110.269
307.949 105.268
308.210 102.268
308.471 102.267
308.732 101.267
308.993 103.267
309.254 106.266
309.515 119.266
309.776 106.265
310.037 105.265
310.298 105.264
310.559 110.264
310.821 110.263
311.082 105.263
311.343 108.263
311.604 109.262
311.865 109.262
312.126 106.261
312.387 98.261
312.648 103.260
312.909 99.260
313.170 114.259
313.437 115.259
313.704 117.258
313.971 111.258
314.238 106.258
314.504 112.257
314.771 107.257
315.038 107.256
315.305 109.256
315.572 109.255
315.839 107.255
316.106 104.254
316.373 107.254
316.640 112.253
316.906 106.253
317.173 110.253
317.440 104.252
317.707 107.252
317.974 113.251
318.241 107.251
318.508 113.250
318.775 109.250
319.042 107.249
319.308 107.249
319.575 115.248
319.842 108.248
320.109 112.248
320.376 115.247
320.643 118.247
320.910 115.246
321.177 117.246
321.444 107.245
321.710 105.245
321.977 105.244
322.244 111.244
322.511 112.243
322.778 104.243
323.045 110.242
323.312 113.242
323.579 110.241
323.846 116.241
324.112 101.241
324.379 109.240
324.646 109.240
324.913 108.239
325.180 112.239
325.447 115.238
325.714 109.238
325.981 110.237
326.248 120.237
326.514 119.236
326.781 114.236
327.048 114.235
327.315 108.235
327.582 112.234
327.849 112.234
328.116 110.233
328.383 109.233
328.649 115.233
328.916 120.232
329.183 107.232
329.450 121.231
329.717 123.231
329.984 119.230
330.251 124.230
330.518 113.229
330.785 119.229
331.051 119.228
331.318 118.228
331.585 122.227
331.852 121.227
332.119 118.226
332.386 121.226
332.653 122.225
332.920 126.225
333.187 113.224
333.453 120.224
333.720 128.223
333.987 120.223
334.254 120.222
334.521 122.222
334.788 125.221
335.055 134.221
335.322 137.221
335.589 143.220
335.855 146.220
336.122 147.219
336.389 147.219
336.656 162.218
336.923 147.218
337.190 151.217
337.457 161.217
337.724 155.216
337.991 160.216
338.257 166.215
338.524 184.215
338.791 183.214
339.058 179.214
339.325 187.213
339.592 184.213
339.859 194.212
340.126 196.212
340.393 208.211
340.659 212.211
340.926 219.210
341.193 223.210
341.460 234.209
341.727 239.209
341.994 240.208
342.261 253.208
342.528 270.207
342.795 271.207
343.061 273.206
343.328 290.206
343.595 292.205
343.862 304.205
344.129 310.204
344.396 321.204
344.663 327.203
344.930 342.203
345.197 349.202
345.463 357.202
345.730 377.201
345.997 382.201
346.264 397.200
346.531 405.200
346.798 420.199
347.065 438.199
347.332 442.198
347.599 462.198
347.865 466.197
348.132 477.197
348.399 490.196
348.666 503.196
348.933 519.195
349.200 532.195
349.467 543.194
349.734 560.194
350.001 583.193
350.267 581.193
350.534 586.192
350.801 612.192
351.068 623.191
351.335 630.191
351.602 644.190
351.869 659.189
352.136 673.189
352.402 690.188
352.669 702.188
352.936 719.187
353.203 728.187
353.470 750.186
353.737 759.186
354.004 779.185
354.271 794.185
354.538 805.184
354.804 826.184
355.071 840.183
355.338 859.183
355.605 872.182
355.872 880.182
356.139 892.181
356.406 918.181
356.673 941.180
356.940 950.180
357.206 975.865
357.473 996.116
357.740 1008.294
358.007 1046.147
358.274 1046.005
358.541 1066.304
358.808 1094.403
359.075 1127.991
359.342 1135.754
359.608 1164.632
359.875 1175.330
360.142 1213.801
360.409 1225.486
360.676 1249.403
360.943 1261.271
361.210 1287.805
361.477 1307.149
361.744 1321.308
362.010 1338.014
362.277 1376.867
362.544 1398.918
362.811 1404.564
363.078 1421.447
363.345 1469.090
363.612 1493.807
363.879 1524.138
364.146 1529.338
364.412 1537.901
364.679 1580.198
364.946 1602.769
365.213 1624.366
365.480 1642.956
365.748 1645.581
366.017 1660.307
366.285 1691.642
366.553 1703.878
366.822 1729.638
367.090 1743.624
367.358 1753.448
367.627 1784.315
367.895 1809.435
368.164 1823.962
368.432 1830.569
368.700 1863.809
368.969 1894.265
369.237 1905.518
369.505 1917.858
369.774 1937.047
370.042 1954.514
370.310 1965.572
370.579 1981.218
370.847 2008.027
371.115 2026.012
371.384 2035.922
371.652 2050.278
371.921 2065.795
372.189 2064.324
372.457 2101.842
372.726 2125.305
372.994 2123.223
373.262 2153.667
373.531 2144.275
373.799 2155.447
374.067 2173.067
374.336 2189.851
374.604 2205.653
374.872 2217.979
375.141 2229.915
375.409 2260.024
375.678 2257.235
375.946 2279.501
376.214 2289.882
376.483 2297.010
376.751 2302.526
377.019 2337.071
377.288 2335.994
377.556 2346.757
377.824 2373.266
378.093 2373.408
378.361 2408.069
378.629 2424.582
378.898 2443.995
379.166 2454.105
379.435 2471.801
379.703 2486.773
379.971 2498.541
380.240 2531.191
380.508 2539.670
380.776 2558.901
381.045 2578.414
381.313 2613.386
381.581 2601.841
381.850 2637.183
382.118 2675.406
382.386 2683.559
382.655 2704.075
382.923 2729.459
383.192 2753.618
383.460 2785.081
383.728 2785.389
383.997 2834.542
384.265 2850.348
384.533 2906.180
384.802 2906.281
385.070 2948.296
385.338 3011.013
385.607 3007.706
385.875 3018.468
386.143 3058.698
386.412 3103.278
386.680 3138.022
386.948 3147.154
387.217 3206.234
387.485 3227.548
387.754 3255.561
388.022 3283.042
388.290 3312.828
388.559 3345.776
388.827 3379.622
389.095 3401.432
389.364 3456.454
389.632 3493.049
389.900 3513.164
390.169 3547.351
390.437 3594.244
390.705 3615.919
390.974 3663.527
391.242 3706.191
391.511 3737.414
391.779 3778.972
392.047 3816.727
392.316 3850.491
392.584 3899.246
392.852 3930.220
393.121 3976.481
393.389 4031.328
393.657 4046.198
393.926 4098.610
394.194 4137.007
394.462 4172.816
394.731 4218.890
394.999 4259.681
395.268 4310.744
395.536 4358.615
395.804 4415.358
396.073 4446.664
396.341 4480.060
396.609 4531.680
396.878 4562.798
397.146 4623.258
397.414 4686.745
397.683 4713.334
397.951 4756.656
398.219 4802.825
398.488 4874.178
398.756 4905.953
399.025 4994.843
399.293 5005.324
399.561 5040.803
399.830 5097.373
400.098 5178.477
400.366 5192.359
400.635 5256.367
400.903 5295.806
401.171 5348.369
401.440 5413.269
401.708 5444.184
401.976 5510.035
402.245 5557.498
402.513 5612.652
402.782 5656.270
403.050 5686.933
403.318 5732.861
403.587 5827.309
403.855 5865.287
404.123 5931.045
404.392 5973.959
404.660 6023.070
404.934 6067.026
405.207 6141.293
405.481 6195.048
405.754 6260.037
406.028 6305.751
406.301 6348.086
406.575 6398.186
406.848 6440.914
407.122 6487.497
407.395 6561.589
407.669 6600.284
407.942 6648.552
408.216 6733.757
408.489 6752.693
408.763 6804.694
409.036 6870.734
409.310 6910.972
409.583 6981.202
409.857 7031.582
410.130 7113.633
410.404 7144.570
410.677 7185.020
410.951 7285.182
411.224 7304.867
411.498 7322.981
411.771 7394.636
412.045 7443.930
412.318 7483.430
412.592 7536.849
412.865 7588.052
413.139 7637.457
413.412 7703.265
413.686 7762.700
413.959 7814.491
414.233 7862.055
414.506 7893.390
414.780 7964.195
415.053 8042.106
415.327 8066.448
415.600 8131.820
415.874 8160.785
416.147 8243.706
416.421 8306.650
416.694 8345.542
416.968 8408.358
417.241 8513.207
417.515 8533.314
417.788 8571.044
418.062 8610.711
418.335 8683.463
418.609 8735.251
418.882 8794.634
419.156 8785.687
419.429 8845.507
419.703 8953.089
419.976 9005.032
420.250 9044.817
420.524 9116.690
420.797 9168.199
421.071 9216.739
421.344 9231.189
421.618 9295.672
421.891 9337.995
422.165 9409.986
422.438 9440.512
422.712 9521.904
422.985 9543.146
423.259 9608.168
423.532 9689.894
423.806 9700.131
424.079 9779.473
424.353 9844.031
424.626 9874.407
424.900 9891.464
425.173 9977.075
425.447 10014.028
425.720 10052.028
425.994 10091.118
426.267 10172.717
426.541 10227.709
426.814 10209.234
427.088 10272.113
427.361 10342.421
427.635 10366.220
427.908 10444.579
428.182 10456.303
428.455 10511.626
428.729 10514.105
429.002 10578.066
429.276 10614.938
429.549 10651.228
429.823 10676.074
430.096 10698.509
430.370 10768.395
430.643 10828.645
430.917 10847.950
431.190 10895.175
431.464 10941.546
431.737 10950.717
432.011 10995.980
432.284 11033.244
432.558 11066.342
432.831 11118.722
433.105 11100.210
433.378 11186.943
433.652 11223.679
433.925 11248.504
434.199 11298.604
434.472 11349.656
434.746 11399.005
435.019 11478.483
435.293 11483.553
435.566 11540.840
435.840 11551.144
436.119 11571.998
436.398 11654.420
436.677 11674.258
436.956 11705.940
437.235 11696.639
437.514 11701.770
437.793 11745.076
438.073 11775.808
438.352 11810.595
438.631 11859.799
438.910 11905.969
439.189 11920.892
439.468 11969.690
439.747 12005.846
440.026 12029.260
440.305 12077.064
440.584 12091.341
440.863 12149.795
441.142 12212.051
441.421 12268.471
441.700 12278.899
441.979 12300.958
442.258 12354.011
442.538 12419.811
442.817 12426.755
443.096 12465.552
443.375 12502.890
443.654 12529.566
443.933 12603.866
444.212 12689.368
444.491 12649.495
444.770 12724.420
445.049 12790.427
445.328 12827.127
445.607 12855.446
445.886 12955.902
446.165 12932.528
446.444 12986.263
446.723 13035.303
447.003 13066.706
447.282 13104.099
447.561 13147.465
447.840 13222.084
448.119 13245.030
448.398 13276.924
448.677 13356.474
448.956 13373.977
449.235 13409.918
449.514 13474.543
449.793 13497.970
450.072 13577.543
450.351 13632.863
450.630 13635.234
450.909 13679.682
451.188 13755.764
451.468 13818.327
451.747 13834.304
452.026 13890.759
452.305 13907.854
452.584 13989.826
452.863 14075.161
453.142 14084.135
453.421 14137.290
453.700 14201.790
453.979 14210.963
454.258 14298.933
454.537 14359.871
454.816 14461.017
455.095 14493.803
455.374 14506.098
455.653 14604.266
455.933 14626.232
456.212 14684.428
456.491 14760.481
456.770 14805.701
457.049 14917.641
457.328 14934.168
457.607 15026.720
457.886 15070.930
458.165 15071.884
458.444 15204.884
458.723 15262.286
459.002 15318.542
459.281 15383.923
459.560 15498.396
459.839 15559.486
460.119 15621.086
460.398 15686.090
460.677 15761.986
460.956 15854.443
461.235 15887.459
461.514 15980.505
461.793 16059.176
462.072 16215.898
462.351 16246.869
462.630 16324.777
462.909 16399.115
463.188 16532.515
463.467 16645.549
463.746 16677.084
464.025 16774.774
464.304 16894.449
464.584 16916.002
464.863 17062.551
465.142 17168.610
465.421 17254.211
465.700 17385.780
465.979 17484.312
466.258 17570.343
466.537 17687.734
466.816 17734.122
467.095 17861.364
467.374 17985.876
467.653 18052.021
467.932 18152.068
468.211 18290.916
468.490 18388.303
468.769 18489.914
469.049 18645.559
469.328 18761.912
469.607 18874.912
469.886 18962.911
470.165 19043.910
470.444 19193.102
470.723 19311.531
471.002 19434.210
471.281 19490.397
471.560 19623.529
471.839 19741.388
472.118 19869.513
472.397 19988.870
472.676 20122.392
472.955 20227.265
473.234 20336.923
473.514 20462.676
473.793 20603.729
474.072 20668.579
474.351 20780.926
474.630 20916.058
474.909 21010.006
475.188 21123.251
475.467 21263.051
475.746 21356.529
476.025 21504.962
476.304 21639.118
476.583 21729.564
476.862 21849.176
477.141 21951.977
477.420 22133.833
477.699 22152.947
477.979 22256.269
478.258 22411.347
478.537 22532.190
478.816 22621.420
479.095 22731.914
479.374 22826.190
479.653 22942.206
479.932 23025.598
480.211 23154.516
480.490 23264.066
480.769 23397.602
481.048 23479.708
481.327 23564.506
481.606 23698.630
481.885 23843.394
482.165 23930.440
482.444 24042.400
482.723 24176.400
483.002 24248.050
483.281 24379.679
483.560 24440.614
483.839 24579.469
484.118 24696.013
484.397 24771.173
484.676 24919.737
484.955 24970.725
485.234 25113.401
485.513 25252.984
485.792 25330.066
486.071 25354.998
486.350 25554.023
486.630 25601.727
486.909 25715.031
487.188 25792.170
487.467 25937.483
487.746 25977.055
488.025 26101.511
488.304 26173.944
488.583 26284.824
488.862 26330.770
489.141 26466.722
489.420 26581.026
489.699 26642.409
489.978 26695.723
490.257 26832.835
490.536 26920.627
490.815 27043.098
491.095 27091.313
491.374 27221.836
491.653 27300.047
491.932 27444.399
492.211 27551.635
492.490 27605.156
492.769 27719.961
493.048 27784.532
493.327 27913.279
493.606 28017.166
493.885 28058.839
494.164 28182.948
494.443 28242.474
494.722 28366.331
495.001 28426.378
495.280 28619.507
495.560 28667.172
495.839 28746.039
496.118 28819.204
496.397 28934.239
496.676 29023.014
496.955 29126.716
497.234 29176.060
497.513 29276.764
497.792 29374.071
498.071 29433.426
498.350 29549.119
498.629 29663.806
498.908 29725.174
499.187 29812.886
499.466 29899.317
499.745 29963.638
500.025 30082.313
500.304 30119.415
500.583 30203.632
500.862 30380.480
501.141 30445.937
501.420 30444.481
501.699 30488.255
501.978 30687.311
502.257 30717.837
502.536 30774.003
502.815 30890.937
503.094 31017.989
503.373 31123.039
503.652 31122.027
503.931 31242.474
504.211 31337.189
504.490 31376.702
504.769 31394.538
505.048 31529.212
505.327 31590.063
505.606 31712.488
505.885 31780.284
506.164 31850.405
506.443 31896.031
506.722 31973.317
507.001 32032.412
507.280 32094.592
507.559 32188.758
507.838 32287.404
508.117 32337.556
508.396 32411.672
508.676 32481.836
508.955 32471.096
509.234 32622.986
509.513 32630.552
509.792 32672.602
510.071 32776.191
510.350 32823.188
510.629 32920.723
510.908 32895.162
511.187 33002.853
511.466 33022.317
511.745 33140.287
512.024 33238.993
512.303 33203.458
512.582 33272.779
512.861 33363.780
513.141 33401.201
513.420 33456.913
513.699 33422.964
513.978 33529.779
514.257 33645.749
514.536 33630.599
514.815 33673.526
515.094 33737.886
515.373 33751.532
515.652 33804.398
515.931 33866.968
516.210 33946.497
516.489 33926.691
516.768 33967.795
517.047 34096.665
517.326 34064.439
517.606 34149.861
517.885 34180.317
518.164 34252.486
518.443 34285.615
518.722 34377.229
519.001 34412.974
519.280 34413.144
519.559 34517.948
519.838 34516.424
520.117 34594.272
520.396 34628.299
520.675 34656.005
520.954 34731.724
521.233 34735.163
521.512 34784.982
521.791 34864.801
522.071 34893.163
522.350 34988.124
522.629 35014.258
522.908 35006.501
523.187 35126.197
523.466 35103.795
523.745 35203.791
524.024 35209.162
524.303 35275.179
524.582 35316.796
524.861 35412.977
525.140 35457.599
525.419 35457.679
525.698 35443.446
525.977 35536.445
526.257 35570.219
526.536 35587.360
526.815 35683.851
527.094 35667.991
527.373 35723.648
527.652 35849.691
527.931 35840.345
528.210 35921.938
528.489 35934.333
528.768 36001.631
529.047 36077.459
529.326 36077.458
529.605 36135.149
529.884 36106.638
530.163 36218.480
530.442 36262.987
530.722 36246.654
531.001 36337.796
531.280 36363.965
531.559 36333.374
531.838 36396.701
532.117 36449.109
532.396 36482.221
532.675 36475.148
532.954 36598.586
533.233 36619.038
533.512 36641.157
533.791 36732.925
534.070 36701.704
534.349 36784.550
534.628 36819.791
534.907 36847.107
535.187 36849.950
535.466 36975.043
535.745 36981.684
536.024 36934.244
536.303 37024.399
536.582 37064.346
536.861 37123.397
537.140 37134.814
537.419 37199.703
537.698 37243.976
537.977 37197.985
538.256 37252.562
538.535 37272.599
538.814 37313.928
539.093 37323.479
539.372 37301.798
539.652 37423.065
539.931 37392.413
540.210 37484.336
540.489 37472.818
540.768 37521.762
541.047 37532.829
541.326 37531.417
541.605 37593.345
541.884 37607.376
542.163 37644.191
542.442 37614.105
542.721 37635.518
543.000 37723.186
543.279 37737.636
543.558 37717.404
543.837 37739.309
544.117 37784.423
544.396 37819.963
544.675 37813.379
544.954 37790.009
545.233 37876.846
545.512 37870.075
545.791 37882.646
546.070 37848.796
546.351 37855.565
546.632 37861.366
546.912 37893.280
547.193 37868.006
547.474 37871.878
547.755 37913.419
548.036 37828.645
548.317 37871.874
548.597 37909.627
548.878 37874.898
549.159 37867.160
549.440 37895.103
549.721 37861.355
550.001 37895.203
550.282 37933.886
550.563 37847.959
550.844 37903.996
551.125 37921.311
551.406 37904.087
551.686 37943.607
551.967 37922.499
552.248 37877.294
552.529 37925.390
552.810 37881.995
553.090 37831.210
553.371 37914.861
553.652 37885.106
553.933 37936.115
554.214 37903.576
554.495 37891.087
554.775 37845.937
555.056 37888.203
555.337 37902.611
555.618 37864.186
555.899 37932.388
556.179 37870.908
556.460 37974.629
556.741 37959.204
557.022 37895.880
557.303 37887.125
557.584 37890.760
557.864 37908.012
558.145 37845.330
558.426 37900.005
558.707 37920.237
558.988 37971.487
559.268 37947.238
559.549 37926.655
559.830 37851.895
560.111 37834.892
560.392 37866.664
560.673 37922.000
560.953 37956.295
561.234 38046.042
561.515 38032.238
561.796 37959.042
562.077 37892.664
562.357 37808.927
562.638 37885.930
562.919 37833.753
563.200 37925.362
563.481 37985.512
563.762 37983.501
564.042 37901.088
564.323 37783.716
564.604 37794.553
564.885 37821.508
565.166 37811.066
565.446 37806.838
565.727 37834.924
566.008 37847.199
566.289 37809.862
566.570 37735.722
566.851 37811.877
567.131 37762.910
567.412 37719.887
567.693 37666.232
567.974 37692.026
568.255 37629.453
568.535 37624.437
568.816 37595.754
569.097 37654.178
569.378 37555.671
569.659 37558.233
569.940 37586.316
570.220 37533.155
570.501 37574.427
570.782 37501.057
571.063 37461.475
571.344 37474.976
571.624 37410.371
571.905 37357.622
572.186 37390.720
572.467 37374.042
572.748 37343.261
573.029 37332.539
573.309 37408.996
573.590 37369.125
573.871 37271.167
574.152 37247.021
574.433 37247.020
574.713 37221.307
574.994 37160.498
575.275 37178.966
575.556 37032.729
575.837 37119.487
576.118 37087.228
576.398 37022.733
576.679 37031.814
576.960 36993.461
577.252 37007.601
577.543 36932.852
577.835 36939.922
578.127 36871.234
578.418 36864.162
578.710 36802.345
579.002 36680.321
579.293 36645.976
579.585 36720.603
579.877 36682.755
580.168 36673.617
580.460 36608.243
580.752 36598.688
581.043 36515.793
581.335 36509.182
581.627 36391.953
581.918 36407.469
582.210 36361.456
582.502 36278.632
582.793 36273.334
583.085 36250.000
583.376 36143.222
583.668 36168.554
583.960 36105.775
584.251 36106.916
584.543 36054.285
584.835 35951.905
585.126 35922.788
585.418 35871.877
585.710 35808.399
586.001 35760.630
586.293 35687.290
586.585 35677.251
586.876 35604.888
587.168 35504.678
587.460 35510.451
587.751 35460.187
588.043 35426.524
588.335 35368.147
588.626 35288.314
588.918 35272.843
589.210 35180.497
589.501 35161.719
589.793 35099.652
590.085 35082.948
590.376 34920.155
590.668 34943.290
590.960 34908.234
591.251 34838.071
591.543 34760.575
591.835 34763.256
592.126 34647.986
592.418 34612.428
592.710 34589.601
593.001 34531.469
593.293 34416.528
593.585 34410.109
593.876 34366.258
594.168 34319.539
594.460 34189.119
594.751 34139.815
595.043 34068.075
595.334 33952.193
595.626 33914.547
595.918 33872.655
596.209 33831.475
596.501 33711.225
596.793 33719.221
597.084 33576.813
597.376 33533.299
597.668 33455.795
597.959 33407.793
598.251 33322.315
598.543 33224.359
598.834 33167.127
599.126 33118.866
599.418 33082.266
599.709 33024.163
600.001 32940.175
600.293 32879.764
600.584 32804.331
600.876 32740.752
601.168 32666.397
601.459 32548.939
601.751 32549.530
602.043 32466.464
602.334 32375.848
602.626 32244.790
602.918 32227.811
603.209 32143.758
603.501 32176.084
603.793 32060.846
604.084 31955.224
604.376 31857.421
604.668 31816.559
604.959 31714.407
605.251 31636.302
605.543 31578.920
605.834 31547.147
606.126 31489.670
606.418 31432.214
606.709 31340.913
607.001 31252.563
607.292 31172.274
607.584 31123.937
607.876 31057.341
608.167 30891.086
608.459 30828.735
608.751 30790.557
609.042 30705.973
609.334 30654.579
609.626 30557.621
609.917 30481.723
610.209 30445.435
610.501 30417.685
610.792 30331.951
611.084 30310.296
611.376 30186.362
611.667 30142.487
611.959 30044.830
612.251 29999.328
612.542 29893.124
612.834 29827.421
613.126 29719.581
613.417 29650.735
613.709 29600.991
614.001 29533.975
614.292 29435.548
614.584 29365.488
614.876 29296.881
615.167 29251.625
615.459 29189.814
615.751 29111.235
616.042 29021.472
616.334 28973.288
616.626 28937.403
616.917 28914.680
617.209 28789.025
617.501 28720.411
617.792 28684.437
618.084 28697.178
618.376 28570.492
618.667 28565.881
618.959 28453.979
619.250 28384.934
619.542 28391.367
619.834 28307.111
620.125 28240.856
620.417 28183.273
620.709 28134.869
621.000 28119.378
621.292 28045.760
621.584 27992.575
621.875 27904.650
622.167 27854.407
622.459 27773.247
622.750 27695.279
623.042 27609.959
623.334 27591.600
623.625 27526.406
623.917 27445.703
624.209 27398.744
624.500 27351.353
624.792 27301.645
625.084 27243.504
625.375 27213.671
625.667 27106.110
625.959 27033.293
626.250 27021.662
626.542 26942.888
626.834 26917.514
627.125 26818.815
627.417 26825.643
627.709 26714.841
628.000 26627.840
628.292 26602.624
628.584 26517.919
628.875 26465.433
629.167 26430.525
629.459 26419.560
629.750 26337.865
630.042 26242.630
630.334 26141.151
630.625 26129.710
630.917 26136.896
631.208 26025.013
631.500 25956.695
631.792 25914.771
632.083 25836.241
632.375 25783.124
632.667 25744.766
632.958 25683.254
633.250 25634.887
633.542 25588.014
633.833 25542.964
634.125 25463.025
634.417 25413.137
634.708 25345.352
635.000 25318.427
635.292 25274.257
635.583 25216.622
635.875 25150.038
636.167 25123.470
636.458 25095.282
636.750 25039.589
637.042 24933.900
637.333 24898.825
637.625 24855.083
637.917 24776.895
638.208 24767.387
638.500 24763.352
638.792 24715.633
639.083 24642.300
639.375 24601.194
639.667 24565.089
639.958 24519.159
640.250 24429.606
640.542 24431.255
640.833 24406.151
641.125 24339.262
641.417 24346.533
641.708 24317.082
642.000 24288.199
642.292 24227.847
642.583 24216.682
642.875 24179.456
643.166 24146.229
643.458 24130.171
643.750 24114.067
644.041 24124.945
644.333 24097.870
644.625 24042.530
644.916 24043.369
645.208 24047.001
645.500 24013.929
645.791 24025.854
646.083 23942.472
646.375 23946.133
646.666 23941.553
646.958 23911.331
647.250 23928.729
647.541 23870.917
647.833 23841.729
648.125 23823.089
648.416 23839.601
648.708 23808.974
649.000 23785.994
649.291 23742.557
649.583 23749.685
649.875 23719.702
650.166 23730.521
650.458 23702.269
650.750 23687.177
651.041 23660.936
651.333 23631.277
651.625 23621.305
651.916 23647.576
652.208 23583.544
652.500 23562.107
652.791 23556.619
653.083 23543.971
653.375 23471.155
653.666 23493.109
653.958 23471.539
654.250 23474.794
654.541 23427.350
654.833 23438.089
655.124 23374.063
655.416 23358.464
655.708 23384.077
655.999 23342.565
656.291 23346.664
656.583 23331.867
656.874 23311.661
657.166 23288.932
657.458 23302.761
657.749 23290.426
658.041 23247.965
658.333 23273.173
658.624 23199.146
658.916 23232.477
659.208 23200.285
659.499 23199.521
659.791 23171.847
660.083 23164.369
660.374 23152.096
660.666 23193.388
660.958 23158.131
661.249 23119.700
661.541 23129.516
661.833 23093.080
662.124 23091.336
662.416 23080.845
662.708 23117.495
662.999 23105.944
663.291 23041.497
663.583 23042.540
663.874 23020.338
664.166 23039.679
664.458 23039.716
664.749 22979.753
665.041 23026.223
665.333 22970.049
665.624 23005.877
665.916 22956.408
666.208 22898.112
666.499 22936.883
666.791 22932.864
667.082 22904.810
667.374 22874.438
667.666 22865.672
667.957 22867.360
668.249 22839.065
668.541 22863.053
668.832 22835.814
669.124 22798.470
669.416 22807.876
669.707 22818.481
669.999 22745.859
670.291 22756.413
670.582 22779.553
670.874 22784.260
671.166 22754.702
671.457 22712.755
671.749 22724.599
672.041 22682.823
672.332 22670.963
672.624 22695.062
672.916 22644.565
673.207 22607.152
673.499 22647.475
673.791 22629.230
674.082 22637.180
674.374 22608.567
674.666 22605.577
674.957 22588.819
675.249 22531.931
675.541 22487.019
675.832 22518.473
676.124 22487.477
676.416 22526.039
676.707 22476.939
676.999 22470.925
677.291 22448.776
677.582 22409.618
677.874 22397.967
678.166 22412.450
678.457 22400.175
678.749 22337.673
679.040 22349.111
679.332 22320.169
679.624 22318.468
679.915 22326.886
680.207 22257.306
680.499 22268.449
680.790 22278.129
681.082 22219.244
681.374 22214.383
681.665 22187.132
681.957 22150.508
682.249 22136.402
682.540 22075.377
682.832 22070.207
683.124 22126.599
683.415 22093.911
683.707 22109.454
683.999 22035.757
684.290 22019.398
684.582 21998.904
684.874 21948.645
685.165 21941.523
685.457 21909.573
685.749 21892.117
686.040 21895.088
686.332 21863.366
686.624 21831.189
686.915 21811.833
687.207 21769.219
687.499 21744.763
687.790 21766.675
688.082 21731.585
688.374 21692.367
688.665 21662.437
688.957 21630.443
689.249 21644.889
689.540 21596.383
689.832 21550.973
690.124 21530.879
690.415 21512.282
690.707 21499.366
690.998 21451.327
691.290 21432.143
691.582 21403.185
691.873 21327.692
692.165 21299.768
692.457 21311.463
692.748 21299.764
693.040 21286.911
693.332 21218.289
693.623 21193.642
693.915 21154.262
694.207 21137.822
694.498 21075.423
694.790 21045.447
695.082 21056.903
695.373 20975.988
695.665 20971.836
695.957 20867.200
696.248 20858.907
696.540 20863.945
696.836 20805.017
697.133 20803.775
697.429 20742.836
697.725 20707.297
698.021 20670.292
698.318 20645.052
698.614 20589.274
698.910 20581.166
699.207 20538.119
699.503 20455.301
699.799 20440.350
700.095 20365.891
700.392 20379.332
700.688 20323.487
700.984 20288.761
701.281 20254.703
701.577 20207.444
701.873 20197.315
702.169 20155.625
702.466 20083.384
702.762 20078.141
703.058 20051.334
703.355 19954.471
703.651 19937.991
703.947 19861.921
704.243 19820.951
704.540 19787.251
704.836 19789.086
705.132 19702.337
705.428 19686.628
705.725 19641.819
706.021 19591.373
706.317 19564.312
706.614 19520.786
706.910 19444.544
707.206 19393.417
707.502 19352.515
707.799 19316.725
708.095 19279.342
708.391 19244.646
708.688 19224.006
708.984 19154.687
709.280 19082.142
709.576 19041.490
709.873 19014.981
710.169 18955.019
710.465 18900.240
710.762 18830.187
711.058 18803.173
711.354 18780.658
711.650 18697.092
711.947 18662.677
712.243 18593.659
712.539 18579.515
712.836 18489.119
713.132 18453.342
713.428 18407.976
713.724 18401.926
714.021 18317.933
714.317 18297.790
714.613 18194.676
714.910 18152.310
715.206 18085.956
715.502 18063.951
715.798 17968.662
716.095 17921.455
716.391 17882.571
716.687 17816.502
716.984 17777.461
717.280 17731.412
717.576 17690.679
717.872 17641.317
718.169 17577.674
718.465 17529.671
718.761 17497.669
719.058 17439.666
719.354 17384.280
719.650 17360.021
719.946 17333.659
720.243 17252.161
720.539 17172.654
720.835 17124.776
721.131 17074.649
721.428 17062.709
721.724 17016.677
722.020 16942.584
722.317 16913.553
722.613 16855.347
722.909 16819.453
723.205 16769.170
723.502 16701.629
723.798 16698.325
724.094 16650.624
724.391 16603.621
724.687 16592.027
724.983 16516.583
725.279 16435.870
725.576 16389.443
725.872 16338.256
726.168 16316.341
726.465 16282.193
726.761 16219.285
727.057 16175.371
727.353 16118.647
727.650 16075.068
727.946 16033.357
728.242 16001.575
728.539 15905.343
728.835 15920.300
729.131 15811.466
729.427 15747.357
729.724 15734.496
730.020 15648.787
730.316 15620.128
730.613 15585.541
730.909 15515.890
731.205 15468.472
731.501 15407.849
731.798 15342.758
732.094 15305.581
732.390 15224.952
732.687 15184.959
732.983 15118.648
733.279 15064.511
733.575 15022.186
733.872 14983.797
734.168 14967.062
734.464 14891.272
734.761 14783.428
735.057 14748.798
735.353 14700.614
735.649 14659.963
735.946 14604.636
736.242 14525.532
736.538 14496.576
736.835 14409.147
737.131 14354.073
737.427 14304.417
737.723 14252.454
738.020 14212.672
738.316 14166.011
738.612 14088.634
738.909 14067.149
739.205 13965.220
739.501 13947.536
739.797 13882.078
740.094 13828.427
740.390 13764.656
740.686 13699.390
740.982 13655.062
741.279 13568.397
741.575 13550.898
741.871 13511.218
742.168 13454.909
742.464 13387.325
742.760 13311.906
743.056 13333.124
743.353 13244.058
743.649 13173.968
743.945 13115.255
744.242 13091.790
744.538 13037.797
744.834 12966.114
745.130 12923.805
745.427 12883.527
745.723 12816.727
746.019 12793.928
746.316 12713.296
746.612 12713.011
746.908 12634.268
747.204 12551.046
747.501 12525.528
747.797 12503.354
748.093 12449.117
748.390 12404.736
748.686 12349.851
748.982 12279.484
749.278 12233.590
749.575 12176.275
749.871 12148.899
750.167 12094.440
750.464 12038.040
750.760 11994.429
751.056 11926.115
751.352 11883.422
751.649 11827.577
751.945 11790.831
752.241 11760.800
752.538 11679.604
752.834 11631.202
753.130 11590.403
753.426 11542.724
753.723 11494.372
754.019 11440.466
754.315 11402.539
754.611 11350.341
754.908 11285.053
755.204 11256.335
755.500 11207.332
755.797 11171.844
756.093 11079.326
756.389 11032.387
756.685 11020.360
756.982 10962.203
757.278 10911.047
757.574 10866.778
757.871 10819.586
758.167 10736.249
758.463 10701.406
758.759 10629.186
759.056 10601.702
759.352 10532.422
759.648 10499.286
759.945 10419.966
760.241 10421.814
760.537 10376.918
760.833 10312.150
761.130 10263.857
761.426 10205.297
761.722 10154.193
762.019 10120.226
762.315 10040.504
762.611 10006.302
762.907 9945.876
763.204 9895.310
763.500 9868.938
763.802 9821.460
764.104 9776.787
764.406 9704.994
764.708 9698.314
765.010 9620.054
765.312 9599.017
765.615 9536.667
765.917 9489.071
766.219 9430.385
766.521 9391.920
766.823 9349.407
767.125 9287.954
767.427 9247.675
767.729 9197.162
768.031 9148.428
768.333 9119.104
768.635 9078.370
768.937 9027.662
769.239 8975.776
769.542 8943.277
769.844 8891.445
770.146 8818.271
770.448 8790.616
770.750 8729.299
771.052 8690.914
771.354 8657.661
771.656 8608.507
771.958 8559.795
772.260 8501.688
772.562 8456.832
772.864 8419.112
773.166 8389.321
773.468 8343.353
773.771 8304.846
774.073 8233.812
774.375 8232.242
774.677 8190.316
774.979 8127.940
775.281 8075.712
775.583 8020.614
775.885 7996.024
776.187 7960.115
776.489 7902.776
776.791 7857.544
777.093 7833.780
777.395 7770.122
777.698 7752.410
778.000 7699.992
778.302 7668.815
778.604 7624.830
778.906 7577.839
779.208 7529.978
779.510 7494.923
779.812 7450.022
780.114 7409.348
780.416 7358.168
780.718 7306.249
781.020 7292.113
781.322 7247.990
781.625 7212.048
781.927 7149.688
782.229 7121.038
782.531 7082.772
782.833 7033.164
783.135 7012.444
783.437 6948.325
783.739 6907.799
784.041 6863.094
784.343 6829.895
784.645 6787.361
784.947 6745.599
785.249 6691.277
785.552 6665.630
785.854 6638.166
786.156 6589.153
786.458 6543.359
786.760 6509.405
787.062 6461.203
787.364 6435.450
787.666 6393.663
787.968 6331.206
788.270 6302.714
788.572 6278.449
788.874 6253.932
789.176 6200.172
789.478 6181.677
789.781 6153.143
790.083 6121.613
790.385 6070.382
790.687 6029.918
790.989 5979.615
791.291 5951.649
791.593 5924.901
791.895 5903.150
792.197 5859.362
792.499 5820.346
792.801 5787.237
793.103 5730.595
793.405 5708.059
793.708 5665.136
794.010 5637.624
794.312 5598.393
794.614 5553.194
794.916 5523.898
795.218 5478.605
795.520 5459.941
795.822 5431.933
796.124 5385.872
796.426 5355.421
796.728 5309.915
797.030 5288.137
797.332 5241.161
797.635 5208.053
797.937 5175.451
798.239 5157.241
798.541 5114.095
798.843 5076.116
799.145 5036.404
799.447 5016.495
799.749 4984.216
800.051 4930.391
800.353 4900.438
800.655 4861.670
800.957 4824.733
801.259 4802.276
801.562 4767.770
801.864 4738.529
802.166 4727.812
802.468 4686.527
802.770 4642.355
803.072 4606.092
803.374 4592.261
803.676 4539.252
803.978 4516.458
804.280 4485.658
804.582 4454.953
804.884 4435.507
805.186 4391.544
805.488 4375.381
805.791 4354.045
806.093 4307.901
806.395 4270.849
806.697 4243.549
806.999 4218.335
807.301 4184.154
807.603 4175.275
807.905 4136.272
808.207 4119.568
808.509 4077.173
808.811 4043.750
809.113 4031.911
809.415 4001.663
809.718 3973.495
810.020 3941.396
810.322 3908.616
810.624 3894.180
810.926 3862.363
811.228 3840.424
811.530 3789.668
811.834 3774.467
812.139 3752.802
812.443 3725.638
812.748 3699.577
813.052 3682.970
813.357 3658.669
813.661 3619.757
813.966 3609.601
814.270 3592.388
814.574 3548.315
814.879 3536.418
815.183 3495.353
815.488 3483.449
815.792 3455.910
816.097 3431.601
816.401 3423.582
816.706 3382.340
817.010 3363.688
817.314 3357.981
817.619 3342.142
817.923 3313.296
818.228 3278.277
818.532 3274.314
818.837 3252.677
819.141 3209.269
819.445 3199.018
819.750 3167.834
820.054 3158.024
820.359 3132.528
820.663 3104.034
820.968 3088.053
821.272 3075.608
821.577 3031.877
821.881 3028.098
822.185 3002.410
822.490 2998.589
822.794 2960.455
823.099 2946.100
823.403 2923.932
823.708 2890.644
824.012 2888.516
824.317 2860.761
824.621 2841.618
824.925 2830.763
825.230 2808.707
825.534 2779.193
825.839 2763.410
826.143 2743.966
826.448 2743.468
826.752 2709.778
827.057 2692.524
827.361 2674.180
827.665 2651.301
827.970 2648.396
828.274 2614.169
828.579 2603.332
828.883 2588.764
829.188 2572.811
829.492 2558.343
829.796 2539.916
830.101 2530.214
830.405 2517.030
830.710 2491.069
831.014 2470.456
831.319 2456.093
831.623 2441.324
831.928 2424.858
832.232 2402.148
832.536 2391.070
832.841 2371.650
833.145 2357.502
833.450 2354.585
833.754 2339.654
834.059 2327.366
834.363 2318.706
834.668 2296.635
834.972 2279.171
835.276 2270.411
835.581 2235.739
835.885 2241.249
836.190 2235.136
836.494 2211.852
836.799 2204.578
837.103 2190.346
837.407 2180.729
837.712 2162.541
838.016 2149.576
838.321 2132.324
838.625 2097.819
838.930 2104.188
839.234 2084.898
839.539 2078.701
839.843 2081.011
840.147 2058.292
840.452 2037.639
840.756 2021.041
841.061 2014.830
841.365 2008.584
841.670 1986.639
841.974 1983.496
842.279 1980.290
842.583 1958.162
842.887 1950.744
843.192 1931.575
843.496 1919.870
843.801 1918.463
844.105 1907.645
844.410 1899.022
844.714 1885.872
845.019 1877.997
845.323 1868.996
845.627 1846.992
845.932 1838.739
846.236 1827.338
846.541 1814.367
846.845 1806.536
847.150 1816.725
847.454 1787.049
847.758 1799.023
848.063 1782.646
848.367 1777.782
848.672 1768.224
848.976 1761.754
849.281 1748.691
849.585 1730.701
849.890 1734.120
850.194 1726.641
850.498 1707.994
850.803 1692.392
851.107 1690.445
851.412 1675.934
851.716 1670.938
852.021 1668.638
852.325 1659.093
852.630 1645.762
852.934 1636.301
853.238 1628.737
853.543 1624.320
853.847 1596.177
854.152 1599.116
854.456 1599.561
854.761 1592.183
855.065 1575.892
855.370 1574.909
855.674 1552.357
855.978 1563.717
856.283 1552.001
856.587 1540.686
856.892 1534.671
857.196 1525.254
857.501 1523.507
857.805 1516.453
858.109 1509.475
858.414 1492.049
858.718 1496.785
859.023 1486.945
859.327 1468.313
859.632 1456.235
859.936 1456.408
860.241 1448.635
860.545 1446.363
860.849 1448.586
861.154 1428.889
861.458 1430.729
861.763 1424.061
862.067 1411.291
862.372 1419.888
862.676 1407.271
862.981 1401.219
863.285 1393.471
863.589 1391.949
863.894 1396.974
864.198 1388.782
864.503 1387.085
864.807 1383.936
865.112 1370.231
865.416 1367.052
865.721 1357.494
866.025 1363.702
866.329 1359.210
866.634 1366.560
866.938 1358.392
867.243 1346.937
867.547 1345.375
867.852 1338.625
868.156 1327.316
868.460 1324.269
868.765 1330.068
869.069 1342.203
869.374 1325.529
869.678 1318.882
869.983 1317.108
870.287 1308.407
870.592 1317.097
870.896 1309.020
871.200 1308.113
871.505 1302.341
871.809 1300.888
872.114 1295.472
872.418 1298.535
872.723 1287.988
873.027 1294.554
873.332 1283.082
873.636 1288.231
873.940 1277.155
874.245 1277.400
874.549 1274.689
874.854 1272.224
875.158 1262.098
875.463 1276.975
875.767 1265.226
876.072 1264.796
876.376 1257.318
876.680 1249.400
876.985 1241.031
877.289 1249.389
877.594 1254.368
877.898 1253.226
878.203 1236.011
878.507 1229.457
878.811 1240.965
879.116 1235.301
879.420 1239.356
879.725 1223.503
880.029 1225.221
880.334 1230.954
880.638 1211.368
880.943 1217.528
881.247 1217.720
881.551 1199.351
881.856 1204.444
882.160 1206.606
882.465 1196.967
882.769 1193.702
883.074 1184.958
883.378 1185.692
883.683 1193.861
883.987 1183.122
884.291 1194.757
884.596 1186.407
884.900 1199.649
885.205 1190.198
885.509 1194.178
885.814 1196.365
886.118 1208.724
886.423 1201.073
886.727 1212.352
887.031 1214.166
887.336 1220.019
887.640 1217.992
887.945 1221.322
888.249 1220.913
888.554 1222.223
888.858 1225.458
889.162 1234.297
889.467 1243.878
889.771 1242.956
890.076 1240.897
890.380 1244.082
890.685 1252.094
890.989 1240.403
891.294 1246.587
891.598 1238.996
891.902 1242.440
892.207 1239.681
892.511 1249.767
892.816 1246.317
893.120 1255.963
893.425 1261.717
893.729 1247.443
894.034 1255.259
894.338 1257.094
894.642 1245.569
894.947 1249.945
895.251 1241.166
895.556 1237.686
895.860 1245.299
896.165 1245.293
896.469 1246.439
896.774 1252.680
897.078 1249.435
897.382 1252.443
897.687 1242.457
897.991 1258.475
898.296 1253.127
898.600 1247.539
898.905 1239.383
899.209 1247.987
899.513 1239.592
899.818 1241.675
900.122 1242.120
900.427 1247.258
900.731 1252.151
901.036 1252.144
901.340 1252.845
901.645 1242.312
901.949 1251.194
902.253 1252.124
902.558 1249.774
902.862 1242.966
903.167 1243.645
903.471 1241.529
903.776 1235.607
904.080 1236.320
904.385 1243.846
904.689 1238.639
904.993 1248.534
905.298 1239.076
905.602 1241.644
905.907 1242.585
906.211 1235.496
906.516 1230.977
906.820 1231.848
907.125 1233.077
907.429 1229.714
907.733 1235.628
908.038 1232.482
908.342 1231.521
908.647 1218.912
908.951 1217.745
909.256 1226.949
909.560 1223.124
909.864 1226.845
910.169 1214.932
910.473 1227.570
910.778 1217.453
911.082 1212.997
911.387 1219.145
911.691 1223.183
911.996 1212.076
912.300 1219.965
912.609 1221.345
912.918 1221.550
913.227 1230.000
913.537 1217.678
913.846 1218.424
914.155 1207.655
914.464 1216.561
914.773 1212.536
915.082 1224.943
915.391 1209.605
915.700 1210.569
916.010 1208.253
916.319 1210.194
916.628 1207.870
916.937 1211.772
917.246 1205.122
917.555 1196.116
917.864 1200.606
918.174 1205.500
918.483 1196.475
918.792 1204.905
919.101 1198.410
919.410 1196.433
919.719 1198.981
920.028 1197.986
920.337 1206.486
920.647 1200.736
920.956 1200.332
921.265 1198.935
921.574 1199.520
921.883 1189.561
922.192 1196.910
922.501 1189.114
922.811 1192.483
923.120 1191.859
923.429 1190.036
923.738 1182.823
924.047 1183.550
924.356 1189.578
924.665 1193.170
924.974 1188.306
925.284 1190.703
925.593 1172.475
925.902 1182.685
926.211 1170.456
926.520 1176.918
926.829 1182.011
927.138 1177.262
927.448 1176.591
927.757 1178.154
928.066 1178.989
928.375 1179.533
928.684 1169.574
928.993 1171.806
929.302 1170.082
929.611 1162.296
929.921 1168.002
930.230 1167.992
930.539 1166.246
930.848 1163.446
931.157 1172.165
931.466 1168.148
931.775 1172.216
932.085 1167.432
932.394 1172.232
932.703 1160.986
933.012 1167.231
933.321 1161.802
933.630 1158.140
933.939 1157.149
934.248 1161.103
934.558 1158.467
934.867 1165.693
935.176 1165.103
935.485 1158.209
935.794 1159.242
936.103 1173.620
936.412 1182.248
936.721 1184.969
937.031 1191.782
937.340 1180.099
937.649 1182.563
937.958 1204.367
938.267 1204.411
938.576 1215.433
938.885 1219.303
939.195 1204.791
939.504 1223.265
939.813 1227.063
940.122 1238.521
940.431 1237.049
940.740 1235.478
941.049 1230.362
941.359 1232.665
941.668 1236.544
941.977 1229.528
942.286 1233.780
942.595 1227.787
942.904 1229.244
943.213 1236.153
943.522 1229.891
943.832 1214.601
944.141 1226.103
944.450 1225.276
944.759 1221.636
945.068 1218.339
945.377 1218.190
945.686 1214.928
945.995 1221.262
946.305 1208.976
946.614 1214.153
946.923 1220.744
947.232 1197.060
947.541 1187.656
947.850 1183.746
948.159 1186.037
948.469 1177.457
948.778 1177.194
949.087 1166.690
949.396 1146.529
949.705 1142.787
950.014 1147.026
950.323 1132.051
950.632 1124.842
950.942 1133.449
951.251 1122.016
951.560 1102.477
951.869 1100.504
952.178 1086.862
952.487 1095.234
952.796 1087.002
953.106 1080.034
953.415 1060.594
953.724 1054.136
954.033 1079.944
954.342 1066.876
954.651 1062.873
954.960 1049.129
955.269 1031.740
955.579 1037.677
955.888 1020.724
956.197 1022.977
956.506 1012.254
956.815 1000.488
957.124 1008.602
957.433 987.768
957.743 987.867
958.052 981.019
958.361 983.347
958.670 970.952
958.979 967.834
959.288 964.494
959.597 954.747
959.906 957.102
960.216 942.019
960.525 940.971
960.834 932.538
961.143 935.137
961.452 927.915
961.761 915.219
962.070 921.098
962.380 908.643
962.689 906.996
962.998 905.166
963.307 895.258
963.616 894.418
963.925 891.831
964.234 867.783
964.543 870.874
964.853 869.064
965.162 859.889
965.471 862.627
965.780 854.045
966.095 857.220
966.410 854.043
966.725 854.031
967.040 838.880
967.356 828.029
967.671 834.017
967.986 835.005
968.301 826.993
968.616 819.981
968.931 833.969
969.246 823.957
969.561 832.945
969.876 828.933
970.192 826.921
970.507 829.909
970.822 815.897
971.137 818.885
971.452 814.872
971.767 807.860
972.082 811.848
972.397 802.836
972.712 805.823
973.028 808.811
973.343 807.798
973.658 794.786
973.973 795.774
974.288 798.761
974.603 796.749
974.918 791.736
975.233 802.723
975.548 794.711
975.864 803.698
976.179 794.685
976.494 798.673
976.809 791.660
977.124 800.647
977.439 792.634
977.754 788.622
978.069 792.609
978.384 778.596
978.700 774.583
979.015 774.570
979.330 775.557
979.645 774.544
979.960 774.531
980.275 762.518
980.590 765.505
980.905 772.492
981.221 765.478
981.536 754.465
981.851 757.452
982.166 758.439
982.481 753.425
982.796 758.412
983.111 756.399
983.426 757.385
983.741 750.372
984.057 751.359
984.372 746.345
984.687 740.331
985.002 739.318
985.317 745.304
985.632 737.291
985.947 738.277
986.262 732.263
986.577 740.250
986.893 734.236
987.208 737.222
987.523 735.208
987.838 738.194
988.153 725.181
988.468 739.167
988.783 731.153
989.098 731.139
989.413 731.125
989.729 734.111
990.044 728.096
990.359 722.082
990.674 729.068
990.989 723.054
991.304 724.040
991.619 723.025
991.934 727.011
992.249 720.997
992.565 728.982
992.880 727.968
993.195 722.954
993.510 728.939
993.825 718.925
994.140 727.910
994.455 728.895
994.770 722.881
995.085 726.866
995.401 730.851
995.716 728.837
996.031 731.822
996.346 719.807
996.661 715.792
996.976 730.777
997.291 729.762
997.606 725.748
997.921 725.733
998.237 729.718
998.552 734.702
998.867 727.687
999.182 737.672
999.497 734.657
999.812 736.642
1000.127 740.627
1000.442 735.611
1000.757 746.596
1001.073 744.581
1001.388 748.565
1001.703 754.550
1002.018 755.534
1002.333 761.519
1002.648 751.503
1002.963 763.488
1003.278 756.472
1003.593 752.456
1003.909 764.441
1004.224 773.425
1004.539 777.409
1004.854 775.393
1005.169 768.377
1005.484 771.361
1005.799 792.345
1006.114 792.329
1006.429 784.313
1006.745 792.297
1007.060 793.281
1007.375 796.265
1007.690 793.249
1008.005 806.233
1008.320 806.216
1008.635 802.200
1008.950 813.184
1009.265 813.167
1009.581 820.151
1009.896 820.134
1010.211 817.118
1010.526 829.101
1010.841 822.085
1011.156 826.068
1011.471 832.051
1011.786 839.035
1012.102 835.018
1012.417 843.001
1012.732 845.984
1013.047 838.967
1013.362 848.950
1013.677 847.933
1013.992 857.916
1014.307 861.899
1014.622 860.882
1014.938 866.865
1015.253 868.848
1015.568 872.831
1015.883 870.813
1016.198 878.796
1016.513 871.779
1016.828 882.761
1017.143 879.744
1017.458 882.726
1017.774 882.709
1018.089 891.691
1018.404 887.673
1018.719 906.656
1019.034 911.638
1019.349 914.620
1019.664 915.603
1019.979 915.585
1020.294 917.567
1020.610 921.549
1020.925 934.531
1021.240 936.513
1021.555 931.495
1021.870 927.477
1022.185 931.458
1022.500 947.440
1022.815 953.422
1023.130 951.403
1023.446 972.385
1023.761 959.367
1024.076 956.348
1024.391 969.330
1024.706 975.311
1025.021 975.293
1025.336 986.274
1025.651 987.255
1025.966 983.236
1026.282 994.218
1026.597 998.199
1026.912 996.180
1027.227 1013.161
1027.542 1010.142
1027.857 1019.123
1028.172 1021.104
1028.487 1034.085
1028.802 1042.066
1029.118 1040.046
1029.433 1031.027
1029.748 1033.008
1030.063 1052.988
1030.378 1046.969
1030.693 1049.949
1031.008 1053.930
1031.323 1059.910
1031.638 1061.891
1031.954 1058.871
1032.269 1073.851
1032.584 1068.832
1032.899 1075.812
1033.214 1075.792
1033.529 1072.772
1033.844 1079.752
1034.159 1082.732
1034.474 1095.712
1034.790 1089.692
1035.105 1088.671
1035.420 1087.651
1035.735 1105.631
1036.050 1101.611
1036.365 1093.590
1036.680 1102.570
1036.995 1099.549
1037.310 1100.529
1037.626 1099.508
1037.941 1104.487
1038.256 1099.467
1038.571 1103.446
1038.886 1108.425
1039.201 1106.404
1039.516 1124.383
1039.831 1113.362
1040.146 1123.341
1040.462 1129.320
1040.777 1109.299
1041.092 1105.278
1041.407 1124.256
1041.722 1120.235
1042.037 1119.214
1042.352 1120.192
1042.667 1120.171
1042.982 1125.149
1043.298 1116.128
1043.613 1111.106
1043.928 1128.084
1044.243 1124.063
1044.558 1118.041
1044.873 1121.019
1045.188 1118.997
1045.503 1095.975
1045.819 1108.953
1046.134 1123.931
1046.449 1109.909
1046.764 1110.887
1047.079 1109.864
1047.394 1116.842
1047.709 1107.820
1048.024 1101.797
1048.339 1101.775
1048.655 1097.752
1048.970 1104.729
1049.285 1103.707
1049.600 1105.684
1049.915 1108.661
1050.230 1097.638
1050.545 1101.615
1050.860 1096.592
1051.175 1090.569
1051.491 1091.546
1051.806 1091.523
1052.121 1085.500
1052.436 1090.477
1052.751 1087.453
1053.066 1080.430
1053.381 1094.406
1053.696 1076.383
1054.011 1073.359
1054.327 1088.336
1054.642 1087.312
1054.957 1071.288
1055.272 1071.264
1055.587 1077.241
1055.902 1069.217
1056.217 1073.193
1056.532 1066.168
1056.847 1053.144
1057.163 1075.120
1057.478 1062.096
1057.793 1061.072
1058.108 1058.047
1058.423 1050.023
1058.738 1045.998
1059.053 1043.974
1059.368 1044.949
1059.683 1048.924
1059.999 1053.900
1060.314 1050.875
1060.629 1049.850
1060.944 1049.825
1061.259 1046.800
1061.574 1055.775
1061.889 1040.750
1062.204 1045.724
1062.519 1046.699
1062.835 1038.674
1063.150 1034.648
1063.465 1033.623
1063.780 1045.597
1064.095 1039.572
1064.410 1032.546
1064.725 1036.520
1065.040 1031.494
1065.355 1035.468
1065.671 1033.442
1065.986 1041.416
1066.301 1026.390
1066.616 1025.364
1066.931 1029.338
1067.246 1024.312
1067.561 1026.285
1067.876 1028.259
1068.191 1018.232
1068.507 1012.206
1068.822 1019.179
1069.137 1028.152
1069.452 1023.126
1069.767 1014.099
1070.082 1012.072
1070.397 1012.045
1070.712 1012.018
1071.027 1016.991
1071.343 1007.964
1071.658 1004.936
1071.973 1006.909
1072.288 1003.882
1072.603 1009.854
1072.918 1011.827
1073.233 1007.799
1073.548 1005.771
1073.863 1001.743
1074.179 996.716
1074.494 1003.688
1074.809 998.660
1075.124 991.632
1075.439 987.604
1075.754 992.575
1076.069 988.547
1076.384 989.519
1076.699 981.490
1077.015 984.462
1077.330 978.433
1077.645 985.405
1077.960 974.376
1078.275 984.347
1078.590 979.318
1078.905 988.289
1079.220 979.260
1079.536 982.231
1079.851 976.202
1080.166 976.173
1080.481 977.144
1080.796 968.114
1081.111 975.085
1081.426 976.055
1081.741 971.026
1082.056 973.996
1082.372 983.966
1082.687 965.936
1083.002 970.906
1083.317 968.876
1083.632 982.846
1083.947 972.816
1084.262 976.786
1084.577 962.756
1084.892 971.725
1085.208 973.695
1085.523 973.664
1085.838 958.634
1086.153 972.603
1086.468 961.572
1086.783 953.541
1087.098 943.510
1087.413 952.479
1087.728 961.448
1088.044 957.417
1088.359 967.386
1088.674 972.355
1088.989 953.323
1089.304 954.292
1089.619 953.260
1089.934 959.228
1090.249 954.197
1090.564 951.165
1090.880 939.133
1091.195 956.101
1091.510 944.069
1091.825 951.037
1092.140 955.005
1092.467 954.972
1092.794 949.940
1093.121 943.908
1093.448 944.875
1093.775 947.842
1094.102 935.810
1094.429 938.777
1094.756 937.744
1095.083 930.711
1095.410 926.678
1095.737 942.645
1096.064 932.612
1096.391 931.579
1096.718 936.545
1097.045 939.512
1097.372 932.478
1097.699 931.445
1098.026 943.411
1098.353 936.377
1098.680 946.343
1099.007 924.309
1099.334 926.275
1099.661 935.241
1099.988 918.207
1100.315 928.173
1100.642 929.138
1100.969 928.104
1101.296 923.069
1101.623 936.035
1101.950 921.000
1102.277 920.965
1102.604 919.930
1102.931 932.895
1103.258 920.860
1103.585 934.825
1103.912 928.790
1104.239 938.755
1104.566 929.719
1104.893 928.684
1105.220 923.648
1105.547 927.612
1105.874 926.577
1106.201 933.541
1106.528 927.505
1106.855 925.469
1107.182 923.433
1107.509 912.397
1107.836 923.360
1108.163 923.324
1108.490 921.287
1108.817 927.251
1109.144 923.214
1109.470 930.178
1109.797 923.141
1110.124 920.104
1110.451 911.067
1110.778 921.030
1111.105 922.993
1111.432 930.955
1111.759 927.918
1112.086 918.881
1112.413 919.843
1112.740 935.805
1113.067 930.768
1113.394 918.730
1113.721 925.692
1114.048 924.654
1114.375 920.616
1114.702 916.578
1115.029 921.540
1115.356 915.501
1115.683 910.463
1116.010 924.424
1116.337 903.386
1116.664 913.347
1116.991 898.308
1117.318 903.269
1117.645 910.230
1117.972 915.191
1118.299 911.152
1118.626 897.113
1118.953 903.074
1119.280 908.034
1119.607 908.995
1119.934 903.955
1120.261 903.915
1120.588 901.876
1120.915 898.836
1121.242 892.796
1121.569 892.756
1121.896 896.716
1122.223 901.675
1122.550 896.635
1122.877 894.595
1123.204 901.554
1123.531 905.513
1123.858 893.473
1124.185 893.432
1124.512 886.391
1124.839 891.350
1125.166 891.309
1125.493 887.268
1125.820 886.227
1126.147 886.185
1126.474 881.144
1126.801 882.102
1127.128 883.061
1127.455 874.019
1127.782 875.977
1128.109 884.935
1128.436 888.893
1128.763 885.851
1129.090 869.809
1129.417 875.767
1129.744 885.724
1130.071 871.682
1130.398 874.639
1130.725 873.597
1131.052 867.554
1131.379 866.511
1131.706 860.468
1132.033 856.425
1132.360 855.382
1132.687 862.339
1133.014 856.296
1133.341 857.252
1133.668 863.209
1133.995 854.165
1134.322 851.122
1134.649 852.078
1134.976 858.034
1135.303 857.990
1135.630 838.946
1135.957 841.902
1136.284 844.858
1136.611 831.814
1136.938 830.769
1137.265 834.725
1137.592 824.680
1137.919 821.636
1138.246 819.591
1138.573 822.546
1138.900 810.501
1139.227 804.456
1139.554 799.411
1139.881 812.366
1140.208 795.321
1140.535 788.275
1140.862 802.230
1141.189 805.184
1141.516 788.139
1141.843 778.093
1142.170 769.047
1142.497 771.001
1142.824 767.955
1143.151 765.909
1143.478 769.863
1143.805 775.817
1144.131 764.771
1144.458 760.724
1144.785 768.678
1145.112 776.631
1145.439 770.584
1145.766 761.538
1146.093 761.491
1146.420 763.444
1146.747 754.397
1147.074 752.350
1147.401 757.302
1147.728 757.255
1148.055 769.208
1148.382 753.160
1148.709 753.113
1149.036 758.065
1149.363 763.017
1149.690 753.970
1150.017 762.922
1150.344 758.874
1150.671 755.826
1150.998 751.777
1151.325 752.729
1151.652 747.681
1151.979 743.633
1152.306 745.584
1152.633 753.536
1152.960 741.487
1153.287 743.438
1153.614 740.389
1153.941 742.340
1154.268 740.292
1154.595 750.242
1154.922 744.193
1155.249 746.144
1155.576 748.095
1155.903 739.046
1156.230 742.996
1156.557 735.947
1156.884 744.897
1157.211 738.847
1157.538 742.798
1157.865 738.748
1158.192 740.698
1158.519 745.648
1158.846 737.598
1159.173 743.548
1159.500 741.498
1159.827 738.447
1160.154 731.397
1160.481 737.347
1160.808 744.296
1161.135 734.245
1161.462 743.195
1161.789 732.144
1162.116 730.093
1162.443 730.043
1162.770 728.992
1163.097 729.941
1163.424 723.890
1163.751 715.838
1164.078 727.787
1164.405 727.736
1164.732 719.685
1165.059 717.633
1165.386 718.582
1165.713 724.530
1166.040 733.479
1166.367 720.427
1166.694 710.375
1167.021 722.324
1167.348 714.272
1167.675 709.220
1168.002 714.168
1168.329 708.116
1168.656 705.064
1168.983 696.012
1169.310 713.959
1169.637 704.907
1169.964 705.855
1170.291 693.802
1170.618 681.750
1170.945 670.698
1171.272 672.645
1171.599 671.592
1171.926 664.540
1172.253 656.487
1172.580 650.434
1172.907 654.381
1173.234 642.329
1173.561 633.276
1173.888 622.223
1174.215 625.170
1174.542 620.117
1174.869 623.064
1175.196 620.010
1175.523 623.957
1175.850 627.904
1176.177 628.851
1176.504 626.797
1176.831 627.744
1177.158 623.691
1177.485 618.637
1177.812 620.584
1178.139 622.530
1178.465 631.477
1178.792 622.423
1179.119 609.369
1179.446 619.316
1179.773 611.262
1180.100 596.208
1180.427 600.155
1180.754 598.101
1181.081 608.047
1181.408 594.993
1181.735 584.939
1182.062 583.885
1182.389 584.831
1182.716 571.777
1183.043 575.723
1183.370 579.669
1183.697 576.615
1184.024 574.561
1184.351 579.507
1184.678 572.453
1185.005 573.399
1185.332 575.345
1185.659 574.290
1185.986 578.236
1186.313 582.182
1186.640 571.128
1186.967 563.074
1187.294 561.019
1187.621 559.965
1187.948 559.911
1188.275 563.857
1188.602 556.802
1188.929 549.748
1189.256 559.694
1189.583 548.639
1189.910 553.585
1190.237 548.531
1190.564 546.477
1190.891 535.422
1191.218 544.368
1191.545 544.314
1191.872 549.259
1192.199 541.205
1192.526 542.151
1192.853 533.097
1193.180 540.042
1193.507 530.988
1193.834 528.934
1194.161 524.880
1194.488 522.825
1194.815 518.771
1195.142 527.717
1195.469 532.663
1195.796 525.609
1196.123 520.555
1196.450 521.500
1196.777 514.446
1197.104 510.392
1197.431 518.338
1197.758 513.284
1198.085 501.230
1198.412 517.176
1198.739 509.122
1199.066 517.069
1199.393 509.015
1199.720 490.961
1200.047 504.907
1200.374 505.853
1200.701 497.800
1201.028 494.746
1201.355 489.692
1201.682 485.639
1202.009 486.585
1202.336 488.532
1202.663 493.479
1202.990 485.425
1203.317 471.372
1203.644 472.319
1203.971 477.265
1204.298 468.212
1204.625 468.159
1204.952 473.106
1205.279 455.053
1205.606 462.000
1205.933 449.947
1206.260 460.895
1206.587 469.842
1206.914 464.789
1207.241 453.737
1207.568 459.684
1207.895 452.632
1208.222 449.579
1208.549 448.527
1208.876 442.475
1209.203 435.423
1209.530 441.371
1209.857 437.319
1210.184 437.267
1210.511 431.215
1210.838 425.164
1211.165 431.112
1211.492 423.060
1211.819 419.009
1212.146 418.958
1212.473 417.907
1212.799 419.855
1213.126 419.804
1213.453 406.753
1213.780 405.703
1214.107 408.652
1214.434 400.601
1214.761 394.551
1215.088 397.501
1215.415 390.450
1215.742 395.400
1216.069 381.350
1216.396 390.300
1216.723 393.250
1217.050 392.201
1217.377 381.151
1217.704 379.102
1218.031 379.053
1218.358 370.003
1218.685 371.954
1219.012 364.905
1219.339 364.857
1219.666 362.808
1219.993 359.760
1220.320 358.711
1220.647 360.663
1220.974 349.615
1221.301 354.567
1221.628 350.519
1221.955 356.472
1222.282 346.424
1222.609 345.377
1222.936 345.330
1223.263 344.283
1223.590 329.236
1223.917 337.189
1224.244 340.143
1224.571 336.096
1224.898 336.050
1225.225 328.004
1225.552 334.958
1225.879 319.913
1226.206 313.867
1226.533 321.822
1226.860 320.777
1227.187 313.732
1227.514 313.687
1227.841 316.642
1228.168 318.598
1228.495 312.554
1228.822 316.510
1229.149 307.466
1229.476 306.422
1229.803 308.379
1230.130 306.336
1230.457 304.292
1230.784 293.250
1231.111 300.207
1231.438 302.165
1231.765 303.122
1232.092 292.080
1232.419 292.038
1232.746 286.997
