168.180 11.460
168.450 44.459
168.720 61.459
168.990 63.459
169.260 63.459
169.530 62.458
169.799 65.458
170.069 58.458
170.339 67.458
170.609 68.457
170.879 68.457
171.149 69.457
171.418 61.456
171.688 60.456
171.958 62.456
172.228 70.456
172.498 69.455
172.768 71.455
173.037 56.455
173.307 64.454
173.577 61.454
173.847 61.454
174.117 64.454
174.387 68.453
174.656 71.453
174.926 72.453
175.196 64.452
175.466 58.452
175.736 65.452
176.006 65.452
176.275 60.451
176.545 65.451
176.815 71.451
177.085 72.450
177.355 70.450
177.625 73.450
177.894 59.449
178.164 62.449
178.434 69.449
178.704 76.449
178.974 74.448
179.244 66.448
179.513 64.448
179.783 69.447
180.053 73.447
180.323 60.447
180.593 66.447
180.863 71.446
181.132 66.446
181.402 72.446
181.672 72.445
181.942 68.445
182.212 67.445
182.482 73.445
182.751 67.444
183.021 69.444
183.291 71.444
183.561 75.443
183.831 66.443
184.101 78.443
184.370 62.442
184.640 72.442
184.910 70.442
185.164 65.442
185.417 78.441
185.671 71.441
185.925 64.441
186.178 73.440
186.432 70.440
186.686 66.440
186.939 70.440
187.193 70.439
187.447 79.439
187.700 74.439
187.954 71.438
188.207 68.438
188.461 76.438
188.715 65.437
188.968 69.437
189.222 75.437
189.476 73.437
189.729 65.436
189.983 72.436
190.237 69.436
190.490 67.435
190.744 60.435
190.998 64.435
191.251 76.434
191.505 68.434
191.759 61.434
192.012 65.434
192.266 66.433
192.520 61.433
192.773 73.433
193.027 70.432
193.281 75.432
193.534 74.432
193.788 71.431
194.042 65.431
194.295 69.431
194.549 65.430
194.802 70.430
195.056 75.430
195.310 78.430
195.563 68.429
195.817 66.429
196.071 66.429
196.324 73.428
196.578 64.428
196.832 65.428
197.085 77.427
197.339 73.427
197.593 73.427
197.846 73.427
198.100 64.426
198.354 62.426
198.607 70.426
198.861 65.425
199.115 69.425
199.368 70.425
199.622 71.424
199.876 68.424
200.129 73.424
200.383 76.423
200.636 66.423
200.890 65.423
201.144 77.422
201.397 79.422
201.651 79.422
201.905 71.422
202.158 68.421
202.412 70.421
202.666 72.421
202.919 69.420
203.173 72.420
203.427 77.420
203.680 72.419
203.934 80.419
204.188 64.419
204.441 69.418
204.695 62.418
204.949 78.418
205.202 77.417
205.456 65.417
205.710 72.417
205.963 73.417
206.217 74.416
206.471 75.416
206.724 73.416
206.978 79.415
207.231 70.415
207.485 79.415
207.739 67.414
207.992 68.414
208.246 70.414
208.500 70.413
208.753 74.413
209.007 76.413
209.261 71.412
209.514 73.412
209.768 64.412
210.022 71.411
210.275 72.411
210.529 76.411
210.783 81.410
211.036 71.410
211.290 78.410
211.544 76.410
211.797 71.409
212.051 71.409
212.305 69.409
212.558 70.408
212.812 71.408
213.065 69.408
213.319 72.407
213.573 75.407
213.826 77.407
214.080 72.406
214.334 77.406
214.587 83.406
214.841 73.405
215.095 79.405
215.348 75.405
215.602 74.404
215.856 73.404
216.109 79.404
216.363 66.403
216.617 77.403
216.870 79.403
217.124 76.402
217.378 78.402
217.631 69.402
217.885 70.401
218.139 75.401
218.392 72.401
218.646 77.400
218.900 73.400
219.153 70.400
219.407 74.399
219.660 76.399
219.914 76.399
220.168 75.398
220.421 78.398
220.675 77.398
220.929 73.397
221.182 66.397
221.436 76.397
221.690 76.396
221.943 76.396
222.197 75.396
222.451 71.395
222.704 75.395
222.958 77.395
223.212 75.394
223.465 75.394
223.719 84.394
223.973 74.393
224.226 74.393
224.480 75.393
224.734 74.392
224.987 72.392
225.241 79.392
225.494 81.391
225.748 83.391
226.002 79.391
226.255 74.390
226.509 79.390
226.763 75.390
227.016 82.389
227.270 85.389
227.524 82.389
227.777 84.388
228.031 82.388
228.285 81.388
228.538 75.387
228.792 75.387
229.046 80.387
229.299 74.386
229.553 75.386
229.807 81.386
230.060 81.385
230.314 72.385
230.568 74.385
230.821 78.384
231.075 78.384
231.329 77.384
231.582 74.383
231.836 80.383
232.089 75.383
232.343 73.382
232.597 80.382
232.850 81.382
233.104 74.381
233.358 79.381
233.611 79.381
233.865 83.380
234.119 83.380
234.372 85.380
234.626 81.379
234.880 78.379
235.133 80.378
235.387 73.378
235.641 81.378
235.894 81.377
236.148 72.377
236.402 82.377
236.655 82.376
236.909 79.376
237.163 83.376
237.416 79.375
237.670 77.375
237.924 84.375
238.177 82.374
238.431 84.374
238.684 84.374
238.938 85.373
239.192 72.373
239.445 83.373
239.699 78.372
239.953 79.372
240.206 86.371
240.460 84.371
240.714 79.371
240.967 79.370
241.221 81.370
241.475 72.370
241.728 80.369
241.982 78.369
242.236 87.369
242.489 77.368
242.743 84.368
242.997 81.368
243.250 83.367
243.504 76.367
243.758 69.367
244.011 83.366
244.265 83.366
244.518 79.365
244.772 78.365
245.026 81.365
245.279 88.364
245.533 82.364
245.787 78.364
246.040 86.363
246.294 86.363
246.548 80.363
246.801 83.362
247.055 86.362
247.309 80.361
247.562 86.361
247.816 80.361
248.070 75.360
248.323 87.360
248.577 81.360
248.831 74.359
249.084 82.359
249.338 89.359
249.592 92.358
249.845 86.358
250.099 87.357
250.353 86.357
250.606 88.357
250.860 83.356
251.113 91.356
251.367 84.356
251.621 79.355
251.874 86.355
252.128 81.355
252.382 91.354
252.635 92.354
252.889 90.353
253.143 82.353
253.396 83.353
253.650 90.352
253.911 85.352
254.172 84.352
254.433 87.351
254.694 88.351
254.955 84.351
255.216 87.350
255.477 89.350
255.738 89.349
255.999 93.349
256.261 89.349
256.522 75.348
256.783 87.348
257.044 90.348
257.305 86.347
257.566 85.347
257.827 89.346
258.088 90.346
258.349 89.346
258.610 83.345
258.871 93.345
259.132 97.345
259.393 87.344
259.654 78.344
259.915 87.343
260.176 93.343
260.437 88.343
260.698 86.342
260.959 81.342
261.221 88.342
261.482 92.341
261.743 89.341
262.004 92.340
262.265 86.340
262.526 83.340
262.787 93.339
263.048 90.339
263.309 91.338
263.570 93.338
263.831 93.338
264.092 90.337
264.353 85.337
264.614 85.337
264.875 87.336
265.136 99.336
265.397 92.335
265.658 89.335
265.919 88.335
266.181 93.334
266.442 88.334
266.703 89.334
266.964 95.333
267.225 92.333
267.486 93.332
267.747 89.332
268.008 87.332
268.269 91.331
268.530 80.331
268.791 88.330
269.052 88.330
269.313 90.330
269.574 92.329
269.835 90.329
270.096 97.328
270.357 94.328
270.618 91.328
270.879 94.327
271.141 88.327
271.402 95.327
271.663 92.326
271.924 98.326
272.185 88.325
272.446 97.325
272.707 92.325
272.968 90.324
273.229 91.324
273.490 82.323
273.751 86.323
274.012 96.323
274.273 94.322
274.534 97.322
274.795 92.321
275.056 88.321
275.317 94.321
275.578 90.320
275.839 90.320
276.101 87.319
276.362 96.319
276.623 91.319
276.884 98.318
277.145 93.318
277.406 89.317
277.667 100.317
277.928 86.317
278.189 100.316
278.450 104.316
278.711 89.315
278.972 97.315
279.233 95.315
279.494 90.314
279.755 95.314
280.016 96.313
280.277 96.313
280.538 97.313
280.799 95.312
281.061 98.312
281.322 97.311
281.583 88.311
281.844 96.311
282.105 98.310
282.366 94.310
282.627 98.309
282.888 98.309
283.149 91.309
283.410 108.308
283.671 90.308
283.932 96.307
284.193 102.307
284.454 92.307
284.715 90.306
284.976 98.306
285.237 89.305
285.498 94.305
285.759 100.305
286.021 98.304
286.282 103.304
286.543 100.303
286.804 105.303
287.065 107.302
287.326 91.302
287.587 93.302
287.848 96.301
288.109 100.301
288.370 104.300
288.631 109.300
288.892 97.300
289.153 95.299
289.414 104.299
289.675 108.298
289.936 100.298
290.197 103.297
290.458 98.297
290.719 104.297
290.981 103.296
291.242 101.296
291.503 99.295
291.764 91.295
292.025 92.295
292.286 104.294
292.547 89.294
292.808 98.293
293.069 99.293
293.330 102.292
293.591 101.292
293.852 96.292
294.113 97.291
294.374 106.291
294.635 101.290
294.896 96.290
295.157 94.290
295.418 101.289
295.679 100.289
295.941 99.288
296.202 107.288
296.463 109.287
296.724 106.287
296.985 107.287
297.246 98.286
297.507 97.286
297.768 96.285
298.029 96.285
298.290 101.284
298.551 103.284
298.812 106.284
299.073 100.283
299.334 104.283
299.595 105.282
299.856 93.282
300.117 102.281
300.378 98.281
300.639 98.281
300.901 104.280
301.162 109.280
301.423 99.279
301.684 103.279
301.945 100.278
302.206 101.278
302.467 98.278
302.728 103.277
302.989 104.277
303.250 106.276
303.511 100.276
303.772 106.275
304.033 106.275
304.294 102.274
304.555 111.274
304.816 102.274
305.077 103.273
305.338 103.273
305.599 106.272
305.861 108.272
306.122 103.271
306.383 98.271
306.644 105.271
306.905 102.270
307.166 105.270
307.427 98.269
307.688 96.269
307.949 107.268
308.210 110.268
308.471 97.267
308.732 104.267
308.993 103.267
309.254 101.266
309.515 107.266
309.776 103.265
310.037 102.265
310.298 113.264
310.559 105.264
310.821 102.263
311.082 106.263
311.343 101.263
311.604 103.262
311.865 110.262
312.126 110.261
312.387 96.261
312.648 107.260
312.909 106.260
313.170 110.259
313.437 107.259
313.704 109.258
313.971 107.258
314.238 110.258
314.504 108.257
314.771 112.257
315.038 110.256
315.305 110.256
315.572 105.255
315.839 109.255
316.106 105.254
316.373 108.254
316.640 107.253
316.906 114.253
317.173 108.253
317.440 109.252
317.707 102.252
317.974 114.251
318.241 112.251
318.508 111.250
318.775 118.250
319.042 117.249
319.308 111.249
319.575 117.248
319.842 107.248
320.109 108.248
320.376 106.247
320.643 115.247
320.910 114.246
321.177 106.246
321.444 108.245
321.710 114.245
321.977 111.244
322.244 114.244
322.511 113.243
322.778 100.243
323.045 108.242
323.312 114.242
323.579 111.241
323.846 115.241
324.112 113.241
324.379 115.240
324.646 109.240
324.913 112.239
325.180 114.239
325.447 115.238
325.714 109.238
325.981 118.237
326.248 105.237
326.514 119.236
326.781 108.236
327.048 113.235
327.315 111.235
327.582 116.234
327.849 116.234
328.116 111.233
328.383 109.233
328.649 121.233
328.916 117.232
329.183 112.232
329.450 112.231
329.717 122.231
329.984 119.230
330.251 116.230
330.518 114.229
330.785 119.229
331.051 122.228
331.318 125.228
331.585 126.227
331.852 127.227
332.119 123.226
332.386 129.226
332.653 124.225
332.920 124.225
333.187 120.224
333.453 124.224
333.720 121.223
333.987 132.223
334.254 122.222
334.521 124.222
334.788 125.221
335.055 142.221
335.322 141.221
335.589 143.220
335.855 145.220
336.122 157.219
336.389 144.219
336.656 149.218
336.923 145.218
337.190 149.217
337.457 161.217
337.724 163.216
337.991 166.216
338.257 172.215
338.524 172.215
338.791 176.214
339.058 185.214
339.325 189.213
339.592 186.213
339.859 194.212
340.126 197.212
340.393 208.211
340.659 211.211
340.926 218.210
341.193 221.210
341.460 232.209
341.727 246.209
341.994 245.208
342.261 244.208
342.528 255.207
342.795 266.207
343.061 274.206
343.328 282.206
343.595 297.205
343.862 303.205
344.129 313.204
344.396 321.204
344.663 330.203
344.930 350.203
345.197 351.202
345.463 357.202
345.730 370.201
345.997 384.201
346.264 396.200
346.531 405.200
346.798 418.199
347.065 425.199
347.332 451.198
347.599 465.198
347.865 464.197
348.132 478.197
348.399 487.196
348.666 501.196
348.933 515.195
349.200 529.195
349.467 538.194
349.734 555.194
350.001 581.193
350.267 581.193
350.534 590.192
350.801 608.192
351.068 626.191
351.335 635.191
351.602 640.190
351.869 664.189
352.136 680.189
352.402 690.188
352.669 700.188
352.936 722.187
353.203 733.187
353.470 753.186
353.737 766.186
354.004 784.185
354.271 802.185
354.538 804.184
354.804 829.184
355.071 844.183
355.338 858.183
355.605 867.182
355.872 886.182
356.139 895.181
356.406 915.181
356.673 937.180
356.940 961.180
357.206 974.852
357.473 993.068
357.740 1015.394
358.007 1041.039
358.274 1049.060
358.541 1073.425
358.808 1092.377
359.075 1124.924
359.342 1140.851
359.608 1168.717
359.875 1171.256
360.142 1207.609
360.409 1216.227
360.676 1246.300
360.943 1265.399
361.210 1289.867
361.477 1316.515
361.744 1331.768
362.010 1344.251
362.277 1372.704
362.544 1395.770
362.811 1397.250
363.078 1427.703
363.345 1458.553
363.612 1473.637
363.879 1497.514
364.146 1526.156
364.412 1538.964
364.679 1573.753
364.946 1586.570
365.213 1612.487
365.480 1633.184
365.748 1638.013
366.017 1670.111
366.285 1693.830
366.553 1699.521
366.822 1730.734
367.090 1742.532
367.358 1743.623
367.627 1794.227
367.895 1812.743
368.164 1825.063
368.432 1855.899
368.700 1862.701
368.969 1882.002
369.237 1905.518
369.505 1920.083
369.774 1934.833
370.042 1942.264
370.310 1961.108
370.579 1992.366
370.847 2021.495
371.115 2030.507
371.384 2043.744
371.652 2054.733
371.921 2079.143
372.189 2063.218
372.457 2101.842
372.726 2121.953
372.994 2122.114
373.262 2154.779
373.531 2155.276
373.799 2160.953
374.067 2187.384
374.336 2190.948
374.604 2211.147
374.872 2222.380
375.141 2231.010
375.409 2253.445
375.678 2268.128
375.946 2268.632
376.214 2273.665
376.483 2308.927
376.751 2320.885
377.019 2314.466
377.288 2334.917
377.556 2359.675
377.824 2370.040
378.093 2368.060
378.361 2381.302
378.629 2416.008
378.898 2438.647
379.166 2456.247
379.435 2478.218
379.703 2496.399
379.971 2502.810
380.240 2527.979
380.508 2535.397
380.776 2561.037
381.045 2579.478
381.313 2606.976
381.581 2597.582
381.850 2631.829
382.118 2681.858
382.386 2689.976
382.655 2690.231
382.923 2731.607
383.192 2765.408
383.460 2776.479
383.728 2785.389
383.997 2834.542
384.265 2875.133
384.533 2899.701
384.802 2906.281
385.070 2945.056
385.338 2985.986
385.607 3025.022
385.875 3010.917
386.143 3058.698
386.412 3105.449
386.680 3123.907
386.948 3136.343
387.217 3188.786
387.485 3212.314
387.754 3263.169
388.022 3278.689
388.290 3315.000
388.559 3346.863
388.827 3397.070
389.095 3415.608
389.364 3465.188
389.632 3485.432
389.900 3520.773
390.169 3547.351
390.437 3612.742
390.705 3622.413
390.974 3664.613
391.242 3723.545
391.511 3755.792
391.779 3759.554
392.047 3813.491
392.316 3854.796
392.584 3918.769
392.852 3935.596
393.121 3987.222
393.389 4033.480
393.657 4074.065
393.926 4120.024
394.194 4149.841
394.462 4188.807
394.731 4233.832
394.999 4266.064
395.268 4305.425
395.536 4356.488
395.804 4396.290
396.073 4439.256
396.341 4488.499
396.609 4521.154
396.878 4552.261
397.146 4633.784
397.414 4686.745
397.683 4723.838
397.951 4760.853
398.219 4812.269
398.488 4867.882
398.756 4911.183
399.025 4972.784
399.293 5008.462
399.561 5041.847
399.830 5104.695
400.098 5174.279
400.366 5201.763
400.635 5271.011
400.903 5296.851
401.171 5331.685
401.440 5393.394
401.708 5454.634
401.976 5513.177
402.245 5544.972
402.513 5616.840
402.782 5666.753
403.050 5686.933
403.318 5743.299
403.587 5822.073
403.855 5866.332
404.123 5924.769
404.392 5970.824
404.660 6007.396
404.934 6084.809
405.207 6137.109
405.481 6173.035
405.754 6244.314
406.028 6297.347
406.301 6334.459
406.575 6421.295
406.848 6441.961
407.122 6504.268
407.395 6565.795
407.669 6591.890
407.942 6669.538
408.216 6734.810
408.489 6750.596
408.763 6814.147
409.036 6860.218
409.310 6918.309
409.583 6973.864
409.857 7035.783
410.130 7106.272
410.404 7138.287
410.677 7192.334
410.951 7241.156
411.224 7270.420
411.498 7340.689
411.771 7398.811
412.045 7446.009
412.318 7497.983
412.592 7533.740
412.865 7581.841
413.139 7626.093
413.412 7715.675
413.686 7742.061
413.959 7806.243
414.233 7874.413
414.506 7891.338
414.780 7937.555
415.053 8028.773
415.327 8069.513
415.600 8120.584
415.874 8169.941
416.147 8234.569
416.421 8297.513
416.694 8348.581
416.968 8403.292
417.241 8466.648
417.515 8525.250
417.788 8583.129
418.062 8626.807
418.335 8695.523
418.609 8748.290
418.882 8809.664
419.156 8818.588
419.429 8895.357
419.703 8948.094
419.976 9007.028
420.250 9040.837
420.524 9094.756
420.797 9158.248
421.071 9181.947
421.344 9262.935
421.618 9305.593
421.891 9342.951
422.165 9426.902
422.438 9446.464
422.712 9518.922
422.985 9516.387
423.259 9589.319
423.532 9665.043
423.806 9689.208
424.079 9758.515
424.353 9858.031
424.626 9859.452
424.900 9889.472
425.173 9951.127
425.447 9987.028
425.720 10039.028
425.994 10096.123
426.267 10153.641
426.541 10190.597
426.814 10185.210
427.088 10272.113
427.361 10340.406
427.635 10351.130
427.908 10434.498
428.182 10459.318
428.455 10515.662
428.729 10539.256
429.002 10578.066
429.276 10621.995
429.549 10653.244
429.823 10674.062
430.096 10706.550
430.370 10758.324
430.643 10820.580
430.917 10839.894
431.190 10882.071
431.464 10915.336
431.737 10953.735
432.011 10989.931
432.284 11037.272
432.558 11060.312
432.831 11108.662
433.105 11124.258
433.378 11196.993
433.652 11210.640
433.925 11225.458
434.199 11300.608
434.472 11333.672
434.746 11405.005
435.019 11445.450
435.293 11473.583
435.566 11522.911
435.840 11529.297
436.119 11596.824
436.398 11630.587
436.677 11647.525
436.956 11710.890
437.235 11700.592
437.514 11694.880
437.793 11730.312
438.073 11776.791
438.352 11820.408
438.631 11865.681
438.910 11900.092
439.189 11905.267
439.468 11944.275
439.747 12009.749
440.026 12022.431
440.305 12105.357
440.584 12096.200
440.863 12169.250
441.142 12201.351
441.421 12229.560
441.700 12270.153
441.979 12321.346
442.258 12341.402
442.538 12394.543
442.817 12442.274
443.096 12460.702
443.375 12499.983
443.654 12560.604
443.933 12607.749
444.212 12670.867
444.491 12668.913
444.770 12743.894
445.049 12781.656
445.328 12860.330
445.607 12860.329
445.886 12930.437
446.165 12935.460
446.444 12995.078
446.723 13049.042
447.003 13059.837
447.282 13080.523
447.561 13131.733
447.840 13194.444
448.119 13230.208
448.398 13267.032
448.677 13363.425
448.956 13359.096
449.235 13403.948
449.514 13484.513
449.793 13538.888
450.072 13624.590
450.351 13648.911
450.630 13647.258
450.909 13683.698
451.188 13764.846
451.468 13822.363
451.747 13844.405
452.026 13869.525
452.305 13964.534
452.584 13988.813
452.863 14058.900
453.142 14036.468
453.421 14093.547
453.700 14203.828
453.979 14246.641
454.258 14314.239
454.537 14377.253
454.816 14449.747
455.095 14476.385
455.374 14515.319
455.653 14592.960
455.933 14613.911
456.212 14673.123
456.491 14757.398
456.770 14809.812
457.049 14873.402
457.328 14919.780
457.607 15009.212
457.886 15087.391
458.165 15099.634
458.444 15177.078
458.723 15249.940
459.002 15327.792
459.281 15381.869
459.560 15474.758
459.839 15527.658
460.119 15632.380
460.398 15703.526
460.677 15763.012
460.956 15849.320
461.235 15902.797
461.514 15981.528
461.793 16072.455
462.072 16190.310
462.351 16242.788
462.630 16326.814
462.909 16417.444
463.188 16521.313
463.467 16630.274
463.746 16722.770
464.025 16786.945
464.304 16888.364
464.584 16953.413
464.863 17038.308
465.142 17175.681
465.421 17294.575
465.700 17399.922
465.979 17471.220
466.258 17551.228
466.537 17679.678
466.816 17734.122
467.095 17865.380
467.374 17986.879
467.653 18073.063
467.932 18156.072
468.211 18265.916
468.490 18384.299
468.769 18495.914
469.049 18625.539
469.328 18709.912
469.607 18852.912
469.886 18952.911
470.165 19042.910
470.444 19192.101
470.723 19319.547
471.002 19405.123
471.281 19492.399
471.560 19612.518
471.839 19729.364
472.118 19861.489
472.397 19954.768
472.676 20125.404
472.955 20246.380
473.234 20354.025
473.514 20440.544
473.793 20578.528
474.072 20672.607
474.351 20795.053
474.630 20930.199
474.909 21050.451
475.188 21103.029
475.467 21230.663
475.746 21350.450
476.025 21452.224
476.304 21602.533
476.583 21738.711
476.862 21822.699
477.141 21940.764
477.420 22107.248
477.699 22144.784
477.979 22252.183
478.258 22367.335
478.537 22489.113
478.816 22609.113
479.095 22722.673
479.374 22880.661
479.653 22942.206
479.932 23006.051
480.211 23168.949
480.490 23275.418
480.769 23380.040
481.048 23481.777
481.327 23597.598
481.606 23719.334
481.885 23866.192
482.165 23920.077
482.444 24034.102
482.723 24172.246
483.002 24243.896
483.281 24391.125
483.560 24456.206
483.839 24575.307
484.118 24704.338
484.397 24798.200
484.676 24883.316
484.955 24979.049
485.234 25135.276
485.513 25214.442
485.792 25350.900
486.071 25357.075
486.350 25535.273
486.630 25574.700
486.909 25712.952
487.188 25791.131
487.467 25916.693
487.746 25943.894
488.025 26072.466
488.304 26149.074
488.583 26250.627
488.862 26316.292
489.141 26475.004
489.420 26558.276
489.699 26640.343
489.978 26751.393
490.257 26859.639
490.536 26893.878
490.815 27044.128
491.095 27075.897
491.374 27229.030
491.653 27286.727
491.932 27443.372
492.211 27543.430
492.490 27606.179
492.769 27662.760
493.048 27772.287
493.327 27889.858
493.606 27996.778
493.885 28047.649
494.164 28178.879
494.443 28260.748
494.722 28356.179
495.001 28431.444
495.280 28562.712
495.560 28619.649
495.839 28723.794
496.118 28764.714
496.397 28882.776
496.676 28992.772
496.955 29029.032
497.234 29182.103
497.513 29293.884
497.792 29353.950
498.071 29452.541
498.350 29519.944
498.629 29636.643
498.908 29734.228
499.187 29787.761
499.466 29939.518
499.745 29961.628
500.025 30076.277
500.304 30110.370
500.583 30189.576
500.862 30342.212
501.141 30452.986
501.420 30460.578
501.699 30509.360
501.978 30686.303
502.257 30680.576
502.536 30821.382
502.815 30904.042
503.094 31006.878
503.373 31037.180
503.652 31128.088
503.931 31262.696
504.211 31344.281
504.490 31395.952
504.769 31402.635
505.048 31513.999
505.327 31563.693
505.606 31663.757
505.885 31756.910
506.164 31824.999
506.443 31866.529
506.722 31970.262
507.001 32003.870
507.280 32066.050
507.559 32142.793
507.838 32258.744
508.117 32306.850
508.396 32423.967
508.676 32514.657
508.955 32478.268
509.234 32576.785
509.513 32673.628
509.792 32703.371
510.071 32731.062
510.350 32795.467
510.629 32866.308
510.908 32889.008
511.187 32986.443
511.466 33054.079
511.745 33132.082
512.024 33257.474
512.303 33238.258
512.582 33271.756
512.861 33343.330
513.141 33372.600
513.420 33462.015
513.699 33424.999
513.978 33549.107
514.257 33589.798
514.536 33628.571
514.815 33690.749
515.094 33746.986
515.373 33758.595
515.652 33785.264
515.931 33871.998
516.210 33911.322
516.489 33951.716
516.768 33993.769
517.047 34084.677
517.326 34064.439
517.606 34109.105
517.885 34166.428
518.164 34209.869
518.443 34263.855
518.722 34340.668
519.001 34388.319
519.280 34414.128
519.559 34495.333
519.838 34520.345
520.117 34644.223
520.396 34583.334
520.675 34689.208
520.954 34701.509
521.233 34708.898
521.512 34795.672
521.791 34848.297
522.071 34860.218
522.350 34980.372
522.629 34957.198
522.908 34989.143
523.187 35106.892
523.466 35123.063
523.745 35206.678
524.024 35218.768
524.303 35238.711
524.582 35259.325
524.861 35385.172
525.140 35448.978
525.419 35494.008
525.698 35474.935
525.977 35531.678
526.257 35556.885
526.536 35627.360
526.815 35676.239
527.094 35679.398
527.373 35728.392
527.652 35790.811
527.931 35821.370
528.210 35906.758
528.489 35923.907
528.768 36001.631
529.047 36033.857
529.326 36045.231
529.605 36108.634
529.884 36099.069
530.163 36203.329
530.442 36236.472
530.722 36239.085
531.001 36320.750
531.280 36368.696
531.559 36352.278
531.838 36358.893
532.117 36453.839
532.396 36517.225
532.675 36511.064
532.954 36567.365
533.233 36632.295
533.512 36643.995
533.791 36673.323
534.070 36710.218
534.349 36790.237
534.628 36794.222
534.907 36845.211
535.187 36914.405
535.466 36987.377
535.745 36962.708
536.024 36939.937
536.303 37005.406
536.582 37047.235
536.861 37102.465
537.140 37126.251
537.419 37150.179
537.698 37245.885
537.977 37200.845
538.256 37249.700
538.535 37241.111
538.814 37336.851
539.093 37304.376
539.372 37315.183
539.652 37407.739
539.931 37387.623
540.210 37488.174
540.489 37500.649
540.768 37494.890
541.047 37543.395
541.326 37590.071
541.605 37571.251
541.884 37578.530
542.163 37646.118
542.442 37647.759
542.721 37677.908
543.000 37694.284
543.279 37697.173
543.558 37737.635
543.837 37740.274
544.117 37759.327
544.396 37814.166
544.675 37764.151
544.954 37815.130
545.233 37863.306
545.512 37861.371
545.791 37841.060
546.070 37849.763
546.351 37847.828
546.632 37874.906
546.912 37842.023
547.193 37880.591
547.474 37867.037
547.755 37894.039
548.036 37794.828
548.317 37895.108
548.597 37911.564
548.878 37891.339
549.159 37892.305
549.440 37898.976
549.721 37873.927
550.001 37896.170
550.282 37855.550
550.563 37854.722
550.844 37887.571
551.125 37910.672
551.406 37890.573
551.686 37945.539
551.967 37914.785
552.248 37904.269
552.529 37931.176
552.810 37952.390
553.090 37879.333
553.371 37917.752
553.652 37913.980
553.933 37870.668
554.214 37849.782
554.495 37887.245
554.775 37883.401
555.056 37882.439
555.337 37895.887
555.618 37883.398
555.899 37912.215
556.179 37892.041
556.460 37909.244
556.741 37957.279
557.022 37880.510
557.303 37883.279
557.584 37901.358
557.864 37930.191
558.145 37836.651
558.426 37927.085
558.707 37942.502
558.988 37938.510
559.268 37922.020
559.549 37963.620
559.830 37850.923
560.111 37850.486
560.392 37884.260
560.673 37910.213
560.953 37960.232
561.234 38035.172
561.515 37993.663
561.796 37931.347
562.077 37858.010
562.357 37824.816
562.638 37858.014
562.919 37833.753
563.200 37938.401
563.481 37962.397
563.762 37970.436
564.042 37914.153
564.323 37799.780
564.604 37797.568
564.885 37816.478
565.166 37813.082
565.446 37798.765
565.727 37865.227
566.008 37841.144
566.289 37797.753
566.570 37746.799
566.851 37803.805
567.131 37721.621
567.412 37727.936
567.693 37700.368
567.974 37669.915
568.255 37625.441
568.535 37604.376
568.816 37607.778
569.097 37680.282
569.378 37561.683
569.659 37528.143
569.940 37515.102
570.220 37532.152
570.501 37614.628
570.782 37502.060
571.063 37446.445
571.344 37425.829
571.624 37423.397
571.905 37372.667
572.186 37369.656
572.467 37354.966
572.748 37374.417
573.029 37347.630
573.309 37381.834
573.590 37373.153
573.871 37318.451
574.152 37264.124
574.433 37247.020
574.713 37245.500
574.994 37155.468
575.275 37179.974
575.556 37016.632
575.837 37104.366
576.118 37082.188
576.398 37041.906
576.679 37025.759
576.960 36965.178
577.252 36963.157
577.543 36941.943
577.835 36923.760
578.127 36893.456
578.418 36835.879
578.710 36782.122
579.002 36695.472
579.293 36584.360
579.585 36659.752
579.877 36665.496
580.168 36635.038
580.460 36561.495
580.752 36542.736
581.043 36514.775
581.335 36476.562
581.627 36369.527
581.918 36400.312
582.210 36371.681
582.502 36277.610
582.793 36253.847
583.085 36215.092
583.376 36120.635
583.668 36133.502
583.960 36101.647
584.251 36089.354
584.543 36039.807
584.835 35944.666
585.126 35912.426
585.418 35900.923
585.710 35845.782
586.001 35764.784
586.293 35661.275
586.585 35686.636
586.876 35608.020
587.168 35529.730
587.460 35513.592
587.751 35416.208
588.043 35387.700
588.335 35357.643
588.626 35268.356
588.918 35230.782
589.210 35176.287
589.501 35127.999
589.793 35072.225
590.085 35100.918
590.376 34978.295
590.668 34962.358
590.960 34901.871
591.251 34870.980
591.543 34760.575
591.835 34729.213
592.126 34685.260
592.418 34588.974
592.710 34569.324
593.001 34476.982
593.293 34460.378
593.585 34380.163
593.876 34345.937
594.168 34290.631
594.460 34207.340
594.751 34149.461
595.043 34042.324
595.334 33981.163
595.626 33928.510
595.918 33836.135
596.209 33843.316
596.501 33740.257
596.793 33712.756
597.084 33581.114
597.376 33494.548
597.668 33473.018
597.959 33412.103
598.251 33325.544
598.543 33249.116
598.834 33135.944
599.126 33093.032
599.418 33080.113
599.709 33058.646
600.001 32931.563
600.293 32868.988
600.584 32832.349
600.876 32717.045
601.168 32686.872
601.459 32547.861
601.751 32505.301
602.043 32423.315
602.334 32399.581
602.626 32284.618
602.918 32245.052
603.209 32165.309
603.501 32186.859
603.793 32058.688
604.084 31955.224
604.376 31850.969
604.668 31813.333
604.959 31735.912
605.251 31630.931
605.543 31571.393
605.834 31520.295
606.126 31474.616
606.418 31428.992
606.709 31307.615
607.001 31196.769
607.292 31154.014
607.584 31085.269
607.876 31057.341
608.167 30903.947
608.459 30871.654
608.751 30679.208
609.042 30681.347
609.334 30711.324
609.626 30610.027
609.917 30516.941
610.209 30435.830
610.501 30397.408
610.792 30371.396
611.084 30297.517
611.376 30239.497
611.667 30126.581
611.959 30059.644
612.251 29958.188
612.542 29855.269
612.834 29831.614
613.126 29719.581
613.417 29665.304
613.709 29567.796
614.001 29551.555
614.292 29401.597
614.584 29390.103
614.876 29375.613
615.167 29235.349
615.459 29198.932
615.751 29107.202
616.042 29081.834
616.334 28982.306
616.626 28902.438
616.917 28858.903
617.209 28782.081
617.501 28732.281
617.792 28688.385
618.084 28664.698
618.376 28609.746
618.667 28548.268
618.959 28453.979
619.250 28442.383
619.542 28401.095
619.834 28297.402
620.125 28268.984
620.417 28205.538
620.709 28161.006
621.000 28126.155
621.292 28017.714
621.584 27991.608
621.875 27921.076
622.167 27857.306
622.459 27789.672
622.750 27666.321
623.042 27642.809
623.334 27602.228
623.625 27567.025
623.917 27462.128
624.209 27405.513
624.500 27357.156
624.792 27307.459
625.084 27252.225
625.375 27168.084
625.667 27113.877
625.959 27070.186
626.250 27005.141
626.542 26931.214
626.834 26875.645
627.125 26827.595
627.417 26745.643
627.709 26667.920
628.000 26611.223
628.292 26556.591
628.584 26537.527
628.875 26485.060
629.167 26449.189
629.459 26371.331
629.750 26340.818
630.042 26256.423
630.334 26172.678
630.625 26117.852
630.917 26119.074
631.208 25997.290
631.500 25926.992
631.792 25910.795
632.083 25825.307
632.375 25807.029
632.667 25747.760
632.958 25681.254
633.250 25631.884
633.542 25582.999
633.833 25530.903
634.125 25423.790
634.417 25400.046
634.708 25390.761
635.000 25301.255
635.292 25231.790
635.583 25212.577
635.875 25183.439
636.167 25095.188
636.458 25094.271
636.750 25055.734
637.042 24930.885
637.333 24936.977
637.625 24881.109
637.917 24802.817
638.208 24769.377
638.500 24730.647
638.792 24665.238
639.083 24658.033
639.375 24609.037
639.667 24546.552
639.958 24517.215
640.250 24437.343
640.542 24432.219
640.833 24372.562
641.125 24340.217
641.417 24337.018
641.708 24289.568
642.000 24257.037
642.292 24226.906
642.583 24182.942
642.875 24141.174
643.166 24121.112
643.458 24132.028
643.750 24099.252
644.041 24100.916
644.333 24080.359
644.625 24071.996
644.916 24071.862
645.208 24024.044
645.500 23989.158
645.791 24025.854
646.083 23963.534
646.375 23904.008
646.666 23914.080
646.958 23921.405
647.250 23877.447
647.541 23880.083
647.833 23861.876
648.125 23817.584
648.416 23803.821
648.708 23794.268
649.000 23770.369
649.291 23721.398
649.583 23734.031
649.875 23715.089
650.166 23725.905
650.458 23687.468
650.750 23669.584
651.041 23668.350
651.333 23626.643
651.625 23617.591
651.916 23623.390
652.208 23591.931
652.500 23577.950
652.791 23563.155
653.083 23487.068
653.375 23473.024
653.666 23497.786
653.958 23490.283
654.250 23476.670
654.541 23453.642
654.833 23408.953
655.124 23379.686
655.416 23360.340
655.708 23353.888
655.999 23358.603
656.291 23346.664
656.583 23324.306
656.874 23330.600
657.166 23281.356
657.458 23303.710
657.749 23269.553
658.041 23239.418
658.333 23272.222
658.624 23232.479
658.916 23243.906
659.208 23218.398
659.499 23228.147
659.791 23152.763
660.083 23154.818
660.374 23156.876
660.666 23163.723
660.958 23136.100
661.249 23120.657
661.541 23104.587
661.833 23094.998
662.124 23098.061
662.416 23076.038
662.708 23062.635
662.999 23040.496
663.291 23038.607
663.583 23049.297
663.874 23044.469
664.166 23039.679
664.458 23001.998
664.749 23006.832
665.041 23022.347
665.333 22945.848
665.624 22996.177
665.916 22972.897
666.208 22955.393
666.499 22958.263
666.791 22929.943
667.082 22886.345
667.374 22865.674
667.666 22859.830
667.957 22844.921
668.249 22826.382
668.541 22875.773
668.832 22838.747
669.124 22820.974
669.416 22845.131
669.707 22810.630
669.999 22770.393
670.291 22781.953
670.582 22796.286
670.874 22753.719
671.166 22764.554
671.457 22748.293
671.749 22702.881
672.041 22662.072
672.332 22651.200
672.624 22662.389
672.916 22665.357
673.207 22630.961
673.499 22673.294
673.791 22636.188
674.082 22596.424
674.374 22542.830
674.666 22561.752
674.957 22580.835
675.249 22564.865
675.541 22547.897
675.832 22536.455
676.124 22525.515
676.416 22497.983
676.707 22453.893
676.999 22426.837
677.291 22440.744
677.582 22417.650
677.874 22408.017
678.166 22402.390
678.457 22425.376
678.749 22380.011
679.040 22324.893
679.332 22348.452
679.624 22347.791
679.915 22322.837
680.207 22278.583
680.499 22253.251
680.790 22268.992
681.082 22260.868
681.374 22211.334
681.665 22161.700
681.957 22130.162
682.249 22134.366
682.540 22122.268
682.832 22085.482
683.124 22097.999
683.415 22062.246
683.707 22073.630
683.999 22055.204
684.290 22031.693
684.582 22025.544
684.874 21968.132
685.165 21960.990
685.457 21905.466
685.749 21908.544
686.040 21863.227
686.332 21848.992
686.624 21868.226
686.915 21808.750
687.207 21753.771
687.499 21741.677
687.790 21757.387
688.082 21728.489
688.374 21687.207
688.665 21693.397
688.957 21632.507
689.249 21613.929
689.540 21605.671
689.832 21557.165
690.124 21508.152
690.415 21514.348
690.707 21491.093
690.998 21425.500
691.290 21424.904
691.582 21373.196
691.873 21299.770
692.165 21322.519
692.457 21279.372
692.748 21272.876
693.040 21248.569
693.332 21198.620
693.623 21217.477
693.915 21155.298
694.207 21123.299
694.498 21078.528
694.790 21052.701
695.082 21053.791
695.373 20995.697
695.665 20982.209
695.957 20875.490
696.248 20877.560
696.540 20878.468
696.836 20812.270
697.133 20760.206
697.429 20715.893
697.725 20698.998
698.021 20667.184
698.318 20638.828
698.614 20578.933
698.910 20567.695
699.207 20537.084
699.503 20493.604
699.799 20455.862
700.095 20375.198
700.392 20364.855
700.688 20315.214
700.984 20277.410
701.281 20247.480
701.577 20192.981
701.873 20181.803
702.169 20159.753
702.466 20074.096
702.762 20020.409
703.058 19960.612
703.355 19945.203
703.651 19937.991
703.947 19902.045
704.243 19842.533
704.540 19811.892
704.836 19755.170
705.132 19706.439
705.428 19688.682
705.725 19652.075
706.021 19556.572
706.317 19544.845
706.614 19542.325
706.910 19484.422
707.206 19425.114
707.502 19406.707
707.799 19330.018
708.095 19269.138
708.391 19204.850
708.688 19187.309
708.984 19140.416
709.280 19109.609
709.576 19041.490
709.873 18988.558
710.169 18941.808
710.465 18891.103
710.762 18844.400
711.058 18760.620
711.354 18750.232
711.650 18707.213
711.947 18649.519
712.243 18584.568
712.539 18508.808
712.836 18498.201
713.132 18449.309
713.428 18425.113
713.724 18346.482
714.021 18349.152
714.317 18256.501
714.613 18182.616
714.910 18148.294
715.206 18113.037
715.502 18057.927
715.798 17980.674
716.095 17945.527
716.391 17851.540
716.687 17830.516
716.984 17791.475
717.280 17711.392
717.576 17688.679
717.872 17644.320
718.169 17603.674
718.465 17545.671
718.761 17530.669
719.058 17440.666
719.354 17367.297
719.650 17346.007
719.946 17328.659
720.243 17274.205
720.539 17185.654
720.835 17120.772
721.131 17083.649
721.428 17048.695
721.724 17017.679
722.020 16956.598
722.317 16901.541
722.613 16853.343
722.909 16824.458
723.205 16777.186
723.502 16733.629
723.798 16687.314
724.094 16633.624
724.391 16627.621
724.687 16570.049
724.983 16527.561
725.279 16467.743
725.576 16420.350
725.872 16360.168
726.168 16300.404
726.465 16272.242
726.761 16219.285
727.057 16168.419
727.353 16091.861
727.650 16079.040
727.946 16033.357
728.242 16001.575
728.539 15931.136
728.835 15905.434
729.131 15837.208
729.427 15751.313
729.724 15709.768
730.020 15637.917
730.316 15604.318
730.613 15573.683
730.909 15507.977
731.205 15463.536
731.501 15329.940
731.798 15349.661
732.094 15308.543
732.390 15238.732
732.687 15195.807
732.983 15133.412
733.279 15075.338
733.575 15024.154
733.872 14966.081
734.168 14939.503
734.464 14880.446
734.761 14807.986
735.057 14748.798
735.353 14694.715
735.649 14656.026
735.946 14571.237
736.242 14514.737
736.538 14486.752
736.835 14443.528
737.131 14369.744
737.427 14281.868
737.723 14249.513
738.020 14212.672
738.316 14131.731
738.612 14096.469
738.909 14073.032
739.205 13982.850
739.501 13937.732
739.797 13877.186
740.094 13804.967
740.390 13754.871
740.686 13696.457
740.982 13650.169
741.279 13572.307
741.575 13527.392
741.871 13475.993
742.168 13419.649
742.464 13395.161
742.760 13324.639
743.056 13306.627
743.353 13238.164
743.649 13165.145
743.945 13120.162
744.242 13111.436
744.538 13048.613
744.834 12975.918
745.130 12939.522
745.427 12899.244
745.723 12815.745
746.019 12782.129
746.316 12708.380
746.612 12708.090
746.908 12623.442
747.204 12558.912
747.501 12509.764
747.797 12467.921
748.093 12461.938
748.390 12389.943
748.686 12331.095
748.982 12272.580
749.278 12249.401
749.575 12179.240
749.871 12174.641
750.167 12114.242
750.464 12041.013
750.760 11991.456
751.056 11925.125
751.352 11885.405
751.649 11840.487
751.945 11809.699
752.241 11733.961
752.538 11694.500
752.834 11609.312
753.130 11570.503
753.426 11543.721
753.723 11490.388
754.019 11437.472
754.315 11384.574
754.611 11371.341
754.908 11289.049
755.204 11265.335
755.500 11218.332
755.797 11184.883
756.093 11095.326
756.389 11052.427
756.685 11005.330
756.982 10947.158
757.278 10883.965
757.574 10863.766
757.871 10833.642
758.167 10769.382
758.463 10690.372
758.759 10638.213
759.056 10600.698
759.352 10525.394
759.648 10498.282
759.945 10434.022
760.241 10399.681
760.537 10375.911
760.833 10290.017
761.130 10243.736
761.426 10216.352
761.722 10146.144
762.019 10109.138
762.315 10052.577
762.611 9988.175
762.907 9920.700
763.204 9896.319
763.500 9862.878
763.802 9800.248
764.104 9748.476
764.406 9722.183
764.708 9686.156
765.010 9618.031
765.312 9604.083
765.615 9536.667
765.917 9472.843
766.219 9417.227
766.521 9370.665
766.823 9344.346
767.125 9287.954
767.427 9248.689
767.729 9194.116
768.031 9158.580
768.333 9109.957
768.635 9082.431
768.937 9033.765
769.239 8983.915
769.542 8931.082
769.844 8891.445
770.146 8823.352
770.448 8792.650
770.750 8741.519
771.052 8678.707
771.354 8669.893
771.656 8602.403
771.958 8553.679
772.260 8530.230
772.562 8464.987
772.864 8424.209
773.166 8386.257
773.468 8366.846
773.771 8313.026
774.073 8256.261
774.375 8203.612
774.677 8177.024
774.979 8116.693
775.281 8069.584
775.583 8033.933
775.885 7993.977
776.187 7965.243
776.489 7917.120
776.791 7869.852
777.093 7847.127
777.395 7792.709
777.698 7753.438
778.000 7678.409
778.302 7655.441
778.604 7627.923
778.906 7577.839
779.208 7533.070
779.510 7482.551
779.812 7475.822
780.114 7406.256
780.416 7369.520
780.718 7304.187
781.020 7277.665
781.322 7244.891
781.625 7194.468
781.927 7145.560
782.229 7134.482
782.531 7098.284
782.833 7048.692
783.135 7017.615
783.437 6965.905
783.739 6911.944
784.041 6883.841
784.343 6830.933
784.645 6785.286
784.947 6754.945
785.249 6722.462
785.552 6670.839
785.854 6622.525
786.156 6597.495
786.458 6546.494
786.760 6498.944
787.062 6462.251
787.364 6442.795
787.666 6421.032
787.968 6361.700
788.270 6314.317
788.572 6273.174
788.874 6209.487
789.176 6204.409
789.478 6171.050
789.781 6141.441
790.083 6108.806
790.385 6069.314
790.687 6026.706
790.989 5964.642
791.291 5953.795
791.593 5933.476
791.895 5884.870
792.197 5849.705
792.499 5818.195
792.801 5780.793
793.103 5717.719
793.405 5686.599
793.708 5651.188
794.010 5634.409
794.312 5593.040
794.614 5540.401
794.916 5534.570
795.218 5500.945
795.520 5438.642
795.822 5419.194
796.124 5394.355
796.426 5357.538
796.728 5318.380
797.030 5293.417
797.332 5253.806
797.635 5223.825
797.937 5179.657
798.239 5155.142
798.541 5115.143
798.843 5091.790
799.145 5037.449
799.447 5008.161
799.749 4968.607
800.051 4939.717
800.353 4905.614
800.655 4860.639
800.957 4822.673
801.259 4787.872
801.562 4756.476
801.864 4727.258
802.166 4704.295
802.468 4686.527
802.770 4632.171
803.072 4612.196
803.374 4587.179
803.676 4556.458
803.978 4515.446
804.280 4482.634
804.582 4465.024
804.884 4417.434
805.186 4380.522
805.488 4350.406
805.791 4341.071
806.093 4294.979
806.395 4278.793
806.697 4245.531
806.999 4220.313
807.301 4197.961
807.603 4165.413
807.905 4141.183
808.207 4126.445
808.509 4084.036
808.811 4046.685
809.113 4028.984
809.415 3982.150
809.718 3964.757
810.020 3932.649
810.322 3903.771
810.624 3885.467
810.926 3869.133
811.228 3829.807
811.530 3789.668
811.834 3779.279
812.139 3758.566
812.443 3740.061
812.748 3709.165
813.052 3684.889
813.357 3662.501
813.661 3643.681
813.966 3615.337
814.270 3574.224
814.574 3556.902
814.879 3543.104
815.183 3521.092
815.488 3488.211
815.792 3454.008
816.097 3430.650
816.401 3407.422
816.706 3385.189
817.010 3375.095
817.314 3355.129
817.619 3334.530
817.923 3311.395
818.228 3281.121
818.532 3263.858
818.837 3235.615
819.141 3228.245
819.445 3193.320
819.750 3179.241
820.054 3152.331
820.359 3132.528
820.663 3114.481
820.968 3094.713
821.272 3067.053
821.577 3047.086
821.881 3015.728
822.185 3013.861
822.490 2990.002
822.794 2965.221
823.099 2934.650
823.403 2919.147
823.708 2899.240
824.012 2889.473
824.317 2852.148
824.621 2833.005
824.925 2834.598
825.230 2808.707
825.534 2783.982
825.839 2773.006
826.143 2743.005
826.448 2740.581
826.752 2704.003
827.057 2692.524
827.361 2688.658
827.665 2664.841
827.970 2658.067
828.274 2615.137
828.579 2611.099
828.883 2591.677
829.188 2580.586
829.492 2553.474
829.796 2538.940
830.101 2528.259
830.405 2517.030
830.710 2484.200
831.014 2467.512
831.319 2459.046
831.623 2433.450
831.928 2417.948
832.232 2412.020
832.536 2401.950
832.841 2381.551
833.145 2372.383
833.450 2350.604
833.754 2331.694
834.059 2318.393
834.363 2311.720
834.668 2288.627
834.972 2287.195
835.276 2257.358
835.581 2227.690
835.885 2233.185
836.190 2219.954
836.494 2193.633
836.799 2201.529
837.103 2186.281
837.407 2172.574
837.712 2157.439
838.016 2144.464
838.321 2116.971
838.625 2118.353
838.930 2092.871
839.234 2090.058
839.539 2091.085
839.843 2067.553
840.147 2055.183
840.452 2032.447
840.756 2025.199
841.061 2017.955
841.365 2008.584
841.670 1989.777
841.974 1984.542
842.279 1976.093
842.583 1955.007
842.887 1959.165
843.192 1941.079
843.496 1920.927
843.801 1911.032
844.105 1902.326
844.410 1889.437
844.714 1891.214
845.019 1873.710
845.323 1861.469
845.627 1855.622
845.932 1845.240
846.236 1822.990
846.541 1814.367
846.845 1814.236
847.150 1803.465
847.454 1790.378
847.758 1803.492
848.063 1774.799
848.367 1771.010
848.672 1763.699
848.976 1768.564
849.281 1739.590
849.585 1734.126
849.890 1728.412
850.194 1717.487
850.498 1705.703
850.803 1694.688
851.107 1682.418
851.412 1680.532
851.716 1681.259
852.021 1666.344
852.325 1656.804
852.630 1630.905
852.934 1628.320
853.238 1623.042
853.543 1639.076
853.847 1606.358
854.152 1617.134
854.456 1597.311
854.761 1585.480
855.065 1572.543
855.370 1568.250
855.674 1551.255
855.978 1571.409
856.283 1555.287
856.587 1545.029
856.892 1536.840
857.196 1529.559
857.501 1520.295
857.805 1506.869
858.109 1505.238
858.414 1487.843
858.718 1486.303
859.023 1487.983
859.327 1473.494
859.632 1465.485
859.936 1448.220
860.241 1445.589
860.545 1438.283
860.849 1442.550
861.154 1436.889
861.458 1442.670
861.763 1430.998
862.067 1419.165
862.372 1415.963
862.676 1411.170
862.981 1405.107
863.285 1406.044
863.589 1390.022
863.894 1390.275
864.198 1381.155
864.503 1385.182
864.807 1377.314
865.112 1371.173
865.416 1382.118
865.721 1367.793
866.025 1356.218
866.329 1371.314
866.634 1360.061
866.938 1364.861
867.243 1341.413
867.547 1335.265
867.852 1336.788
868.156 1335.550
868.460 1325.183
868.765 1325.518
869.069 1331.274
869.374 1322.807
869.678 1309.816
869.983 1317.108
870.287 1311.115
870.592 1321.618
870.896 1315.332
871.200 1306.309
871.505 1308.664
871.809 1290.068
872.114 1293.669
872.418 1288.634
872.723 1283.484
873.027 1289.144
873.332 1292.107
873.636 1295.445
873.940 1282.561
874.245 1270.186
874.549 1273.787
874.854 1276.737
875.158 1257.573
875.463 1267.942
875.767 1267.033
876.072 1271.131
876.376 1257.318
876.680 1253.925
876.985 1243.744
877.289 1255.724
877.594 1250.742
877.898 1258.661
878.203 1236.011
878.507 1234.886
878.811 1241.872
879.116 1235.301
879.420 1236.631
879.725 1221.690
880.029 1224.311
880.334 1216.435
880.638 1208.641
880.943 1214.804
881.247 1213.175
881.551 1213.884
881.856 1219.927
882.160 1194.798
882.465 1196.057
882.769 1196.425
883.074 1196.776
883.378 1193.867
883.683 1191.136
883.987 1181.304
884.291 1188.399
884.596 1190.037
884.900 1194.190
885.205 1195.647
885.509 1192.358
885.814 1202.717
886.118 1206.904
886.423 1207.431
886.727 1199.613
887.031 1212.346
887.336 1222.754
887.640 1215.259
887.945 1222.236
888.249 1222.736
888.554 1227.703
888.858 1222.724
889.162 1226.984
889.467 1234.720
889.771 1240.208
890.076 1247.302
890.380 1241.333
890.685 1257.589
890.989 1248.653
891.294 1243.840
891.598 1248.179
891.902 1232.348
892.207 1242.434
892.511 1249.767
892.816 1238.052
893.120 1248.603
893.425 1256.192
893.729 1246.524
894.034 1243.288
894.338 1251.569
894.642 1249.259
894.947 1249.945
895.251 1243.013
895.556 1253.397
895.860 1245.299
896.165 1246.218
896.469 1246.439
896.774 1250.830
897.078 1251.289
897.382 1247.804
897.687 1248.956
897.991 1259.404
898.296 1241.964
898.600 1249.399
898.905 1252.418
899.209 1253.579
899.513 1231.205
899.818 1249.138
900.122 1258.942
900.427 1247.258
900.731 1241.880
901.036 1250.277
901.340 1248.164
901.645 1240.441
901.949 1246.508
902.253 1250.250
902.558 1249.774
902.862 1237.338
903.167 1252.111
903.471 1239.649
903.776 1243.148
904.080 1241.970
904.385 1244.788
904.689 1246.186
904.993 1237.192
905.298 1241.911
905.602 1242.592
905.907 1243.532
906.211 1236.442
906.516 1240.447
906.820 1234.700
907.125 1238.764
907.429 1223.066
907.733 1235.628
908.038 1232.482
908.342 1232.474
908.647 1225.579
908.951 1228.211
909.256 1239.353
909.560 1229.804
909.864 1233.550
910.169 1227.360
910.473 1219.915
910.778 1226.082
911.082 1218.734
911.387 1214.356
911.691 1224.141
911.996 1224.564
912.300 1227.657
912.609 1216.528
912.918 1217.693
913.227 1211.695
913.537 1219.606
913.846 1214.570
914.155 1216.359
914.464 1219.465
914.773 1220.311
915.082 1218.147
915.391 1206.689
915.700 1205.710
916.010 1208.253
916.319 1219.941
916.628 1204.937
916.937 1219.592
917.246 1202.186
917.555 1196.116
917.864 1201.586
918.174 1207.460
918.483 1198.434
918.792 1199.993
919.101 1206.284
919.410 1197.418
919.719 1197.994
920.028 1197.986
920.337 1195.595
920.647 1201.727
920.956 1195.362
921.265 1189.014
921.574 1199.520
921.883 1191.551
922.192 1194.916
922.501 1194.104
922.811 1190.483
923.120 1186.849
923.429 1184.018
923.738 1186.831
924.047 1184.556
924.356 1183.542
924.665 1190.143
924.974 1190.326
925.284 1192.727
925.593 1186.645
925.902 1202.034
926.211 1185.731
926.520 1187.122
926.829 1184.052
927.138 1170.104
927.448 1182.739
927.757 1174.043
928.066 1175.909
928.375 1183.652
928.684 1178.862
928.993 1173.873
929.302 1179.399
929.611 1180.987
929.921 1161.752
930.230 1159.659
930.539 1169.378
930.848 1162.400
931.157 1170.069
931.466 1164.980
931.775 1165.846
932.085 1150.392
932.394 1156.206
932.703 1163.130
933.012 1165.076
933.321 1149.872
933.630 1148.336
933.939 1143.977
934.248 1157.773
934.558 1145.089
934.867 1163.441
935.176 1165.103
935.485 1160.500
935.794 1180.148
936.103 1154.863
936.412 1165.581
936.721 1177.766
937.031 1179.572
937.340 1178.866
937.649 1181.313
937.958 1191.676
938.267 1188.986
938.576 1208.906
938.885 1206.093
939.195 1211.440
939.504 1213.793
939.813 1218.855
940.122 1237.134
940.431 1232.865
940.740 1235.478
941.049 1224.672
941.359 1225.481
941.668 1243.759
941.977 1244.063
942.286 1238.166
942.595 1221.905
942.904 1227.773
943.213 1236.153
943.522 1226.941
943.832 1229.416
944.141 1236.458
944.450 1241.596
944.759 1217.198
945.068 1227.202
945.377 1218.190
945.686 1214.928
945.995 1230.008
946.305 1200.255
946.614 1199.660
946.923 1194.733
947.232 1191.338
947.541 1206.175
947.850 1170.998
948.159 1170.500
948.469 1159.249
948.778 1168.802
949.087 1163.927
949.396 1143.782
949.705 1150.972
950.014 1136.200
950.323 1140.083
950.632 1114.175
950.942 1130.797
951.251 1127.286
951.560 1120.730
951.869 1095.323
952.178 1085.577
952.487 1096.511
952.796 1088.271
953.106 1074.996
953.415 1073.079
953.724 1065.330
954.033 1076.226
954.342 1070.557
954.651 1050.663
954.960 1050.343
955.269 1037.736
955.579 1040.073
955.888 1037.351
956.197 1025.342
956.506 1015.779
956.815 1001.659
957.124 1013.247
957.433 986.615
957.743 991.296
958.052 985.586
958.361 993.586
958.670 978.880
958.979 963.344
959.288 970.099
959.597 945.848
959.906 960.428
960.216 946.419
960.525 942.070
960.834 938.003
961.143 935.137
961.452 930.075
961.761 919.525
962.070 906.125
962.380 900.123
962.689 899.581
962.998 895.663
963.307 885.814
963.616 884.994
963.925 886.623
964.234 882.261
964.543 881.215
964.853 876.288
965.162 859.889
965.471 860.590
965.780 856.073
966.095 852.154
966.410 857.064
966.725 857.052
967.040 832.874
967.356 829.029
967.671 836.017
967.986 836.005
968.301 832.993
968.616 825.981
968.931 832.969
969.246 828.957
969.561 832.945
969.876 829.933
970.192 823.921
970.507 817.909
970.822 807.897
971.137 813.885
971.452 814.872
971.767 816.860
972.082 812.848
972.397 805.836
972.712 811.823
973.028 801.811
973.343 806.798
973.658 801.786
973.973 798.774
974.288 797.761
974.603 798.749
974.918 794.736
975.233 805.723
975.548 803.711
975.864 788.698
976.179 792.685
976.494 794.673
976.809 794.660
977.124 793.647
977.439 790.634
977.754 785.622
978.069 784.609
978.384 779.596
978.700 779.583
979.015 779.570
979.330 787.557
979.645 777.544
979.960 772.531
980.275 770.518
980.590 763.505
980.905 774.492
981.221 770.478
981.536 766.465
981.851 763.452
982.166 752.439
982.481 761.425
982.796 760.412
983.111 762.399
983.426 756.385
983.741 748.372
984.057 752.359
984.372 748.345
984.687 749.331
985.002 749.318
985.317 743.304
985.632 736.291
985.947 736.277
986.262 730.263
986.577 731.250
986.893 733.236
987.208 726.222
987.523 727.208
987.838 730.194
988.153 733.181
988.468 741.167
988.783 723.153
989.098 732.139
989.413 726.125
989.729 732.111
990.044 724.096
990.359 727.082
990.674 722.068
990.989 721.054
991.304 729.040
991.619 728.025
991.934 721.011
992.249 725.997
992.565 726.982
992.880 728.968
993.195 725.954
993.510 733.939
993.825 715.925
994.140 728.910
994.455 728.895
994.770 734.881
995.085 736.866
995.401 733.851
995.716 726.837
996.031 724.822
996.346 713.807
996.661 715.792
996.976 724.777
997.291 727.762
997.606 724.748
997.921 724.733
998.237 725.718
998.552 724.702
998.867 733.687
999.182 730.672
999.497 727.657
999.812 735.642
1000.127 737.627
1000.442 747.611
1000.757 739.596
1001.073 739.581
1001.388 736.565
1001.703 748.550
1002.018 747.534
1002.333 755.519
1002.648 751.503
1002.963 771.488
1003.278 760.472
1003.593 763.456
1003.909 761.441
1004.224 766.425
1004.539 773.409
1004.854 767.393
1005.169 772.377
1005.484 779.361
1005.799 782.345
1006.114 784.329
1006.429 790.313
1006.745 789.297
1007.060 787.281
1007.375 797.265
1007.690 798.249
1008.005 797.233
1008.320 812.216
1008.635 817.200
1008.950 811.184
1009.265 817.167
1009.581 810.151
1009.896 826.134
1010.211 831.118
1010.526 831.101
1010.841 819.085
1011.156 834.068
1011.471 828.051
1011.786 836.035
1012.102 844.018
1012.417 852.001
1012.732 845.984
1013.047 838.967
1013.362 845.950
1013.677 858.933
1013.992 854.916
1014.307 858.899
1014.622 862.882
1014.938 855.865
1015.253 866.848
1015.568 860.831
1015.883 877.813
1016.198 873.796
1016.513 881.779
1016.828 886.761
1017.143 881.744
1017.458 885.726
1017.774 891.709
1018.089 907.691
1018.404 892.673
1018.719 900.656
1019.034 910.638
1019.349 918.620
1019.664 908.603
1019.979 921.585
1020.294 910.567
1020.610 915.549
1020.925 929.531
1021.240 927.513
1021.555 933.495
1021.870 942.477
1022.185 934.458
1022.500 941.440
1022.815 945.422
1023.130 950.403
1023.446 956.385
1023.761 958.367
1024.076 967.348
1024.391 976.330
1024.706 968.311
1025.021 975.293
1025.336 988.274
1025.651 980.255
1025.966 1000.236
1026.282 992.218
1026.597 997.199
1026.912 1000.180
1027.227 1011.161
1027.542 1016.142
1027.857 1012.123
1028.172 1023.104
1028.487 1035.085
1028.802 1055.066
1029.118 1043.046
1029.433 1042.027
1029.748 1044.008
1030.063 1055.988
1030.378 1052.969
1030.693 1053.949
1031.008 1070.930
1031.323 1055.910
1031.638 1059.891
1031.954 1072.871
1032.269 1064.851
1032.584 1069.832
1032.899 1079.812
1033.214 1085.792
1033.529 1083.772
1033.844 1087.752
1034.159 1082.732
1034.474 1085.712
1034.790 1093.692
1035.105 1087.671
1035.420 1106.651
1035.735 1095.631
1036.050 1098.611
1036.365 1090.590
1036.680 1097.570
1036.995 1100.549
1037.310 1100.529
1037.626 1106.508
1037.941 1102.487
1038.256 1097.467
1038.571 1100.446
1038.886 1117.425
1039.201 1108.404
1039.516 1109.383
1039.831 1117.362
1040.146 1124.341
1040.462 1128.320
1040.777 1114.299
1041.092 1113.278
1041.407 1118.256
1041.722 1128.235
1042.037 1125.214
1042.352 1120.192
1042.667 1117.171
1042.982 1119.149
1043.298 1115.128
1043.613 1112.106
1043.928 1129.084
1044.243 1119.063
1044.558 1117.041
1044.873 1119.019
1045.188 1130.997
1045.503 1111.975
1045.819 1109.953
1046.134 1107.931
1046.449 1108.909
1046.764 1109.887
1047.079 1105.864
1047.394 1101.842
1047.709 1105.820
1048.024 1104.797
1048.339 1110.775
1048.655 1107.752
1048.970 1105.729
1049.285 1091.707
1049.600 1092.684
1049.915 1106.661
1050.230 1099.638
1050.545 1090.615
1050.860 1098.592
1051.175 1093.569
1051.491 1096.546
1051.806 1092.523
1052.121 1089.500
1052.436 1076.477
1052.751 1091.453
1053.066 1082.430
1053.381 1084.406
1053.696 1083.383
1054.011 1087.359
1054.327 1085.336
1054.642 1085.312
1054.957 1076.288
1055.272 1066.264
1055.587 1076.241
1055.902 1082.217
1056.217 1064.193
1056.532 1063.168
1056.847 1059.144
1057.163 1060.120
1057.478 1067.096
1057.793 1062.072
1058.108 1049.047
1058.423 1053.023
1058.738 1043.998
1059.053 1046.974
1059.368 1060.949
1059.683 1051.924
1059.999 1049.900
1060.314 1054.875
1060.629 1054.850
1060.944 1047.825
1061.259 1049.800
1061.574 1045.775
1061.889 1034.750
1062.204 1043.724
1062.519 1050.699
1062.835 1050.674
1063.150 1045.648
1063.465 1033.623
1063.780 1037.597
1064.095 1042.572
1064.410 1036.546
1064.725 1026.520
1065.040 1035.494
1065.355 1031.468
1065.671 1034.442
1065.986 1027.416
1066.301 1027.390
1066.616 1027.364
1066.931 1025.338
1067.246 1019.312
1067.561 1012.285
1067.876 1019.259
1068.191 1019.232
1068.507 1017.206
1068.822 1025.179
1069.137 1018.152
1069.452 1019.126
1069.767 1019.099
1070.082 1020.072
1070.397 1015.045
1070.712 1025.018
1071.027 1009.991
1071.343 1002.964
1071.658 1010.936
1071.973 1012.909
1072.288 1002.882
1072.603 1006.854
1072.918 1003.827
1073.233 1004.799
1073.548 1001.771
1073.863 998.743
1074.179 1006.716
1074.494 1003.688
1074.809 994.660
1075.124 1001.632
1075.439 999.604
1075.754 989.575
1076.069 995.547
1076.384 988.519
1076.699 988.490
1077.015 982.462
1077.330 998.433
1077.645 978.405
1077.960 980.376
1078.275 983.347
1078.590 979.318
1078.905 984.289
1079.220 974.260
1079.536 979.231
1079.851 984.202
1080.166 974.173
1080.481 975.144
1080.796 971.114
1081.111 967.085
1081.426 979.055
1081.741 981.026
1082.056 970.996
1082.372 977.966
1082.687 972.936
1083.002 974.906
1083.317 971.876
1083.632 977.846
1083.947 962.816
1084.262 970.786
1084.577 961.756
1084.892 967.725
1085.208 968.695
1085.523 975.664
1085.838 957.634
1086.153 959.603
1086.468 963.572
1086.783 956.541
1087.098 957.510
1087.413 960.479
1087.728 961.448
1088.044 954.417
1088.359 955.386
1088.674 963.355
1088.989 953.323
1089.304 954.292
1089.619 954.260
1089.934 955.228
1090.249 959.197
1090.564 960.165
1090.880 944.133
1091.195 953.101
1091.510 938.069
1091.825 944.037
1092.140 944.005
1092.467 955.972
1092.794 958.940
1093.121 951.908
1093.448 946.875
1093.775 955.842
1094.102 937.810
1094.429 939.777
1094.756 930.744
1095.083 934.711
1095.410 941.678
1095.737 932.645
1096.064 933.612
1096.391 937.579
1096.718 941.545
1097.045 943.512
1097.372 935.478
1097.699 940.445
1098.026 931.411
1098.353 928.377
1098.680 942.343
1099.007 927.309
1099.334 938.275
1099.661 936.241
1099.988 929.207
1100.315 921.173
1100.642 932.138
1100.969 923.104
1101.296 937.069
1101.623 935.035
1101.950 922.000
1102.277 927.965
1102.604 932.930
1102.931 930.895
1103.258 934.860
1103.585 928.825
1103.912 927.790
1104.239 929.755
1104.566 936.719
1104.893 929.684
1105.220 923.648
1105.547 927.612
1105.874 924.577
1106.201 924.541
1106.528 928.505
1106.855 931.469
1107.182 915.433
1107.509 915.397
1107.836 913.360
1108.163 923.324
1108.490 924.287
1108.817 918.251
1109.144 913.214
1109.470 925.178
1109.797 922.141
1110.124 919.104
1110.451 919.067
1110.778 929.030
1111.105 923.993
1111.432 922.955
1111.759 912.918
1112.086 921.881
1112.413 917.843
1112.740 932.805
1113.067 929.768
1113.394 922.730
1113.721 927.692
1114.048 919.654
1114.375 917.616
1114.702 919.578
1115.029 918.540
1115.356 919.501
1115.683 912.463
1116.010 910.424
1116.337 915.386
1116.664 912.347
1116.991 902.308
1117.318 914.269
1117.645 914.230
1117.972 911.191
1118.299 907.152
1118.626 905.113
1118.953 908.074
1119.280 906.034
1119.607 914.995
1119.934 907.955
1120.261 913.915
1120.588 903.876
1120.915 900.836
1121.242 887.796
1121.569 890.756
1121.896 891.716
1122.223 891.675
1122.550 909.635
1122.877 899.595
1123.204 890.554
1123.531 901.513
1123.858 892.473
1124.185 894.432
1124.512 894.391
1124.839 887.350
1125.166 887.309
1125.493 896.268
1125.820 883.227
1126.147 882.185
1126.474 897.144
1126.801 892.102
1127.128 886.061
1127.455 880.019
1127.782 880.977
1128.109 879.935
1128.436 882.893
1128.763 879.851
1129.090 870.809
1129.417 862.767
1129.744 868.724
1130.071 869.682
1130.398 863.639
1130.725 870.597
1131.052 867.554
1131.379 865.511
1131.706 860.468
1132.033 863.425
1132.360 857.382
1132.687 858.339
1133.014 864.296
1133.341 856.252
1133.668 852.209
1133.995 849.165
1134.322 858.122
1134.649 847.078
1134.976 851.034
1135.303 851.990
1135.630 840.946
1135.957 844.902
1136.284 848.858
1136.611 834.814
1136.938 836.769
1137.265 825.725
1137.592 825.680
1137.919 823.636
1138.246 829.591
1138.573 820.546
1138.900 813.501
1139.227 815.456
1139.554 806.411
1139.881 802.366
1140.208 792.321
1140.535 800.275
1140.862 795.230
1141.189 786.184
1141.516 796.139
1141.843 779.093
1142.170 772.047
1142.497 771.001
1142.824 770.955
1143.151 772.909
1143.478 772.863
1143.805 771.817
1144.131 766.771
1144.458 769.724
1144.785 773.678
1145.112 769.631
1145.439 767.584
1145.766 761.538
1146.093 777.491
1146.420 778.444
1146.747 767.397
1147.074 751.350
1147.401 751.302
1147.728 764.255
1148.055 764.208
1148.382 765.160
1148.709 754.113
1149.036 759.065
1149.363 767.017
1149.690 761.970
1150.017 748.922
1150.344 754.874
1150.671 742.826
1150.998 762.777
1151.325 753.729
1151.652 756.681
1151.979 752.633
1152.306 743.584
1152.633 747.536
1152.960 738.487
1153.287 747.438
1153.614 743.389
1153.941 737.340
1154.268 734.292
1154.595 747.242
1154.922 751.193
1155.249 745.144
1155.576 742.095
1155.903 749.046
1156.230 744.996
1156.557 747.947
1156.884 747.897
1157.211 739.847
1157.538 742.798
1157.865 745.748
1158.192 738.698
1158.519 741.648
1158.846 745.598
1159.173 728.548
1159.500 739.498
1159.827 731.447
1160.154 733.397
1160.481 734.347
1160.808 736.296
1161.135 734.245
1161.462 729.195
1161.789 726.144
1162.116 740.093
1162.443 727.043
1162.770 724.992
1163.097 718.941
1163.424 718.890
1163.751 723.838
1164.078 713.787
1164.405 723.736
1164.732 720.685
1165.059 726.633
1165.386 719.582
1165.713 730.530
1166.040 726.479
1166.367 717.427
1166.694 721.375
1167.021 718.324
1167.348 721.272
1167.675 705.220
1168.002 710.168
1168.329 710.116
1168.656 713.064
1168.983 692.012
1169.310 703.959
1169.637 699.907
1169.964 704.855
1170.291 707.802
1170.618 684.750
1170.945 673.698
1171.272 674.645
1171.599 670.592
1171.926 661.540
1172.253 654.487
1172.580 643.434
1172.907 648.381
1173.234 641.329
1173.561 630.276
1173.888 627.223
1174.215 626.170
1174.542 624.117
1174.869 627.064
1175.196 618.010
1175.523 626.957
1175.850 632.904
1176.177 626.851
1176.504 623.797
1176.831 628.744
1177.158 620.691
1177.485 617.637
1177.812 617.584
1178.139 621.530
1178.465 617.477
1178.792 622.423
1179.119 601.369
1179.446 609.316
1179.773 609.262
1180.100 597.208
1180.427 598.155
1180.754 605.101
1181.081 590.047
1181.408 589.993
1181.735 582.939
1182.062 581.885
1182.389 577.831
1182.716 577.777
1183.043 573.723
1183.370 573.669
1183.697 573.615
1184.024 575.561
1184.351 568.507
1184.678 566.453
1185.005 564.399
1185.332 568.345
1185.659 574.290
1185.986 578.236
1186.313 576.182
1186.640 571.128
1186.967 570.074
1187.294 568.019
1187.621 565.965
1187.948 564.911
1188.275 557.857
1188.602 548.802
1188.929 552.748
1189.256 548.694
1189.583 556.639
1189.910 564.585
1190.237 550.531
1190.564 545.477
1190.891 541.422
1191.218 546.368
1191.545 544.314
1191.872 538.259
1192.199 544.205
1192.526 539.151
1192.853 534.097
1193.180 536.042
1193.507 535.988
1193.834 539.934
1194.161 525.880
1194.488 524.825
1194.815 527.771
1195.142 530.717
1195.469 526.663
1195.796 527.609
1196.123 532.555
1196.450 510.500
1196.777 511.446
1197.104 513.392
1197.431 521.338
1197.758 515.284
1198.085 513.230
1198.412 508.176
1198.739 512.122
1199.066 522.069
1199.393 508.015
1199.720 500.961
1200.047 498.907
1200.374 497.853
1200.701 499.800
1201.028 497.746
1201.355 498.692
1201.682 483.639
1202.009 484.585
1202.336 484.532
1202.663 489.479
1202.990 485.425
1203.317 479.372
1203.644 479.319
1203.971 476.265
1204.298 475.212
1204.625 469.159
1204.952 471.106
1205.279 476.053
1205.606 461.000
1205.933 450.947
1206.260 468.895
1206.587 454.842
1206.914 457.789
1207.241 447.737
1207.568 461.684
1207.895 451.632
1208.222 448.579
1208.549 450.527
1208.876 444.475
1209.203 441.423
1209.530 442.371
1209.857 441.319
1210.184 429.267
1210.511 420.215
1210.838 423.164
1211.165 432.112
1211.492 422.060
1211.819 417.009
1212.146 417.958
1212.473 412.907
1212.799 419.855
1213.126 415.804
1213.453 411.753
1213.780 400.703
1214.107 406.652
1214.434 389.601
1214.761 400.551
1215.088 396.501
1215.415 397.450
1215.742 396.400
1216.069 386.350
1216.396 387.300
1216.723 392.250
1217.050 393.201
1217.377 388.151
1217.704 378.102
1218.031 380.053
1218.358 375.003
1218.685 382.954
1219.012 369.905
1219.339 369.857
1219.666 368.808
1219.993 366.760
1220.320 360.711
1220.647 360.663
1220.974 361.615
1221.301 348.567
1221.628 347.519
1221.955 344.472
1222.282 351.424
1222.609 348.377
1222.936 342.330
1223.263 339.283
1223.590 340.236
1223.917 344.189
1224.244 332.143
1224.571 341.096
1224.898 340.050
1225.225 326.004
1225.552 331.958
1225.879 332.913
1226.206 326.867
1226.533 327.822
1226.860 323.777
1227.187 321.732
1227.514 316.687
1227.841 321.642
1228.168 314.598
1228.495 314.554
1228.822 312.510
1229.149 312.466
1229.476 310.422
1229.803 315.379
1230.130 303.336
1230.457 292.292
1230.784 303.250
1231.111 301.207
1231.438 301.165
1231.765 301.122
1232.092 293.080
1232.419 285.038
1232.746 290.997
