168.180 8.460
168.450 44.459
168.720 61.459
168.990 65.459
169.260 76.459
169.530 67.458
169.799 60.458
170.069 55.458
170.339 63.458
170.609 70.457
170.879 62.457
171.149 75.457
171.418 65.456
171.688 73.456
171.958 74.456
172.228 70.456
172.498 71.455
172.768 74.455
173.037 67.455
173.307 68.454
173.577 67.454
173.847 66.454
174.117 69.454
174.387 66.453
174.656 69.453
174.926 69.453
175.196 70.452
175.466 66.452
175.736 70.452
176.006 72.452
176.275 65.451
176.545 67.451
176.815 69.451
177.085 70.450
177.355 58.450
177.625 67.450
177.894 63.449
178.164 61.449
178.434 65.449
178.704 67.449
178.974 71.448
179.244 66.448
179.513 71.448
179.783 81.447
180.053 70.447
180.323 74.447
180.593 75.447
180.863 75.446
181.132 63.446
181.402 61.446
181.672 64.445
181.942 69.445
182.212 64.445
182.482 65.445
182.751 71.444
183.021 66.444
183.291 71.444
183.561 65.443
183.831 68.443
184.101 76.443
184.370 63.442
184.640 75.442
184.910 72.442
185.164 67.442
185.417 68.441
185.671 69.441
185.925 69.441
186.178 67.440
186.432 78.440
186.686 72.440
186.939 78.440
187.193 70.439
187.447 68.439
187.700 69.439
187.954 71.438
188.207 66.438
188.461 76.438
188.715 64.437
188.968 69.437
189.222 71.437
189.476 70.437
189.729 66.436
189.983 67.436
190.237 76.436
190.490 66.435
190.744 69.435
190.998 67.435
191.251 76.434
191.505 67.434
191.759 72.434
192.012 66.434
192.266 71.433
192.520 72.433
192.773 67.433
193.027 72.432
193.281 70.432
193.534 74.432
193.788 81.431
194.042 68.431
194.295 70.431
194.549 61.430
194.802 69.430
195.056 76.430
195.310 75.430
195.563 70.429
195.817 69.429
196.071 64.429
196.324 72.428
196.578 70.428
196.832 63.428
197.085 68.427
197.339 78.427
197.593 76.427
197.846 73.427
198.100 66.426
198.354 62.426
198.607 69.426
198.861 67.425
199.115 74.425
199.368 70.425
199.622 71.424
199.876 77.424
200.129 79.424
200.383 70.423
200.636 73.423
200.890 61.423
201.144 72.422
201.397 75.422
201.651 69.422
201.905 71.422
202.158 69.421
202.412 70.421
202.666 73.421
202.919 70.420
203.173 69.420
203.427 72.420
203.680 71.419
203.934 77.419
204.188 67.419
204.441 76.418
204.695 72.418
204.949 72.418
205.202 75.417
205.456 66.417
205.710 73.417
205.963 73.417
206.217 72.416
206.471 67.416
206.724 79.416
206.978 78.415
207.231 75.415
207.485 75.415
207.739 85.414
207.992 83.414
208.246 80.414
208.500 73.413
208.753 79.413
209.007 81.413
209.261 70.412
209.514 63.412
209.768 72.412
210.022 76.411
210.275 63.411
210.529 75.411
210.783 86.410
211.036 75.410
211.290 66.410
211.544 71.410
211.797 68.409
212.051 70.409
212.305 71.409
212.558 77.408
212.812 70.408
213.065 73.408
213.319 71.407
213.573 68.407
213.826 74.407
214.080 76.406
214.334 76.406
214.587 79.406
214.841 73.405
215.095 77.405
215.348 82.405
215.602 75.404
215.856 64.404
216.109 71.404
216.363 74.403
216.617 84.403
216.870 63.403
217.124 69.402
217.378 65.402
217.631 74.402
217.885 68.401
218.139 76.401
218.392 77.401
218.646 70.400
218.900 76.400
219.153 73.400
219.407 82.399
219.660 73.399
219.914 75.399
220.168 69.398
220.421 71.398
220.675 72.398
220.929 86.397
221.182 69.397
221.436 71.397
221.690 72.396
221.943 63.396
222.197 76.396
222.451 81.395
222.704 83.395
222.958 74.395
223.212 67.394
223.465 75.394
223.719 76.394
223.973 71.393
224.226 70.393
224.480 81.393
224.734 84.392
224.987 78.392
225.241 80.392
225.494 73.391
225.748 89.391
226.002 77.391
226.255 70.390
226.509 80.390
226.763 80.390
227.016 76.389
227.270 81.389
227.524 83.389
227.777 73.388
228.031 83.388
228.285 78.388
228.538 71.387
228.792 78.387
229.046 75.387
229.299 71.386
229.553 75.386
229.807 78.386
230.060 77.385
230.314 72.385
230.568 74.385
230.821 77.384
231.075 89.384
231.329 87.384
231.582 72.383
231.836 81.383
232.089 77.383
232.343 86.382
232.597 82.382
232.850 84.382
233.104 79.381
233.358 79.381
233.611 68.381
233.865 81.380
234.119 81.380
234.372 79.380
234.626 75.379
234.880 77.379
235.133 86.378
235.387 81.378
235.641 84.378
235.894 83.377
236.148 78.377
236.402 89.377
236.655 82.376
236.909 74.376
237.163 77.376
237.416 76.375
237.670 76.375
237.924 82.375
238.177 82.374
238.431 86.374
238.684 81.374
238.938 85.373
239.192 79.373
239.445 85.373
239.699 78.372
239.953 82.372
240.206 81.371
240.460 80.371
240.714 81.371
240.967 84.370
241.221 79.370
241.475 77.370
241.728 81.369
241.982 79.369
242.236 80.369
242.489 78.368
242.743 80.368
242.997 85.368
243.250 84.367
243.504 87.367
243.758 74.367
244.011 82.366
244.265 84.366
244.518 81.365
244.772 86.365
245.026 91.365
245.279 87.364
245.533 82.364
245.787 78.364
246.040 83.363
246.294 87.363
246.548 88.363
246.801 81.362
247.055 78.362
247.309 83.361
247.562 79.361
247.816 80.361
248.070 82.360
248.323 89.360
248.577 77.360
248.831 74.359
249.084 88.359
249.338 88.359
249.592 92.358
249.845 77.358
250.099 80.357
250.353 86.357
250.606 78.357
250.860 79.356
251.113 78.356
251.367 85.356
251.621 86.355
251.874 80.355
252.128 85.355
252.382 92.354
252.635 91.354
252.889 89.353
253.143 86.353
253.396 85.353
253.650 85.352
253.911 84.352
254.172 80.352
254.433 84.351
254.694 86.351
254.955 85.351
255.216 88.350
255.477 84.350
255.738 80.349
255.999 88.349
256.261 93.349
256.522 73.348
256.783 89.348
257.044 96.348
257.305 96.347
257.566 88.347
257.827 86.346
258.088 91.346
258.349 84.346
258.610 85.345
258.871 86.345
259.132 89.345
259.393 98.344
259.654 80.344
259.915 90.343
260.176 87.343
260.437 85.343
260.698 90.342
260.959 86.342
261.221 90.342
261.482 83.341
261.743 83.341
262.004 89.340
262.265 88.340
262.526 84.340
262.787 88.339
263.048 93.339
263.309 96.338
263.570 91.338
263.831 91.338
264.092 87.337
264.353 89.337
264.614 90.337
264.875 85.336
265.136 93.336
265.397 86.335
265.658 94.335
265.919 88.335
266.181 96.334
266.442 91.334
266.703 89.334
266.964 83.333
267.225 94.333
267.486 86.332
267.747 105.332
268.008 93.332
268.269 98.331
268.530 85.331
268.791 96.330
269.052 91.330
269.313 92.330
269.574 96.329
269.835 93.329
270.096 106.328
270.357 95.328
270.618 95.328
270.879 88.327
271.141 91.327
271.402 101.327
271.663 98.326
271.924 95.326
272.185 89.325
272.446 90.325
272.707 92.325
272.968 92.324
273.229 100.324
273.490 95.323
273.751 86.323
274.012 92.323
274.273 94.322
274.534 92.322
274.795 91.321
275.056 101.321
275.317 95.321
275.578 94.320
275.839 94.320
276.101 91.319
276.362 86.319
276.623 96.319
276.884 98.318
277.145 95.318
277.406 92.317
277.667 93.317
277.928 97.317
278.189 95.316
278.450 104.316
278.711 98.315
278.972 97.315
279.233 88.315
279.494 93.314
279.755 100.314
280.016 91.313
280.277 97.313
280.538 98.313
280.799 101.312
281.061 94.312
281.322 95.311
281.583 95.311
281.844 95.311
282.105 96.310
282.366 91.310
282.627 100.309
282.888 98.309
283.149 100.309
283.410 107.308
283.671 97.308
283.932 98.307
284.193 99.307
284.454 93.307
284.715 93.306
284.976 110.306
285.237 85.305
285.498 94.305
285.759 95.305
286.021 97.304
286.282 100.304
286.543 91.303
286.804 97.303
287.065 93.302
287.326 97.302
287.587 95.302
287.848 106.301
288.109 102.301
288.370 91.300
288.631 99.300
288.892 94.300
289.153 104.299
289.414 106.299
289.675 101.298
289.936 97.298
290.197 93.297
290.458 88.297
290.719 94.297
290.981 103.296
291.242 100.296
291.503 96.295
291.764 92.295
292.025 97.295
292.286 109.294
292.547 91.294
292.808 97.293
293.069 92.293
293.330 90.292
293.591 108.292
293.852 98.292
294.113 92.291
294.374 99.291
294.635 101.290
294.896 97.290
295.157 99.290
295.418 92.289
295.679 99.289
295.941 98.288
296.202 104.288
296.463 110.287
296.724 105.287
296.985 107.287
297.246 100.286
297.507 103.286
297.768 98.285
298.029 97.285
298.290 97.284
298.551 96.284
298.812 106.284
299.073 103.283
299.334 97.283
299.595 96.282
299.856 102.282
300.117 101.281
300.378 101.281
300.639 101.281
300.901 97.280
301.162 114.280
301.423 104.279
301.684 105.279
301.945 100.278
302.206 97.278
302.467 100.278
302.728 98.277
302.989 107.277
303.250 102.276
303.511 107.276
303.772 104.275
304.033 96.275
304.294 105.274
304.555 105.274
304.816 107.274
305.077 105.273
305.338 107.273
305.599 101.272
305.861 104.272
306.122 101.271
306.383 101.271
306.644 96.271
306.905 107.270
307.166 107.270
307.427 106.269
307.688 103.269
307.949 109.268
308.210 103.268
308.471 110.267
308.732 109.267
308.993 110.267
309.254 102.266
309.515 112.266
309.776 109.265
310.037 110.265
310.298 105.264
310.559 108.264
310.821 106.263
311.082 108.263
311.343 103.263
311.604 105.262
311.865 107.262
312.126 108.261
312.387 97.261
312.648 108.260
312.909 112.260
313.170 110.259
313.437 107.259
313.704 115.258
313.971 109.258
314.238 110.258
314.504 113.257
314.771 109.257
315.038 113.256
315.305 112.256
315.572 111.255
315.839 106.255
316.106 107.254
316.373 108.254
316.640 108.253
316.906 103.253
317.173 103.253
317.440 107.252
317.707 100.252
317.974 111.251
318.241 103.251
318.508 114.250
318.775 114.250
319.042 113.249
319.308 108.249
319.575 106.248
319.842 108.248
320.109 118.248
320.376 105.247
320.643 117.247
320.910 113.246
321.177 115.246
321.444 103.245
321.710 109.245
321.977 112.244
322.244 112.244
322.511 117.243
322.778 107.243
323.045 105.242
323.312 121.242
323.579 108.241
323.846 117.241
324.112 110.241
324.379 122.240
324.646 115.240
324.913 110.239
325.180 111.239
325.447 121.238
325.714 120.238
325.981 120.237
326.248 116.237
326.514 109.236
326.781 113.236
327.048 109.235
327.315 107.235
327.582 118.234
327.849 111.234
328.116 109.233
328.383 109.233
328.649 113.233
328.916 119.232
329.183 108.232
329.450 120.231
329.717 125.231
329.984 117.230
330.251 120.230
330.518 110.229
330.785 121.229
331.051 120.228
331.318 119.228
331.585 124.227
331.852 129.227
332.119 123.226
332.386 131.226
332.653 122.225
332.920 135.225
333.187 119.224
333.453 124.224
333.720 129.223
333.987 130.223
334.254 126.222
334.521 124.222
334.788 126.221
335.055 137.221
335.322 144.221
335.589 137.220
335.855 140.220
336.122 149.219
336.389 148.219
336.656 154.218
336.923 147.218
337.190 153.217
337.457 162.217
337.724 166.216
337.991 175.216
338.257 165.215
338.524 169.215
338.791 189.214
339.058 185.214
339.325 180.213
339.592 189.213
339.859 201.212
340.126 210.212
340.393 202.211
340.659 211.211
340.926 222.210
341.193 229.210
341.460 227.209
341.727 232.209
341.994 233.208
342.261 253.208
342.528 258.207
342.795 264.207
343.061 273.206
343.328 295.206
343.595 294.205
343.862 297.205
344.129 314.204
344.396 328.204
344.663 331.203
344.930 344.203
345.197 342.202
345.463 361.202
345.730 380.201
345.997 384.201
346.264 392.200
346.531 401.200
346.798 416.199
347.065 428.199
347.332 439.198
347.599 450.198
347.865 465.197
348.132 478.197
348.399 487.196
348.666 499.196
348.933 514.195
349.200 526.195
349.467 540.194
349.734 553.194
350.001 574.193
350.267 576.193
350.534 589.192
350.801 604.192
351.068 624.191
351.335 635.191
351.602 647.190
351.869 652.189
352.136 676.189
352.402 690.188
352.669 707.188
352.936 710.187
353.203 730.187
353.470 751.186
353.737 753.186
354.004 778.185
354.271 798.185
354.538 807.184
354.804 827.184
355.071 842.183
355.338 847.183
355.605 868.182
355.872 878.182
356.139 895.181
356.406 925.181
356.673 938.180
356.940 957.180
357.206 979.918
357.473 1001.198
357.740 1007.280
358.007 1038.996
358.274 1066.372
358.541 1072.407
358.808 1095.416
359.075 1122.879
359.342 1132.696
359.608 1148.288
359.875 1164.128
360.142 1202.449
360.409 1225.486
360.676 1254.573
360.943 1265.399
361.210 1288.836
361.477 1302.987
361.744 1335.952
362.010 1339.054
362.277 1368.542
362.544 1395.770
362.811 1402.474
363.078 1428.746
363.345 1454.338
363.612 1480.007
363.879 1513.489
364.146 1513.431
364.412 1533.650
364.679 1568.383
364.946 1599.529
365.213 1616.807
365.480 1633.184
365.748 1649.905
366.017 1675.557
366.285 1708.054
366.553 1708.236
366.822 1738.401
367.090 1744.715
367.358 1754.540
367.627 1787.619
367.895 1795.102
368.164 1816.252
368.432 1838.278
368.700 1859.375
368.969 1888.691
369.237 1906.631
369.505 1902.285
369.774 1921.544
370.042 1958.968
370.310 1970.037
370.579 2001.285
370.847 2019.250
371.115 2027.136
371.384 2026.984
371.652 2052.506
371.921 2059.121
372.189 2061.005
372.457 2117.484
372.726 2128.657
372.994 2127.658
373.262 2159.229
373.531 2144.275
373.799 2152.143
374.067 2180.776
374.336 2184.369
374.604 2208.949
374.872 2250.983
375.141 2232.104
375.409 2251.252
375.678 2258.324
375.946 2271.892
376.214 2287.719
376.483 2302.427
376.751 2306.846
377.019 2306.931
377.288 2342.452
377.556 2357.522
377.824 2379.717
378.093 2384.103
378.361 2403.786
378.629 2421.367
378.898 2436.508
379.166 2464.812
379.435 2478.218
379.703 2478.217
379.971 2497.473
380.240 2520.484
380.508 2562.106
380.776 2570.653
381.045 2581.608
381.313 2609.113
381.581 2605.036
381.850 2632.900
382.118 2681.858
382.386 2677.142
382.655 2693.426
382.923 2752.015
383.192 2752.546
383.460 2776.479
383.728 2799.278
383.997 2839.918
384.265 2864.357
384.533 2881.342
384.802 2912.753
385.070 2946.136
385.338 2996.867
385.607 3008.788
385.875 3015.232
386.143 3051.106
386.412 3101.106
386.680 3129.336
386.948 3136.343
387.217 3192.058
387.485 3212.314
387.754 3245.778
388.022 3288.482
388.290 3310.657
388.559 3344.689
388.827 3376.351
389.095 3418.880
389.364 3466.280
389.632 3479.991
389.900 3504.469
390.169 3544.094
390.437 3586.627
390.705 3625.659
390.974 3672.214
391.242 3721.375
391.511 3734.170
391.779 3781.129
392.047 3823.200
392.316 3839.726
392.584 3919.854
392.852 3935.596
393.121 3990.445
393.389 4037.786
393.657 4065.491
393.926 4109.317
394.194 4147.702
394.462 4181.344
394.731 4225.294
394.999 4258.617
395.268 4304.361
395.536 4369.254
395.804 4390.994
396.073 4450.897
396.341 4482.170
396.609 4515.891
396.878 4564.906
397.146 4628.521
397.414 4663.611
397.683 4728.040
397.951 4760.853
398.219 4803.875
398.488 4853.192
398.756 4900.723
399.025 4979.087
399.293 5016.831
399.561 5039.759
399.830 5103.649
400.098 5183.723
400.366 5196.539
400.635 5257.413
400.903 5306.255
401.171 5338.984
401.440 5409.085
401.708 5441.050
401.976 5515.271
402.245 5562.717
402.513 5626.265
402.782 5669.897
403.050 5702.590
403.318 5743.299
403.587 5822.073
403.855 5876.781
404.123 5924.769
404.392 5977.093
404.660 6015.755
404.934 6086.901
405.207 6132.925
405.481 6191.903
405.754 6240.121
406.028 6314.154
406.301 6345.989
406.575 6402.388
406.848 6433.584
407.122 6517.895
407.395 6572.105
407.669 6608.679
407.942 6662.193
408.216 6732.705
408.489 6769.464
408.763 6830.954
409.036 6872.837
409.310 6916.213
409.583 6952.900
409.857 7026.330
410.130 7097.860
410.404 7132.005
410.677 7179.795
410.951 7272.603
411.224 7290.253
411.498 7332.356
411.771 7390.461
412.045 7414.824
412.318 7503.181
412.592 7526.486
412.865 7578.736
413.139 7637.457
413.412 7706.368
413.686 7756.508
413.959 7828.924
414.233 7867.204
414.506 7894.415
414.780 7950.875
415.053 8054.414
415.327 8071.556
415.600 8148.164
415.874 8194.356
416.147 8229.493
416.421 8305.635
416.694 8330.344
416.968 8386.068
417.241 8466.648
417.515 8497.024
417.788 8584.136
418.062 8632.843
418.335 8703.563
418.609 8745.281
418.882 8783.612
419.156 8819.585
419.429 8881.399
419.703 8957.085
419.976 8997.048
420.250 9030.887
420.524 9121.675
420.797 9167.204
421.071 9224.691
421.344 9233.173
421.618 9317.498
421.891 9332.049
422.165 9424.912
422.438 9454.401
422.712 9521.904
422.985 9548.101
423.259 9601.224
423.532 9655.102
423.806 9689.208
424.079 9775.481
424.353 9851.031
424.626 9857.458
424.900 9890.468
425.173 9955.119
425.447 10031.028
425.720 10062.028
425.994 10072.099
426.267 10129.544
426.541 10197.618
426.814 10220.245
427.088 10260.065
427.361 10340.406
427.635 10382.317
427.908 10432.482
428.182 10410.072
428.455 10505.571
428.729 10525.171
429.002 10569.003
429.276 10617.963
429.549 10644.172
429.823 10688.146
430.096 10708.560
430.370 10730.127
430.643 10780.257
430.917 10834.859
431.190 10890.135
431.464 10931.465
431.737 10952.729
432.011 11030.254
432.284 11064.462
432.558 11072.372
432.831 11118.722
433.105 11119.248
433.378 11189.958
433.652 11215.655
433.925 11261.530
434.199 11298.604
434.472 11339.666
434.746 11415.005
435.019 11482.487
435.293 11481.559
435.566 11535.859
435.840 11545.186
436.119 11585.900
436.398 11630.587
436.677 11673.267
436.956 11684.158
437.235 11688.734
437.514 11682.085
437.793 11763.777
438.073 11779.741
438.352 11821.389
438.631 11842.152
438.910 11911.846
439.189 11890.619
439.468 11952.095
439.747 11988.285
440.026 12036.089
440.305 12089.747
440.584 12103.975
440.863 12148.822
441.142 12199.405
441.421 12254.852
441.700 12302.223
441.979 12324.259
442.258 12352.072
442.538 12428.557
442.817 12433.545
443.096 12470.401
443.375 12491.263
443.654 12544.115
443.933 12599.011
444.212 12675.736
444.491 12674.738
444.770 12742.920
445.049 12799.199
445.328 12850.564
445.607 12869.118
445.886 12917.705
446.165 12941.325
446.444 12992.140
446.723 13052.968
447.003 13056.893
447.282 13079.541
447.561 13152.382
447.840 13189.508
448.119 13233.173
448.398 13276.924
448.677 13359.453
448.956 13370.008
449.235 13417.878
449.514 13486.507
449.793 13505.954
450.072 13582.548
450.351 13650.917
450.630 13625.214
450.909 13679.682
451.188 13780.991
451.468 13805.209
451.747 13828.243
452.026 13917.048
452.305 13959.473
452.584 13991.853
452.863 14034.510
453.142 14050.667
453.421 14142.377
453.700 14221.158
453.979 14234.409
454.258 14286.688
454.537 14346.578
454.816 14440.525
455.095 14486.631
455.374 14503.024
455.653 14604.266
455.933 14637.525
456.212 14719.372
456.491 14763.564
456.770 14811.868
457.049 14861.056
457.328 14938.279
457.607 14999.943
457.886 15064.758
458.165 15118.133
458.444 15199.735
458.723 15277.718
459.002 15305.181
459.281 15384.949
459.560 15455.231
459.839 15546.139
460.119 15614.926
460.398 15701.474
460.677 15758.909
460.956 15830.877
461.235 15919.157
461.514 15994.820
461.793 16087.777
462.072 16201.569
462.351 16246.869
462.630 16313.576
462.909 16412.353
463.188 16541.680
463.467 16668.970
463.746 16723.785
464.025 16772.746
464.304 16904.591
464.584 16917.013
464.863 17044.369
465.142 17156.489
465.421 17275.402
465.700 17373.659
465.979 17445.037
466.258 17559.277
466.537 17696.798
466.816 17736.128
467.095 17861.364
467.374 17966.818
467.653 18078.073
467.932 18194.110
468.211 18279.916
468.490 18425.340
468.769 18512.914
469.049 18630.544
469.328 18734.912
469.607 18829.912
469.886 18925.911
470.165 19052.910
470.444 19171.080
470.723 19298.505
471.002 19412.144
471.281 19513.420
471.560 19652.558
471.839 19773.452
472.118 19891.579
472.397 19982.852
472.676 20106.328
472.955 20234.308
473.234 20359.055
473.514 20435.513
473.793 20586.592
474.072 20689.727
474.351 20797.071
474.630 20909.997
474.909 21045.396
475.188 21126.285
475.467 21273.173
475.746 21370.713
476.025 21499.891
476.304 21627.939
476.583 21704.158
476.862 21834.919
477.141 21962.171
477.420 22121.563
477.699 22188.661
477.979 22271.591
478.258 22378.594
478.537 22533.216
478.816 22631.677
479.095 22717.540
479.374 22866.272
479.653 22968.983
479.932 23059.549
480.211 23214.310
480.490 23293.994
480.769 23380.040
481.048 23508.664
481.327 23598.632
481.606 23704.841
481.885 23822.669
482.165 23933.549
482.444 23997.794
482.723 24180.553
483.002 24255.319
483.281 24411.937
483.560 24470.759
483.839 24561.779
484.118 24680.405
484.397 24777.410
484.676 24891.641
484.955 24989.455
485.234 25099.860
485.513 25230.067
485.792 25338.400
486.071 25357.075
486.350 25523.815
486.630 25592.371
486.909 25697.360
487.188 25792.170
487.467 25941.641
487.746 25986.381
488.025 26078.690
488.304 26162.545
488.583 26254.772
488.862 26350.418
489.141 26482.250
489.420 26571.719
489.699 26630.012
489.978 26703.970
490.257 26837.990
490.536 26907.252
490.815 27017.351
491.095 27138.589
491.374 27196.142
491.653 27258.039
491.932 27489.574
492.211 27569.071
492.490 27588.797
492.769 27680.125
493.048 27791.675
493.327 27865.418
493.606 28045.708
493.885 28030.355
494.164 28170.740
494.443 28257.702
494.722 28358.209
495.001 28448.668
495.280 28593.138
495.560 28641.894
495.839 28767.272
496.118 28797.005
496.397 28895.894
496.676 28996.804
496.955 29060.251
497.234 29196.201
497.513 29320.068
497.792 29351.938
498.071 29448.516
498.350 29561.192
498.629 29643.686
498.908 29748.312
499.187 29793.791
499.466 29885.247
499.745 29979.719
500.025 30092.373
500.304 30135.496
500.583 30207.648
500.862 30336.169
501.141 30452.986
501.420 30484.723
501.699 30521.421
501.978 30688.319
502.257 30705.752
502.536 30793.156
502.815 30886.905
503.094 30998.797
503.373 31072.533
503.652 31140.209
503.931 31250.562
504.211 31336.176
504.490 31429.386
504.769 31440.085
505.048 31511.970
505.327 31592.091
505.606 31672.894
505.885 31785.366
506.164 31812.804
506.443 31876.702
506.722 31986.555
507.001 32027.315
507.280 32090.515
507.559 32151.986
507.838 32293.545
508.117 32298.662
508.396 32398.352
508.676 32456.195
508.955 32458.801
509.234 32588.079
509.513 32673.628
509.792 32716.704
510.071 32781.319
510.350 32786.227
510.629 32912.509
510.908 32940.290
511.187 33001.828
511.466 32999.776
511.745 33129.005
512.024 33234.886
512.303 33206.528
512.582 33257.441
512.861 33344.352
513.141 33387.922
513.420 33452.831
513.699 33419.912
513.978 33502.312
514.257 33594.885
514.536 33614.372
514.815 33712.026
515.094 33760.130
515.373 33777.768
515.652 33801.377
515.931 33935.378
516.210 33971.623
516.489 33921.686
516.768 34012.750
517.047 34093.668
517.326 34045.533
517.606 34112.088
517.885 34222.975
518.164 34257.441
518.443 34306.387
518.722 34352.526
519.001 34365.636
519.280 34379.679
519.559 34521.881
519.838 34492.894
520.117 34522.773
520.396 34605.817
520.675 34671.630
520.954 34716.129
521.233 34745.863
521.512 34799.559
521.791 34861.889
522.071 34896.070
522.350 34987.155
522.629 35011.356
522.908 35029.645
523.187 35111.719
523.466 35152.928
523.745 35224.002
524.024 35233.177
524.303 35263.663
524.582 35312.965
524.861 35427.358
525.140 35453.768
525.419 35482.536
525.698 35499.744
525.977 35506.893
526.257 35583.552
526.536 35650.218
526.815 35653.404
527.094 35669.892
527.373 35725.546
527.652 35792.711
527.931 35860.269
528.210 35896.321
528.489 35913.480
528.768 35989.308
529.047 36099.260
529.326 36098.311
529.605 36133.255
529.884 36116.099
530.163 36190.071
530.442 36234.578
530.722 36234.355
531.001 36344.424
531.280 36357.343
531.559 36321.087
531.838 36370.236
532.117 36439.648
532.396 36520.064
532.675 36493.106
532.954 36591.963
533.233 36614.303
533.512 36652.510
533.791 36703.597
534.070 36748.061
534.349 36814.881
534.628 36761.078
534.907 36848.055
535.187 36901.134
535.466 36927.605
535.745 36961.760
536.024 36936.142
536.303 37009.205
536.582 37058.642
536.861 37116.737
537.140 37124.348
537.419 37186.370
537.698 37271.648
537.977 37221.817
538.256 37256.379
538.535 37303.134
538.814 37291.006
539.093 37296.735
539.372 37313.271
539.652 37398.161
539.931 37417.317
540.210 37484.336
540.489 37511.206
540.768 37534.238
541.047 37509.774
541.326 37570.840
541.605 37622.164
541.884 37615.069
542.163 37642.264
542.442 37688.143
542.721 37652.859
543.000 37708.735
543.279 37728.965
543.558 37732.818
543.837 37747.988
544.117 37796.972
544.396 37818.031
544.675 37788.282
544.954 37794.840
545.233 37889.418
545.512 37845.897
545.791 37870.074
546.070 37838.158
546.351 37831.387
546.632 37858.465
546.912 37871.037
547.193 37866.070
547.474 37882.526
547.755 37900.822
548.036 37830.577
548.317 37866.066
548.597 37896.075
548.878 37844.917
549.159 37868.127
549.440 37925.113
549.721 37897.138
550.001 37852.650
550.282 37878.761
550.563 37860.519
550.844 37877.909
551.125 37919.376
551.406 37904.087
551.686 37979.356
551.967 37933.107
552.248 37853.209
552.529 37919.604
552.810 37960.105
553.090 37843.722
553.371 37914.861
553.652 37911.092
553.933 37939.965
554.214 37865.152
554.495 37875.717
554.775 37896.850
555.056 37871.873
555.337 37880.517
555.618 37917.980
555.899 37892.042
556.179 37888.199
556.460 37963.090
556.741 37992.890
557.022 37910.290
557.303 37941.933
557.584 37949.527
557.864 37892.582
558.145 37844.365
558.426 37903.874
558.707 37929.917
558.988 37957.908
559.268 37925.899
559.549 37983.075
559.830 37884.937
560.111 37850.486
560.392 37870.574
560.673 37980.939
560.953 37978.932
561.234 38036.160
561.515 38008.499
561.796 37924.423
562.077 37900.585
562.357 37870.496
562.638 37920.826
562.919 37838.748
563.200 37986.545
563.481 37987.522
563.762 37959.380
564.042 37882.997
564.323 37817.853
564.604 37791.538
564.885 37772.212
565.166 37782.840
565.446 37834.083
565.727 37831.894
566.008 37803.808
566.289 37811.880
566.570 37741.764
566.851 37797.750
567.131 37752.839
567.412 37750.068
567.693 37724.465
567.974 37681.976
568.255 37678.600
568.535 37637.476
568.816 37585.733
569.097 37652.169
569.378 37525.611
569.659 37553.218
569.940 37542.184
570.220 37554.219
570.501 37656.839
570.782 37530.144
571.063 37484.521
571.344 37460.934
571.624 37411.373
571.905 37395.736
572.186 37386.708
572.467 37365.006
572.748 37322.156
573.029 37325.497
573.309 37376.803
573.590 37386.245
573.871 37327.505
574.152 37261.105
574.433 37238.971
574.713 37271.710
574.994 37151.444
575.275 37220.296
575.556 37045.807
575.837 37096.302
576.118 37075.131
576.398 37072.178
576.679 36992.460
576.960 37008.612
577.252 36985.379
577.543 36962.145
577.835 36927.801
578.127 36895.476
578.418 36819.717
578.710 36793.245
579.002 36682.341
579.293 36602.542
579.585 36720.603
579.877 36665.496
580.168 36588.338
580.460 36559.463
580.752 36580.376
581.043 36515.793
581.335 36457.194
581.627 36378.701
581.918 36403.379
582.210 36330.781
582.502 36265.340
582.793 36268.206
583.085 36258.213
583.376 36135.009
583.668 36178.863
583.960 36086.167
584.251 36089.354
584.543 36017.056
584.835 35964.314
585.126 35920.716
585.418 35881.213
585.710 35812.553
586.001 35736.746
586.293 35653.991
586.585 35661.610
586.876 35618.458
587.168 35504.678
587.460 35510.451
587.751 35422.491
588.043 35441.215
588.335 35393.357
588.626 35236.843
588.918 35216.061
589.210 35144.708
589.501 35110.085
589.793 35075.390
590.085 35075.548
590.376 34950.811
590.668 34943.290
590.960 34874.299
591.251 34827.455
591.543 34727.666
591.835 34757.937
592.126 34642.661
592.418 34633.750
592.710 34576.794
593.001 34520.785
593.293 34458.239
593.585 34428.291
593.876 34344.867
594.168 34294.914
594.460 34186.976
594.751 34149.461
595.043 34084.169
595.334 34033.738
595.626 33955.363
595.918 33880.174
596.209 33835.781
596.501 33769.289
596.793 33706.290
597.084 33589.716
597.376 33522.535
597.668 33448.260
597.959 33450.897
598.251 33311.551
598.543 33222.206
598.834 33163.901
599.126 33112.407
599.418 33071.502
599.709 33016.620
600.001 32939.098
600.293 32866.833
600.584 32829.116
600.876 32729.976
601.168 32632.992
601.459 32551.094
601.751 32521.482
602.043 32479.409
602.334 32376.927
602.626 32255.554
602.918 32260.138
603.209 32114.663
603.501 32168.540
603.793 32059.767
604.084 31981.058
604.376 31874.625
604.668 31842.366
604.959 31709.031
605.251 31644.895
605.543 31596.124
605.834 31514.924
606.126 31453.111
606.418 31395.694
606.709 31320.505
607.001 31191.404
607.292 31131.458
607.584 31118.567
607.876 31048.748
608.167 30936.102
608.459 30867.362
608.751 30753.083
609.042 30701.690
609.334 30672.781
609.626 30571.525
609.917 30513.740
610.209 30446.502
610.501 30441.165
610.792 30368.198
611.084 30300.712
611.376 30230.996
611.667 30141.427
611.959 30057.528
612.251 29976.121
612.542 29906.794
612.834 29822.180
613.126 29714.361
613.417 29680.912
613.709 29593.729
614.001 29540.180
614.292 29430.404
614.584 29410.616
614.876 29296.881
615.167 29254.677
615.459 29153.340
615.751 29078.977
616.042 29041.593
616.334 28985.312
616.626 28914.426
616.917 28900.736
617.209 28793.986
617.501 28720.411
617.792 28721.949
618.084 28657.808
618.376 28588.156
618.667 28538.483
618.959 28470.564
619.250 28405.382
619.542 28389.422
619.834 28334.295
620.125 28242.796
620.417 28203.602
620.709 28181.335
621.000 28114.538
621.292 28036.089
621.584 27972.285
621.875 27939.433
622.167 27865.035
622.459 27791.604
622.750 27693.348
623.042 27647.640
623.334 27586.769
623.625 27508.031
623.917 27455.365
624.209 27413.250
624.500 27357.156
624.792 27311.335
625.084 27290.985
625.375 27197.182
625.667 27140.090
625.959 27019.701
626.250 27010.972
626.542 26949.697
626.834 26891.224
627.125 26818.815
627.417 26762.228
627.709 26738.301
628.000 26649.346
628.292 26603.603
628.584 26519.880
628.875 26474.265
629.167 26436.419
629.459 26380.190
629.750 26350.661
630.042 26264.305
630.334 26190.412
630.625 26149.473
630.917 26164.619
631.208 26032.934
631.500 25931.942
631.792 25945.586
632.083 25857.116
632.375 25772.168
632.667 25731.792
632.958 25723.254
633.250 25649.902
633.542 25599.048
633.833 25586.180
634.125 25476.104
634.417 25402.060
634.708 25361.497
635.000 25352.770
635.292 25227.746
635.583 25196.399
635.875 25142.953
636.167 25070.945
636.458 25103.371
636.750 25051.698
637.042 24904.755
637.333 24927.941
637.625 24844.072
637.917 24824.752
638.208 24783.308
638.500 24774.254
638.792 24686.977
639.083 24660.983
639.375 24600.213
639.667 24553.381
639.958 24511.384
640.250 24468.291
640.542 24451.505
640.833 24370.642
641.125 24310.609
641.417 24285.638
641.708 24288.619
642.000 24296.697
642.292 24250.424
642.583 24226.054
642.875 24194.396
643.166 24141.578
643.458 24127.386
643.750 24105.734
644.041 24112.006
644.333 24073.907
644.625 24052.659
644.916 24045.207
645.208 24019.453
645.500 23995.580
645.791 23997.413
646.083 23947.050
646.375 23921.408
646.666 23929.648
646.958 23928.731
647.250 23907.667
647.541 23861.751
647.833 23840.814
648.125 23828.593
648.416 23830.427
648.708 23806.216
649.000 23773.127
649.291 23741.637
649.583 23756.131
649.875 23749.222
650.166 23730.521
650.458 23743.897
650.750 23711.251
651.041 23694.300
651.333 23651.666
651.625 23619.448
651.916 23614.088
652.208 23614.299
652.500 23563.039
652.791 23553.818
653.083 23508.523
653.375 23508.538
653.666 23497.786
653.958 23477.162
654.250 23491.679
654.541 23423.595
654.833 23406.134
655.124 23375.000
655.416 23347.207
655.708 23393.510
655.999 23385.962
656.291 23334.389
656.583 23348.881
656.874 23331.547
657.166 23299.349
657.458 23297.069
657.749 23273.348
658.041 23230.871
658.333 23295.057
658.624 23240.098
658.916 23240.096
659.208 23251.763
659.499 23207.154
659.791 23143.221
660.083 23195.887
660.374 23150.184
660.666 23149.369
660.958 23161.004
661.249 23114.915
661.541 23138.145
661.833 23086.369
662.124 23094.218
662.416 23092.384
662.708 23117.495
662.999 23093.432
663.291 23082.923
663.583 23033.853
663.874 23029.990
664.166 23034.848
664.458 23026.176
664.749 22985.555
665.041 22980.681
665.333 22936.167
665.624 23003.937
665.916 22951.558
666.208 22913.646
666.499 22942.714
666.791 22928.969
667.082 22870.796
667.374 22886.122
667.666 22847.172
667.957 22878.091
668.249 22863.455
668.541 22889.471
668.832 22836.792
669.124 22810.211
669.416 22813.759
669.707 22787.078
669.999 22771.374
670.291 22752.484
670.582 22804.160
670.874 22757.660
671.166 22721.204
671.457 22717.691
671.749 22737.432
672.041 22678.870
672.332 22697.643
672.624 22674.270
672.916 22657.436
673.207 22647.826
673.499 22653.433
673.791 22640.164
674.082 22625.251
674.374 22595.619
674.666 22598.605
674.957 22575.845
675.249 22532.929
675.541 22518.955
675.832 22506.485
676.124 22478.468
676.416 22507.001
676.707 22486.959
676.999 22486.957
677.291 22449.780
677.582 22410.622
677.874 22389.927
678.166 22404.402
678.457 22398.159
678.749 22393.116
679.040 22368.284
679.332 22360.573
679.624 22322.513
679.915 22317.777
680.207 22274.530
680.499 22246.159
680.790 22261.885
681.082 22229.396
681.374 22224.546
681.665 22198.323
681.957 22140.335
682.249 22145.567
682.540 22127.365
682.832 22083.445
683.124 22062.248
683.415 22087.782
683.707 22078.748
683.999 22055.204
684.290 22053.210
684.582 22011.199
684.874 22000.952
685.165 21939.474
685.457 21914.707
685.749 21907.518
686.040 21908.448
686.332 21841.805
686.624 21825.016
686.915 21820.055
687.207 21769.219
687.499 21735.504
687.790 21770.802
688.082 21753.256
688.374 21690.303
688.665 21665.533
688.957 21652.115
689.249 21600.513
689.540 21573.679
689.832 21574.709
690.124 21555.672
690.415 21492.654
690.707 21482.820
690.998 21447.195
691.290 21428.006
691.582 21398.015
691.873 21332.862
692.165 21327.690
692.457 21319.745
692.748 21291.491
693.040 21258.932
693.332 21228.641
693.623 21182.244
693.915 21162.552
694.207 21129.524
694.498 21073.352
694.790 21072.390
695.082 21058.977
695.373 20969.763
695.665 20957.313
695.957 20876.526
696.248 20879.633
696.540 20847.348
696.836 20822.633
697.133 20784.065
697.429 20732.473
697.725 20700.036
698.021 20678.583
698.318 20654.388
698.614 20567.557
698.910 20573.912
699.207 20541.225
699.503 20467.724
699.799 20414.497
700.095 20394.847
700.392 20353.479
700.688 20351.409
700.984 20271.218
701.281 20214.456
701.577 20222.939
701.873 20194.212
702.169 20161.817
702.466 20104.023
702.762 20046.182
703.058 19995.664
703.355 19984.338
703.651 19928.722
703.947 19854.719
704.243 19820.951
704.540 19802.652
704.836 19743.865
705.132 19725.926
705.428 19710.242
705.725 19637.716
706.021 19567.831
706.317 19554.067
706.614 19534.120
706.910 19433.297
707.206 19384.215
707.502 19383.190
707.799 19349.445
708.095 19280.362
708.391 19234.441
708.688 19192.406
708.984 19141.435
709.280 19075.021
709.576 19063.893
709.873 18983.477
710.169 18938.759
710.465 18886.027
710.762 18825.111
711.058 18811.278
711.354 18755.303
711.650 18687.983
711.947 18657.616
712.243 18624.972
712.539 18599.717
712.836 18516.365
713.132 18436.205
713.428 18432.170
713.724 18379.748
714.021 18335.053
714.317 18277.649
714.613 18187.641
714.910 18146.286
715.206 18062.887
715.502 18051.903
715.798 18001.695
716.095 17955.557
716.391 17899.588
716.687 17823.509
716.984 17788.472
717.280 17719.400
717.576 17683.679
717.872 17647.323
718.169 17566.674
718.465 17538.671
718.761 17514.669
719.058 17465.666
719.354 17383.281
719.650 17337.999
719.946 17294.659
720.243 17247.151
720.539 17185.654
720.835 17110.762
721.131 17066.649
721.428 17041.688
721.724 16998.641
722.020 16945.587
722.317 16897.537
722.613 16857.351
722.909 16831.465
723.205 16794.220
723.502 16719.629
723.798 16664.291
724.094 16643.624
724.391 16619.621
724.687 16570.049
724.983 16500.615
725.279 16431.886
725.576 16410.380
725.872 16361.164
726.168 16314.349
726.465 16279.207
726.761 16216.303
727.057 16156.503
727.353 16081.940
727.650 16084.005
727.946 16032.364
728.242 15983.718
728.539 15916.255
728.835 15913.363
729.131 15824.337
729.427 15766.150
729.724 15715.702
730.020 15666.574
730.316 15614.199
730.613 15578.624
730.909 15537.650
731.205 15456.626
731.501 15398.974
731.798 15348.675
732.094 15309.530
732.390 15225.936
732.687 15211.587
732.983 15118.648
733.279 15076.322
733.575 15024.154
733.872 14977.892
734.168 14947.377
734.464 14889.304
734.761 14791.287
735.057 14757.647
735.353 14716.347
735.649 14671.774
735.946 14619.371
736.242 14504.923
736.538 14491.664
736.835 14445.492
737.131 14361.908
737.427 14314.221
737.723 14252.454
738.020 14225.442
738.316 14165.032
738.612 14080.798
738.909 14054.404
739.205 13979.911
739.501 13960.281
739.797 13863.487
740.094 13813.765
740.390 13767.591
740.686 13730.670
740.982 13684.416
741.279 13590.880
741.575 13558.734
741.871 13501.433
742.168 13450.991
742.464 13398.099
742.760 13312.886
743.056 13312.516
743.353 13270.580
743.649 13189.655
743.945 13146.658
744.242 13131.083
744.538 13046.646
744.834 12965.134
745.130 12935.593
745.427 12892.368
745.723 12835.391
746.019 12783.112
746.316 12714.280
746.612 12693.326
746.908 12628.363
747.204 12575.628
747.501 12531.439
747.797 12484.654
748.093 12438.269
748.390 12413.612
748.686 12355.774
748.982 12286.387
749.278 12226.673
749.575 12190.109
749.871 12160.780
750.167 12103.351
750.464 12043.986
750.760 11997.402
751.056 11949.877
751.352 11888.378
751.649 11838.501
751.945 11811.685
752.241 11771.734
752.538 11686.555
752.834 11647.123
753.130 11608.314
753.426 11560.670
753.723 11497.360
754.019 11453.440
754.315 11411.521
754.611 11364.341
754.908 11317.021
755.204 11266.335
755.500 11193.332
755.797 11179.868
756.093 11101.326
756.389 11058.439
756.685 11007.334
756.982 10948.161
757.278 10900.014
757.574 10860.754
757.871 10818.582
758.167 10748.298
758.463 10691.376
758.759 10632.195
759.056 10601.702
759.352 10545.474
759.648 10498.282
759.945 10440.046
760.241 10444.953
760.537 10387.996
760.833 10300.077
761.130 10258.827
761.426 10199.267
761.722 10154.193
762.019 10113.170
762.315 10034.468
762.611 10006.302
762.907 9930.770
763.204 9920.537
763.500 9867.928
763.802 9804.289
764.104 9762.631
764.406 9713.083
764.708 9684.130
765.010 9642.298
765.312 9583.820
765.615 9546.788
765.917 9487.042
766.219 9445.567
766.521 9392.932
766.823 9337.261
767.125 9296.060
767.427 9257.817
767.729 9222.542
768.031 9179.900
768.333 9115.039
768.635 9059.081
768.937 9020.541
769.239 8987.984
769.542 8936.164
769.844 8890.429
770.146 8840.629
770.448 8791.633
770.750 8744.574
771.052 8696.001
771.354 8657.661
771.656 8601.386
771.958 8562.853
772.260 8520.036
772.562 8462.948
772.864 8432.364
773.166 8395.450
773.468 8344.374
773.771 8301.778
774.073 8263.404
774.375 8201.567
774.677 8184.181
774.979 8122.828
775.281 8083.884
775.583 8030.860
775.885 8003.189
776.187 7968.320
776.489 7910.972
776.791 7880.108
777.093 7836.861
777.395 7774.229
777.698 7739.050
778.000 7672.243
778.302 7655.441
778.604 7637.201
778.906 7569.600
779.208 7531.009
779.510 7492.861
779.812 7450.022
780.114 7410.379
780.416 7367.456
780.718 7338.207
781.020 7282.825
781.322 7229.395
781.625 7200.673
781.927 7172.391
782.229 7134.482
782.531 7068.294
782.833 7054.904
783.135 7013.478
783.437 6936.949
783.739 6932.670
784.041 6872.430
784.343 6843.381
784.645 6775.950
784.947 6760.137
785.249 6715.186
785.552 6686.464
785.854 6636.081
786.156 6584.982
786.458 6557.988
786.760 6508.359
787.062 6466.444
787.364 6438.598
787.666 6398.926
787.968 6353.288
788.270 6317.482
788.572 6268.955
788.874 6240.175
789.176 6192.756
789.478 6161.486
789.781 6119.101
790.083 6119.478
790.385 6062.911
790.687 6021.353
790.989 5989.241
791.291 5947.357
791.593 5910.968
791.895 5899.924
792.197 5833.611
792.499 5819.271
792.801 5776.496
793.103 5743.470
793.405 5697.329
793.708 5661.917
794.010 5644.055
794.312 5613.383
794.614 5535.070
794.916 5515.360
795.218 5493.498
795.520 5464.201
795.822 5425.563
796.124 5402.839
796.426 5366.003
796.728 5299.333
797.030 5297.641
797.332 5270.666
797.635 5201.743
797.937 5170.194
798.239 5157.241
798.541 5113.047
798.843 5086.565
799.145 5045.809
799.447 5016.495
799.749 4972.769
800.051 4935.572
800.353 4903.544
800.655 4861.670
800.957 4831.942
801.259 4806.391
801.562 4767.770
801.864 4732.381
802.166 4700.205
802.468 4692.649
802.770 4634.208
803.072 4609.144
803.374 4589.212
803.676 4534.191
803.978 4536.680
804.280 4500.779
804.582 4466.031
804.884 4431.491
805.186 4393.548
805.488 4368.388
805.791 4339.075
806.093 4306.907
806.395 4265.884
806.697 4238.593
806.999 4218.335
807.301 4202.892
807.603 4175.275
807.905 4147.077
808.207 4127.427
808.509 4087.957
808.811 4044.728
809.113 4037.764
809.415 4002.638
809.718 3952.136
810.020 3924.875
810.322 3910.554
810.624 3894.180
810.926 3875.903
811.228 3838.494
811.530 3807.973
811.834 3777.355
812.139 3751.842
812.443 3735.253
812.748 3702.453
813.052 3699.285
813.357 3663.458
813.661 3624.542
813.966 3619.161
814.270 3579.960
814.574 3554.040
814.879 3533.553
815.183 3514.419
815.488 3499.639
815.792 3480.624
816.097 3430.650
816.401 3410.274
816.706 3372.843
817.010 3372.243
817.314 3344.673
817.619 3320.258
817.923 3318.049
818.228 3275.434
818.532 3254.352
818.837 3245.094
819.141 3217.808
819.445 3192.370
819.750 3175.438
820.054 3152.331
820.359 3135.377
820.663 3126.826
820.968 3087.102
821.272 3052.794
821.577 3048.037
821.881 3027.146
822.185 3010.044
822.490 2983.322
822.794 2963.315
823.099 2937.512
823.403 2921.061
823.708 2900.195
824.012 2883.732
824.317 2869.373
824.621 2849.273
824.925 2836.516
825.230 2806.790
825.534 2782.066
825.839 2771.087
826.143 2740.123
826.448 2736.731
826.752 2704.966
827.057 2691.559
827.361 2684.797
827.665 2661.940
827.970 2649.363
828.274 2618.041
828.579 2612.070
828.883 2584.881
829.188 2574.755
829.492 2557.369
829.796 2536.013
830.101 2529.236
830.405 2519.965
830.710 2498.920
831.014 2464.568
831.319 2451.172
831.623 2450.183
831.928 2425.845
832.232 2410.046
832.536 2393.048
832.841 2382.541
833.145 2366.431
833.450 2350.604
833.754 2329.704
834.059 2325.372
834.363 2301.740
834.668 2299.638
834.972 2272.150
835.276 2260.370
835.581 2240.769
835.885 2229.153
836.190 2220.966
836.494 2206.791
836.799 2186.286
837.103 2182.216
837.407 2175.632
837.712 2161.521
838.016 2163.891
838.321 2135.395
838.625 2120.407
838.930 2101.102
839.234 2089.026
839.539 2074.573
839.843 2068.588
840.147 2054.147
840.452 2035.562
840.756 2032.476
841.061 2015.872
841.365 1987.729
841.670 1976.179
841.974 1988.726
842.279 1969.797
842.583 1968.677
842.887 1950.744
843.192 1943.191
843.496 1920.927
843.801 1929.078
844.105 1904.454
844.410 1902.217
844.714 1883.736
845.019 1888.716
845.323 1858.244
845.627 1856.701
845.932 1845.240
846.236 1819.730
846.541 1818.739
846.845 1808.736
847.150 1806.780
847.454 1803.697
847.758 1800.140
848.063 1768.072
848.367 1780.040
848.672 1764.830
848.976 1767.429
849.281 1747.554
849.585 1737.551
849.890 1731.837
850.194 1709.478
850.498 1702.267
850.803 1703.873
851.107 1676.684
851.412 1690.877
851.716 1685.846
852.021 1662.904
852.325 1651.084
852.630 1645.762
852.934 1637.442
853.238 1621.903
853.543 1622.050
853.847 1597.308
854.152 1612.629
854.456 1600.686
854.761 1584.362
855.065 1580.356
855.370 1573.800
855.674 1563.383
855.978 1557.124
856.283 1553.097
856.587 1548.286
856.892 1541.178
857.196 1529.559
857.501 1508.517
857.805 1498.349
858.109 1501.000
858.414 1488.895
858.718 1495.737
859.023 1480.714
859.327 1466.241
859.632 1464.457
859.936 1460.503
860.241 1463.863
860.545 1452.424
860.849 1454.622
861.154 1426.889
861.458 1433.714
861.763 1424.061
862.067 1427.039
862.372 1409.093
862.676 1404.347
862.981 1407.050
863.285 1406.044
863.589 1383.279
863.894 1379.749
864.198 1381.155
864.503 1387.085
864.807 1380.152
865.112 1372.116
865.416 1386.826
865.721 1371.538
866.025 1362.766
866.329 1365.728
866.634 1362.846
866.938 1345.453
867.243 1341.413
867.547 1342.618
867.852 1338.625
868.156 1338.295
868.460 1324.269
868.765 1328.248
869.069 1337.649
869.374 1326.436
869.678 1312.536
869.983 1311.683
870.287 1310.212
870.592 1308.055
870.896 1312.627
871.200 1310.818
871.505 1305.954
871.809 1298.183
872.114 1298.178
872.418 1293.135
872.723 1295.195
873.027 1295.456
873.332 1288.497
873.636 1286.428
873.940 1274.453
874.245 1278.302
874.549 1277.394
874.854 1280.347
875.158 1268.433
875.463 1272.459
875.767 1266.130
876.072 1256.651
876.376 1257.318
876.680 1253.020
876.985 1251.881
877.289 1256.629
877.594 1250.742
877.898 1242.357
878.203 1228.764
878.507 1231.266
878.811 1229.168
879.116 1233.488
879.420 1235.723
879.725 1218.970
880.029 1217.032
880.334 1214.620
880.638 1217.732
880.943 1210.262
881.247 1207.720
881.551 1206.617
881.856 1208.087
882.160 1194.798
882.465 1196.967
882.769 1190.073
883.074 1205.867
883.378 1180.243
883.683 1179.328
883.987 1182.213
884.291 1194.757
884.596 1182.778
884.900 1198.739
885.205 1190.198
885.509 1189.628
885.814 1203.625
886.118 1204.175
886.423 1201.981
886.727 1208.712
887.031 1212.346
887.336 1217.285
887.640 1217.081
887.945 1216.756
888.249 1221.824
888.554 1220.397
888.858 1223.635
889.162 1221.500
889.467 1232.889
889.771 1237.461
890.076 1242.727
890.380 1253.248
890.685 1250.263
890.989 1246.820
891.294 1240.177
891.598 1251.852
891.902 1254.367
892.207 1247.938
892.511 1252.519
892.816 1241.725
893.120 1245.843
893.425 1256.192
893.729 1258.472
894.034 1254.338
894.338 1258.936
894.642 1251.104
894.947 1246.258
895.251 1251.323
895.556 1241.382
895.860 1249.925
896.165 1249.918
896.469 1248.291
896.774 1249.905
897.078 1246.655
897.382 1247.804
897.687 1248.028
897.991 1255.687
898.296 1254.057
898.600 1250.330
898.905 1252.418
899.209 1254.511
899.513 1248.912
899.818 1247.272
900.122 1248.662
900.427 1249.124
900.731 1236.278
901.036 1260.547
901.340 1253.782
901.645 1244.183
901.949 1242.759
902.253 1246.501
902.558 1242.262
902.862 1240.152
903.167 1245.526
903.471 1232.131
903.776 1233.722
904.080 1237.262
904.385 1234.430
904.689 1243.356
904.993 1246.644
905.298 1233.404
905.602 1250.175
905.907 1250.168
906.211 1232.658
906.516 1233.818
906.820 1234.700
907.125 1234.973
907.429 1230.663
907.733 1238.480
908.038 1231.528
908.342 1230.568
908.647 1233.198
908.951 1222.502
909.256 1228.857
909.560 1230.758
909.864 1233.550
910.169 1226.404
910.473 1226.613
910.778 1227.040
911.082 1223.514
911.387 1222.976
911.691 1228.935
911.996 1219.761
912.300 1219.965
912.609 1219.418
912.918 1217.693
913.227 1215.549
913.537 1217.678
913.846 1221.314
914.155 1214.425
914.464 1211.721
914.773 1210.592
915.082 1206.497
915.391 1208.633
915.700 1205.710
916.010 1213.126
916.319 1213.118
916.628 1217.645
916.937 1211.772
917.246 1208.057
917.555 1201.981
917.864 1211.390
918.174 1201.578
918.483 1195.496
918.792 1203.922
919.101 1193.489
919.410 1205.292
919.719 1197.007
920.028 1202.922
920.337 1198.566
920.647 1192.808
920.956 1206.297
921.265 1197.942
921.574 1196.535
921.883 1187.571
922.192 1194.916
922.501 1191.110
922.811 1193.483
923.120 1195.867
923.429 1184.018
923.738 1189.837
924.047 1193.611
924.356 1192.596
924.665 1191.152
924.974 1184.266
925.284 1192.727
925.593 1193.731
925.902 1191.850
926.211 1179.772
926.520 1189.314
926.829 1180.121
927.138 1173.323
927.448 1178.793
927.757 1181.391
928.066 1182.222
928.375 1175.567
928.684 1180.049
928.993 1177.126
929.302 1165.062
929.611 1174.913
929.921 1163.992
930.230 1166.066
930.539 1163.272
930.848 1163.604
931.157 1170.227
931.466 1170.420
931.775 1160.700
932.085 1160.139
932.394 1165.985
932.703 1149.360
933.012 1171.707
933.321 1155.461
933.630 1156.128
933.939 1150.732
934.248 1171.263
934.558 1150.835
934.867 1152.353
935.176 1168.692
935.485 1172.132
935.794 1157.099
936.103 1163.251
936.412 1175.290
936.721 1173.151
937.031 1169.995
937.340 1172.893
937.649 1187.759
937.958 1193.144
938.267 1207.183
938.576 1202.584
938.885 1208.943
939.195 1208.990
939.504 1218.066
939.813 1225.912
940.122 1224.871
940.431 1223.323
940.740 1239.934
941.049 1239.124
941.359 1227.147
941.668 1233.889
941.977 1228.307
942.286 1236.938
942.595 1255.965
942.904 1226.539
943.213 1230.483
943.522 1225.704
943.832 1226.693
944.141 1232.260
944.450 1224.033
944.759 1215.959
945.068 1227.443
945.377 1222.828
945.686 1215.167
945.995 1218.585
946.305 1216.482
946.614 1208.593
946.923 1205.086
947.232 1184.420
947.541 1186.467
947.850 1189.645
948.159 1191.920
948.469 1179.089
948.778 1171.832
949.087 1169.682
949.396 1134.395
949.705 1138.921
950.014 1143.192
950.323 1129.597
950.632 1113.065
950.942 1117.757
951.251 1119.603
951.560 1111.823
951.869 1107.199
952.178 1096.077
952.487 1092.896
952.796 1079.603
953.106 1080.248
953.415 1074.540
953.724 1081.711
954.033 1072.720
954.342 1058.497
954.651 1054.535
954.960 1039.628
955.269 1034.345
955.579 1031.896
955.888 1037.556
956.197 1027.910
956.506 1021.858
956.815 1019.427
957.124 1021.579
957.433 989.122
957.743 980.066
958.052 983.502
958.361 983.546
958.670 974.548
958.979 977.009
959.288 963.570
959.597 952.718
959.906 960.623
960.216 936.712
960.525 949.956
960.834 942.568
961.143 926.643
961.452 931.347
961.761 912.181
962.070 906.316
962.380 903.508
962.689 900.829
962.998 890.572
963.307 897.545
963.616 891.465
963.925 877.436
964.234 874.175
964.543 881.402
964.853 873.379
965.162 868.263
965.471 864.849
965.780 858.286
966.095 853.352
966.410 845.163
966.725 854.215
967.040 842.066
967.356 836.213
967.671 838.201
967.986 830.189
968.301 827.178
968.616 825.166
968.931 839.154
969.246 821.143
969.561 832.131
969.876 839.119
970.192 840.107
970.507 827.096
970.822 822.084
971.137 814.072
971.452 818.060
971.767 822.048
972.082 814.036
972.397 804.024
972.712 814.012
973.028 802.000
973.343 808.988
973.658 792.976
973.973 796.964
974.288 808.952
974.603 799.939
974.918 798.927
975.233 812.915
975.548 796.903
975.864 799.890
976.179 788.878
976.494 800.866
976.809 789.853
977.124 799.841
977.439 785.828
977.754 783.816
978.069 790.803
978.384 778.791
978.700 776.778
979.015 775.766
979.330 788.753
979.645 772.740
979.960 774.728
980.275 771.715
980.590 776.702
980.905 772.689
981.221 769.676
981.536 763.664
981.851 760.651
982.166 757.638
982.481 751.625
982.796 751.612
983.111 757.599
983.426 756.586
983.741 753.573
984.057 751.560
984.372 755.546
984.687 745.533
985.002 745.520
985.317 745.507
985.632 741.494
985.947 734.480
986.262 739.467
986.577 743.454
986.893 730.440
987.208 736.427
987.523 736.413
987.838 726.400
988.153 728.386
988.468 726.373
988.783 714.359
989.098 727.346
989.413 728.332
989.729 727.318
990.044 727.304
990.359 720.291
990.674 714.277
990.989 720.263
991.304 725.249
991.619 728.235
991.934 723.221
992.249 726.207
992.565 721.193
992.880 723.179
993.195 742.165
993.510 730.151
993.825 723.137
994.140 722.123
994.455 725.109
994.770 722.094
995.085 731.080
995.401 735.066
995.716 724.052
996.031 730.037
996.346 722.023
996.661 731.008
996.976 726.994
997.291 726.979
997.606 715.965
997.921 719.950
998.237 723.935
998.552 725.921
998.867 724.906
999.182 740.891
999.497 732.877
999.812 731.862
1000.127 741.847
1000.442 740.832
1000.757 745.817
1001.073 738.802
1001.388 748.787
1001.703 745.772
1002.018 752.757
1002.333 761.742
1002.648 754.727
1002.963 773.712
1003.278 758.696
1003.593 765.681
1003.909 772.666
1004.224 764.650
1004.539 774.635
1004.854 774.620
1005.169 779.604
1005.484 766.589
1005.799 781.573
1006.114 790.558
1006.429 778.542
1006.745 791.526
1007.060 793.511
1007.375 797.495
1007.690 793.479
1008.005 792.463
1008.320 809.448
1008.635 805.432
1008.950 813.416
1009.265 815.400
1009.581 814.384
1009.896 820.368
1010.211 817.352
1010.526 828.336
1010.841 819.319
1011.156 829.303
1011.471 836.287
1011.786 831.271
1012.102 840.254
1012.417 846.238
1012.732 844.222
1013.047 853.205
1013.362 849.189
1013.677 852.172
1013.992 854.155
1014.307 852.139
1014.622 868.122
1014.938 868.105
1015.253 870.089
1015.568 870.072
1015.883 877.055
1016.198 873.038
1016.513 870.021
1016.828 878.004
1017.143 890.987
1017.458 889.970
1017.774 895.953
1018.089 901.936
1018.404 897.919
1018.719 897.902
1019.034 911.884
1019.349 907.867
1019.664 914.850
1019.979 905.832
1020.294 915.815
1020.610 920.797
1020.925 928.780
1021.240 925.762
1021.555 935.745
1021.870 937.727
1022.185 942.709
1022.500 942.692
1022.815 945.674
1023.130 952.656
1023.446 957.638
1023.761 963.620
1024.076 968.602
1024.391 969.584
1024.706 972.566
1025.021 984.548
1025.336 982.530
1025.651 985.512
1025.966 988.493
1026.282 997.475
1026.597 1008.457
1026.912 1006.438
1027.227 1012.420
1027.542 1015.401
1027.857 1021.383
1028.172 1032.364
1028.487 1022.346
1028.802 1045.327
1029.118 1031.308
1029.433 1043.290
1029.748 1046.271
1030.063 1052.252
1030.378 1045.233
1030.693 1053.214
1031.008 1058.195
1031.323 1058.176
1031.638 1059.157
1031.954 1072.138
1032.269 1068.118
1032.584 1074.099
1032.899 1071.080
1033.214 1073.060
1033.529 1074.041
1033.844 1081.022
1034.159 1075.002
1034.474 1084.983
1034.790 1095.963
1035.105 1082.943
1035.420 1092.924
1035.735 1101.904
1036.050 1089.884
1036.365 1087.864
1036.680 1093.844
1036.995 1109.824
1037.310 1117.804
1037.626 1115.784
1037.941 1101.764
1038.256 1110.744
1038.571 1104.724
1038.886 1101.703
1039.201 1110.683
1039.516 1107.663
1039.831 1112.642
1040.146 1107.622
1040.462 1112.601
1040.777 1119.581
1041.092 1117.560
1041.407 1122.539
1041.722 1115.518
1042.037 1131.498
1042.352 1126.477
1042.667 1118.456
1042.982 1117.435
1043.298 1121.414
1043.613 1107.393
1043.928 1121.372
1044.243 1115.350
1044.558 1114.329
1044.873 1112.308
1045.188 1120.287
1045.503 1109.265
1045.819 1112.244
1046.134 1115.222
1046.449 1106.201
1046.764 1106.179
1047.079 1108.157
1047.394 1110.136
1047.709 1122.114
1048.024 1115.092
1048.339 1105.070
1048.655 1116.048
1048.970 1107.026
1049.285 1096.004
1049.600 1104.982
1049.915 1101.960
1050.230 1088.937
1050.545 1093.915
1050.860 1092.893
1051.175 1100.870
1051.491 1101.848
1051.806 1092.825
1052.121 1085.803
1052.436 1086.780
1052.751 1084.757
1053.066 1096.734
1053.381 1087.712
1053.696 1080.689
1054.011 1077.666
1054.327 1077.643
1054.642 1077.620
1054.957 1073.596
1055.272 1065.573
1055.587 1073.550
1055.902 1074.527
1056.217 1073.503
1056.532 1060.480
1056.847 1064.456
1057.163 1062.433
1057.478 1071.409
1057.793 1051.385
1058.108 1042.362
1058.423 1054.338
1058.738 1053.314
1059.053 1054.290
1059.368 1050.266
1059.683 1049.242
1059.999 1052.218
1060.314 1057.194
1060.629 1046.170
1060.944 1050.145
1061.259 1042.121
1061.574 1045.096
1061.889 1042.072
1062.204 1043.047
1062.519 1044.023
1062.835 1035.998
1063.150 1037.973
1063.465 1041.948
1063.780 1043.924
1064.095 1054.899
1064.410 1036.874
1064.725 1040.849
1065.040 1036.823
1065.355 1033.798
1065.671 1036.773
1065.986 1036.748
1066.301 1028.722
1066.616 1030.697
1066.931 1028.671
1067.246 1024.646
1067.561 1030.620
1067.876 1020.594
1068.191 1017.568
1068.507 1019.542
1068.822 1020.517
1069.137 1022.491
1069.452 1014.464
1069.767 1009.438
1070.082 1019.412
1070.397 1021.386
1070.712 1018.359
1071.027 1011.333
1071.343 998.307
1071.658 1008.280
1071.973 1005.253
1072.288 1008.227
1072.603 1011.200
1072.918 1016.173
1073.233 1007.146
1073.548 996.119
1073.863 1001.092
1074.179 993.065
1074.494 1004.038
1074.809 988.011
1075.124 988.983
1075.439 991.956
1075.754 999.929
1076.069 990.901
1076.384 991.873
1076.699 990.846
1077.015 989.818
1077.330 984.790
1077.645 979.762
1077.960 978.734
1078.275 983.706
1078.590 981.678
1078.905 982.650
1079.220 993.622
1079.536 986.594
1079.851 976.565
1080.166 975.537
1080.481 972.508
1080.796 977.480
1081.111 974.451
1081.426 965.422
1081.741 979.393
1082.056 976.364
1082.372 971.335
1082.687 972.306
1083.002 974.277
1083.317 975.248
1083.632 977.219
1083.947 971.189
1084.262 974.160
1084.577 956.130
1084.892 966.101
1085.208 972.071
1085.523 968.041
1085.838 961.012
1086.153 968.982
1086.468 962.952
1086.783 963.922
1087.098 952.892
1087.413 953.861
1087.728 960.831
1088.044 960.801
1088.359 958.770
1088.674 961.740
1088.989 950.709
1089.304 959.679
1089.619 962.648
1089.934 956.617
1090.249 954.586
1090.564 953.555
1090.880 951.524
1091.195 951.493
1091.510 950.462
1091.825 952.431
1092.140 944.399
1092.467 960.368
1092.794 947.336
1093.121 955.305
1093.448 944.273
1093.775 949.241
1094.102 944.209
1094.429 938.178
1094.756 936.146
1095.083 940.114
1095.410 932.081
1095.737 951.049
1096.064 939.017
1096.391 939.984
1096.718 941.952
1097.045 935.919
1097.372 934.887
1097.699 935.854
1098.026 936.821
1098.353 928.788
1098.680 932.755
1099.007 927.722
1099.334 933.689
1099.661 937.656
1099.988 931.623
1100.315 928.589
1100.642 932.556
1100.969 926.522
1101.296 929.489
1101.623 930.455
1101.950 934.421
1102.277 922.387
1102.604 922.353
1102.931 919.319
1103.258 926.285
1103.585 923.251
1103.912 926.216
1104.239 926.182
1104.566 933.148
1104.893 930.113
1105.220 915.078
1105.547 933.044
1105.874 931.009
1106.201 932.974
1106.528 926.939
1106.855 922.904
1107.182 924.869
1107.509 922.833
1107.836 924.798
1108.163 929.763
1108.490 924.727
1108.817 920.692
1109.144 925.656
1109.470 925.620
1109.797 920.584
1110.124 927.548
1110.451 918.512
1110.778 929.476
1111.105 935.440
1111.432 928.404
1111.759 917.368
1112.086 918.331
1112.413 926.295
1112.740 925.258
1113.067 930.221
1113.394 924.184
1113.721 917.148
1114.048 924.111
1114.375 915.073
1114.702 926.036
1115.029 920.999
1115.356 916.962
1115.683 915.924
1116.010 928.887
1116.337 919.849
1116.664 913.812
1116.991 907.774
1117.318 904.736
1117.645 914.698
1117.972 917.660
1118.299 911.622
1118.626 909.584
1118.953 906.545
1119.280 907.507
1119.607 905.469
1119.934 897.430
1120.261 905.391
1120.588 908.353
1120.915 902.314
1121.242 905.275
1121.569 900.236
1121.896 898.197
1122.223 900.158
1122.550 896.118
1122.877 903.079
1123.204 898.039
1123.531 893.000
1123.858 891.960
1124.185 901.921
1124.512 892.881
1124.839 891.841
1125.166 892.801
1125.493 885.761
1125.820 885.721
1126.147 889.680
1126.474 888.640
1126.801 881.600
1127.128 885.559
1127.455 886.518
1127.782 882.478
1128.109 882.437
1128.436 894.396
1128.763 871.355
1129.090 872.314
1129.417 874.273
1129.744 876.232
1130.071 874.190
1130.398 873.149
1130.725 862.107
1131.052 874.066
1131.379 868.024
1131.706 868.982
1132.033 874.940
1132.360 864.899
1132.687 868.856
1133.014 875.814
1133.341 852.772
1133.668 847.730
1133.995 850.687
1134.322 858.645
1134.649 847.602
1134.976 861.560
1135.303 844.517
1135.630 839.474
1135.957 839.431
1136.284 850.388
1136.611 842.345
1136.938 841.302
1137.265 823.259
1137.592 823.215
1137.919 820.172
1138.246 820.128
1138.573 831.084
1138.900 810.041
1139.227 810.997
1139.554 803.953
1139.881 812.909
1140.208 795.865
1140.535 795.821
1140.862 795.777
1141.189 795.732
1141.516 795.688
1141.843 791.643
1142.170 773.599
1142.497 775.554
1142.824 776.509
1143.151 767.464
1143.478 772.419
1143.805 772.374
1144.131 771.329
1144.458 768.284
1144.785 771.239
1145.112 771.193
1145.439 763.148
1145.766 762.102
1146.093 770.057
1146.420 768.011
1146.747 758.965
1147.074 749.919
1147.401 757.873
1147.728 756.827
1148.055 768.781
1148.382 750.735
1148.709 761.689
1149.036 753.642
1149.363 752.596
1149.690 746.549
1150.017 749.503
1150.344 751.456
1150.671 736.409
1150.998 753.362
1151.325 749.315
1151.652 749.268
1151.979 745.221
1152.306 741.174
1152.633 745.127
1152.960 740.079
1153.287 750.032
1153.614 746.984
1153.941 747.937
1154.268 735.889
1154.595 737.841
1154.922 744.794
1155.249 750.746
1155.576 749.698
1155.903 744.650
1156.230 739.601
1156.557 747.553
1156.884 735.505
1157.211 739.457
1157.538 751.408
1157.865 736.360
1158.192 738.311
1158.519 733.262
1158.846 739.214
1159.173 747.165
1159.500 732.116
1159.827 734.067
1160.154 737.018
1160.481 735.969
1160.808 738.920
1161.135 741.871
1161.462 731.821
1161.789 734.772
1162.116 736.722
1162.443 726.673
1162.770 722.623
1163.097 725.574
1163.424 721.524
1163.751 720.474
1164.078 723.424
1164.405 724.375
1164.732 725.325
1165.059 715.275
1165.386 729.224
1165.713 730.174
1166.040 736.124
1166.367 715.074
1166.694 716.023
1167.021 721.973
1167.348 733.922
1167.675 711.872
1168.002 717.821
1168.329 718.771
1168.656 717.720
1168.983 698.669
1169.310 712.618
1169.637 697.567
1169.964 696.517
1170.291 702.466
1170.618 688.415
1170.945 677.363
1171.272 669.312
1171.599 671.261
1171.926 665.210
1172.253 663.158
1172.580 647.107
1172.907 649.056
1173.234 644.004
1173.561 636.953
1173.888 630.901
1174.215 631.850
1174.542 627.798
1174.869 616.746
1175.196 630.694
1175.523 623.643
1175.850 619.591
1176.177 629.539
1176.504 629.487
1176.831 626.435
1177.158 626.383
1177.485 629.331
1177.812 612.279
1178.139 622.227
1178.465 617.175
1178.792 616.122
1179.119 613.070
1179.446 611.018
1179.773 602.966
1180.100 605.913
1180.427 594.861
1180.754 602.809
1181.081 605.756
1181.408 583.704
1181.735 580.651
1182.062 580.599
1182.389 573.546
1182.716 584.494
1183.043 580.441
1183.370 582.388
1183.697 575.336
1184.024 572.283
1184.351 579.231
1184.678 558.178
1185.005 566.125
1185.332 575.072
1185.659 577.020
1185.986 570.967
1186.313 576.914
1186.640 566.861
1186.967 567.809
1187.294 563.756
1187.621 560.703
1187.948 559.650
1188.275 554.597
1188.602 553.544
1188.929 557.491
1189.256 545.439
1189.583 546.386
1189.910 557.333
1190.237 547.280
1190.564 560.227
1190.891 547.174
1191.218 552.121
1191.545 548.069
1191.872 540.016
1192.199 539.963
1192.526 540.910
1192.853 531.857
1193.180 542.804
1193.507 547.751
1193.834 522.699
1194.161 528.646
1194.488 534.593
1194.815 525.540
1195.142 532.488
1195.469 522.435
1195.796 528.382
1196.123 531.329
1196.450 517.277
1196.777 518.224
1197.104 515.171
1197.431 517.119
1197.758 508.066
1198.085 502.014
1198.412 517.961
1198.739 519.909
1199.066 520.856
1199.393 509.804
1199.720 506.751
1200.047 501.699
1200.374 503.647
1200.701 501.594
1201.028 496.542
1201.355 491.490
1201.682 490.438
1202.009 487.386
1202.336 483.334
1202.663 494.282
1202.990 484.230
1203.317 472.178
1203.644 476.126
1203.971 476.074
1204.298 473.022
1204.625 474.971
1204.952 476.919
1205.279 467.868
1205.606 467.816
1205.933 464.765
1206.260 461.713
1206.587 455.662
1206.914 458.611
1207.241 453.559
1207.568 450.508
1207.895 452.457
1208.222 449.406
1208.549 447.355
1208.876 445.305
1209.203 436.254
1209.530 445.203
1209.857 438.153
1210.184 444.102
1210.511 432.052
1210.838 429.001
1211.165 429.951
1211.492 425.901
1211.819 418.851
1212.146 420.801
1212.473 405.751
1212.799 416.701
1213.126 410.652
1213.453 399.602
1213.780 396.553
1214.107 403.503
1214.434 400.454
1214.761 412.405
1215.088 409.356
1215.415 392.307
1215.742 402.258
1216.069 397.209
1216.396 390.161
1216.723 395.112
1217.050 384.064
1217.377 389.016
1217.704 385.968
1218.031 372.920
1218.358 374.872
1218.685 376.824
1219.012 367.776
1219.339 373.729
1219.666 370.682
1219.993 361.634
1220.320 357.587
1220.647 354.540
1220.974 360.494
1221.301 350.447
1221.628 351.400
1221.955 344.354
1222.282 350.308
1222.609 347.262
1222.936 342.216
1223.263 346.170
1223.590 338.124
1223.917 345.079
1224.244 347.034
1224.571 341.989
1224.898 336.944
1225.225 327.899
1225.552 332.854
1225.879 320.810
1226.206 329.765
1226.533 322.721
1226.860 322.677
1227.187 325.634
1227.514 323.590
1227.841 321.547
1228.168 311.503
1228.495 314.460
1228.822 315.417
1229.149 312.375
1229.476 313.332
1229.803 316.290
1230.130 305.248
1230.457 305.206
1230.784 298.164
1231.111 305.123
1231.438 303.081
1231.765 302.040
1232.092 289.999
1232.419 295.958
1232.746 293.918
