168.180 7.488
168.450 49.488
168.720 67.488
168.990 72.487
169.260 70.487
169.530 66.487
169.799 68.487
170.069 66.486
170.339 75.486
170.609 60.486
170.879 70.486
171.149 73.485
171.418 66.485
171.688 80.485
171.958 79.484
172.228 70.484
172.498 71.484
172.768 74.484
173.037 68.483
173.307 70.483
173.577 64.483
173.847 68.483
174.117 64.482
174.387 69.482
174.656 79.482
174.926 73.481
175.196 71.481
175.466 63.481
175.736 75.481
176.006 64.480
176.275 67.480
176.545 70.480
176.815 67.480
177.085 73.479
177.355 69.479
177.625 71.479
177.894 60.478
178.164 69.478
178.434 71.478
178.704 74.478
178.974 71.477
179.244 66.477
179.513 67.477
179.783 75.477
180.053 77.476
180.323 71.476
180.593 68.476
180.863 65.475
181.132 62.475
181.402 72.475
181.672 65.475
181.942 68.474
182.212 66.474
182.482 69.474
182.751 74.473
183.021 72.473
183.291 72.473
183.561 77.473
183.831 65.472
184.101 80.472
184.370 71.472
184.640 75.472
184.910 72.471
185.164 75.471
185.417 68.471
185.671 75.470
185.925 75.470
186.178 67.470
186.432 66.470
186.686 75.469
186.939 76.469
187.193 67.469
187.447 68.468
187.700 75.468
187.954 73.468
188.207 69.468
188.461 80.467
188.715 67.467
188.968 73.467
189.222 70.466
189.476 73.466
189.729 77.466
189.983 72.466
190.237 72.465
190.490 69.465
190.744 66.465
190.998 74.464
191.251 77.464
191.505 68.464
191.759 62.464
192.012 71.463
192.266 72.463
192.520 72.463
192.773 72.462
193.027 69.462
193.281 68.462
193.534 67.462
193.788 72.461
194.042 68.461
194.295 74.461
194.549 67.460
194.802 67.460
195.056 68.460
195.310 67.460
195.563 71.459
195.817 71.459
196.071 69.459
196.324 80.458
196.578 71.458
196.832 64.458
197.085 71.458
197.339 83.457
197.593 75.457
197.846 71.457
198.100 71.456
198.354 68.456
198.607 72.456
198.861 69.456
199.115 72.455
199.368 75.455
199.622 70.455
199.876 77.454
200.129 85.454
200.383 77.454
200.636 75.453
200.890 75.453
201.144 70.453
201.397 72.453
201.651 68.452
201.905 74.452
202.158 76.452
202.412 76.451
202.666 77.451
202.919 79.451
203.173 70.451
203.427 74.450
203.680 66.450
203.934 78.450
204.188 70.449
204.441 67.449
204.695 72.449
204.949 75.448
205.202 80.448
205.456 73.448
205.710 74.448
205.963 76.447
206.217 75.447
206.471 76.447
206.724 78.446
206.978 85.446
207.231 80.446
207.485 84.445
207.739 79.445
207.992 73.445
208.246 80.445
208.500 67.444
208.753 80.444
209.007 83.444
209.261 78.443
209.514 73.443
209.768 84.443
210.022 80.442
210.275 68.442
210.529 74.442
210.783 73.442
211.036 71.441
211.290 71.441
211.544 78.441
211.797 71.440
212.051 73.440
212.305 73.440
212.558 71.439
212.812 76.439
213.065 79.439
213.319 70.438
213.573 76.438
213.826 77.438
214.080 77.438
214.334 74.437
214.587 83.437
214.841 76.437
215.095 76.436
215.348 79.436
215.602 83.436
215.856 76.435
216.109 81.435
216.363 72.435
216.617 78.434
216.870 85.434
217.124 76.434
217.378 79.434
217.631 77.433
217.885 79.433
218.139 83.433
218.392 71.432
218.646 77.432
218.900 80.432
219.153 70.431
219.407 76.431
219.660 78.431
219.914 81.430
220.168 81.430
220.421 80.430
220.675 77.429
220.929 76.429
221.182 76.429
221.436 77.429
221.690 78.428
221.943 74.428
222.197 78.428
222.451 76.427
222.704 89.427
222.958 74.427
223.212 73.426
223.465 78.426
223.719 78.426
223.973 76.425
224.226 80.425
224.480 72.425
224.734 78.424
224.987 80.424
225.241 85.424
225.494 75.423
225.748 83.423
226.002 79.423
226.255 74.423
226.509 74.422
226.763 79.422
227.016 80.422
227.270 76.421
227.524 78.421
227.777 76.421
228.031 79.420
228.285 78.420
228.538 76.420
228.792 83.419
229.046 81.419
229.299 72.419
229.553 80.418
229.807 73.418
230.060 74.418
230.314 75.417
230.568 78.417
230.821 75.417
231.075 81.416
231.329 72.416
231.582 78.416
231.836 73.415
232.089 82.415
232.343 89.415
232.597 77.414
232.850 79.414
233.104 82.414
233.358 87.413
233.611 77.413
233.865 84.413
234.119 85.412
234.372 75.412
234.626 75.412
234.880 85.412
235.133 81.411
235.387 73.411
235.641 79.411
235.894 84.410
236.148 76.410
236.402 89.410
236.655 90.409
236.909 83.409
237.163 80.409
237.416 79.408
237.670 75.408
237.924 84.408
238.177 85.407
238.431 91.407
238.684 83.407
238.938 87.406
239.192 77.406
239.445 78.406
239.699 82.405
239.953 82.405
240.206 91.405
240.460 84.404
240.714 79.404
240.967 74.404
241.221 88.403
241.475 81.403
241.728 87.403
241.982 79.402
242.236 85.402
242.489 82.402
242.743 80.401
242.997 79.401
243.250 89.401
243.504 75.400
243.758 77.400
244.011 91.400
244.265 90.399
244.518 78.399
244.772 81.399
245.026 87.398
245.279 81.398
245.533 79.397
245.787 80.397
246.040 86.397
246.294 80.396
246.548 86.396
246.801 81.396
247.055 83.395
247.309 85.395
247.562 87.395
247.816 83.394
248.070 89.394
248.323 83.394
248.577 83.393
248.831 82.393
249.084 84.393
249.338 81.392
249.592 91.392
249.845 84.392
250.099 82.391
250.353 87.391
250.606 83.391
250.860 80.390
251.113 84.390
251.367 83.390
251.621 89.389
251.874 87.389
252.128 84.389
252.382 91.388
252.635 88.388
252.889 85.387
253.143 85.387
253.396 83.387
253.650 83.386
253.911 87.386
254.172 86.386
254.433 83.385
254.694 85.385
254.955 79.385
255.216 86.384
255.477 94.384
255.738 83.384
255.999 81.383
256.261 94.383
256.522 91.383
256.783 91.382
257.044 89.382
257.305 94.382
257.566 91.381
257.827 96.381
258.088 87.380
258.349 91.380
258.610 97.380
258.871 93.379
259.132 93.379
259.393 97.379
259.654 89.378
259.915 95.378
260.176 96.378
260.437 86.377
260.698 94.377
260.959 89.377
261.221 87.376
261.482 86.376
261.743 87.375
262.004 87.375
262.265 86.375
262.526 87.374
262.787 94.374
263.048 88.374
263.309 100.373
263.570 90.373
263.831 86.373
264.092 90.372
264.353 90.372
264.614 98.372
264.875 88.371
265.136 93.371
265.397 96.370
265.658 97.370
265.919 90.370
266.181 94.369
266.442 97.369
266.703 94.369
266.964 98.368
267.225 99.368
267.486 97.368
267.747 93.367
268.008 94.367
268.269 96.366
268.530 94.366
268.791 98.366
269.052 92.365
269.313 92.365
269.574 100.365
269.835 88.364
270.096 99.364
270.357 89.363
270.618 80.363
270.879 93.363
271.141 94.362
271.402 88.362
271.663 98.362
271.924 103.361
272.185 90.361
272.446 97.361
272.707 90.360
272.968 91.360
273.229 97.359
273.490 91.359
273.751 92.359
274.012 88.358
274.273 97.358
274.534 95.358
274.795 93.357
275.056 91.357
275.317 92.356
275.578 91.356
275.839 97.356
276.101 93.355
276.362 90.355
276.623 98.355
276.884 98.354
277.145 85.354
277.406 92.353
277.667 91.353
277.928 95.353
278.189 96.352
278.450 103.352
278.711 91.351
278.972 100.351
279.233 90.351
279.494 95.350
279.755 98.350
280.016 96.350
280.277 102.349
280.538 99.349
280.799 99.348
281.061 99.348
281.322 97.348
281.583 93.347
281.844 101.347
282.105 94.347
282.366 98.346
282.627 100.346
282.888 101.345
283.149 96.345
283.410 111.345
283.671 97.344
283.932 101.344
284.193 100.343
284.454 96.343
284.715 92.343
284.976 92.342
285.237 90.342
285.498 102.342
285.759 105.341
286.021 98.341
286.282 106.340
286.543 99.340
286.804 96.340
287.065 93.339
287.326 97.339
287.587 97.338
287.848 104.338
288.109 98.338
288.370 104.337
288.631 107.337
288.892 98.336
289.153 100.336
289.414 101.336
289.675 105.335
289.936 98.335
290.197 99.334
290.458 97.334
290.719 102.334
290.981 100.333
291.242 101.333
291.503 110.332
291.764 97.332
292.025 98.332
292.286 110.331
292.547 101.331
292.808 92.331
293.069 99.330
293.330 101.330
293.591 98.329
293.852 105.329
294.113 99.329
294.374 100.328
294.635 104.328
294.896 99.327
295.157 94.327
295.418 97.327
295.679 103.326
295.941 106.326
296.202 96.325
296.463 102.325
296.724 106.324
296.985 106.324
297.246 105.324
297.507 99.323
297.768 105.323
298.029 95.322
298.290 104.322
298.551 106.322
298.812 100.321
299.073 103.321
299.334 91.320
299.595 101.320
299.856 104.320
300.117 104.319
300.378 103.319
300.639 104.318
300.901 98.318
301.162 110.318
301.423 98.317
301.684 102.317
301.945 97.316
302.206 106.316
302.467 103.316
302.728 106.315
302.989 101.315
303.250 102.314
303.511 100.314
303.772 105.313
304.033 111.313
304.294 101.313
304.555 102.312
304.816 101.312
305.077 102.311
305.338 109.311
305.599 103.311
305.861 110.310
306.122 105.310
306.383 100.309
306.644 99.309
306.905 110.308
307.166 103.308
307.427 105.308
307.688 112.307
307.949 115.307
308.210 110.306
308.471 104.306
308.732 104.306
308.993 107.305
309.254 99.305
309.515 106.304
309.776 110.304
310.037 100.303
310.298 105.303
310.559 110.303
310.821 109.302
311.082 108.302
311.343 107.301
311.604 110.301
311.865 104.300
312.126 100.300
312.387 100.300
312.648 110.299
312.909 110.299
313.170 109.298
313.437 106.298
313.704 111.297
313.971 119.297
314.238 116.297
314.504 104.296
314.771 107.296
315.038 116.295
315.305 114.295
315.572 108.294
315.839 113.294
316.106 108.294
316.373 104.293
316.640 112.293
316.906 111.292
317.173 102.292
317.440 103.291
317.707 103.291
317.974 110.291
318.241 112.290
318.508 109.290
318.775 111.289
319.042 120.289
319.308 114.288
319.575 122.288
319.842 106.288
320.109 116.287
320.376 106.287
320.643 116.286
320.910 118.286
321.177 118.285
321.444 110.285
321.710 111.284
321.977 111.284
322.244 111.284
322.511 112.283
322.778 106.283
323.045 112.282
323.312 115.282
323.579 116.281
323.846 115.281
324.112 113.281
324.379 120.280
324.646 109.280
324.913 112.279
325.180 111.279
325.447 114.278
325.714 111.278
325.981 123.277
326.248 120.277
326.514 118.277
326.781 119.276
327.048 108.276
327.315 115.275
327.582 120.275
327.849 113.274
328.116 113.274
328.383 116.273
328.649 122.273
328.916 119.272
329.183 111.272
329.450 111.272
329.717 122.271
329.984 117.271
330.251 113.270
330.518 111.270
330.785 120.269
331.051 125.269
331.318 120.268
331.585 112.268
331.852 126.268
332.119 121.267
332.386 129.267
332.653 129.266
332.920 127.266
333.187 117.265
333.453 125.265
333.720 126.264
333.987 123.264
334.254 132.263
334.521 127.263
334.788 121.262
335.055 141.262
335.322 141.262
335.589 139.261
335.855 145.261
336.122 149.260
336.389 145.260
336.656 161.259
336.923 149.259
337.190 152.258
337.457 163.258
337.724 159.257
337.991 165.257
338.257 173.256
338.524 177.256
338.791 179.256
339.058 184.255
339.325 182.255
339.592 187.254
339.859 197.254
340.126 202.253
340.393 212.253
340.659 218.252
340.926 223.252
341.193 231.251
341.460 236.251
341.727 248.250
341.994 254.250
342.261 258.249
342.528 262.249
342.795 269.248
343.061 273.248
343.328 287.248
343.595 289.247
343.862 310.247
344.129 316.246
344.396 326.246
344.663 335.245
344.930 345.245
345.197 348.244
345.463 362.244
345.730 370.243
345.997 384.243
346.264 393.242
346.531 411.242
346.798 421.241
347.065 429.241
347.332 439.240
347.599 449.240
347.865 459.239
348.132 482.239
348.399 491.238
348.666 500.238
348.933 516.237
349.200 529.237
349.467 542.237
349.734 556.236
350.001 572.236
350.267 578.235
350.534 599.235
350.801 613.234
351.068 632.234
351.335 642.233
351.602 656.233
351.869 656.232
352.136 673.232
352.402 695.231
352.669 701.231
352.936 724.230
353.203 731.230
353.470 748.229
353.737 760.229
354.004 782.228
354.271 791.228
354.538 805.227
354.804 831.227
355.071 840.226
355.338 851.226
355.605 874.225
355.872 889.225
356.139 904.224
356.406 916.224
356.673 937.223
356.940 954.223
357.206 981.988
357.473 1008.355
357.740 1019.494
358.007 1048.234
358.274 1064.379
358.541 1068.382
358.808 1098.500
359.075 1122.923
359.342 1137.837
359.608 1152.419
359.875 1172.319
360.142 1209.718
360.409 1220.387
360.676 1261.857
360.943 1272.668
361.210 1287.850
361.477 1311.357
361.744 1330.768
362.010 1341.178
362.277 1369.628
362.544 1390.569
362.811 1412.969
363.078 1426.706
363.345 1463.868
363.612 1486.423
363.879 1516.730
364.146 1518.780
364.412 1537.948
364.679 1578.097
364.946 1586.617
365.213 1603.895
365.480 1639.747
365.748 1641.304
366.017 1662.533
366.285 1696.067
366.553 1712.641
366.822 1739.544
367.090 1744.764
367.358 1764.414
367.627 1784.364
367.895 1791.843
368.164 1824.010
368.432 1842.732
368.700 1873.836
368.969 1905.463
369.237 1894.431
369.505 1915.683
369.774 1924.915
370.042 1956.790
370.310 1976.783
370.579 1997.990
370.847 2023.789
371.115 2039.546
371.384 2049.380
371.652 2062.578
371.921 2061.395
372.189 2064.374
372.457 2103.009
372.726 2129.824
372.994 2126.599
373.262 2163.728
373.531 2149.825
373.799 2168.712
374.067 2181.927
374.336 2199.769
374.604 2217.790
374.872 2222.429
375.141 2227.777
375.409 2239.241
375.678 2259.463
375.946 2284.985
376.214 2301.822
376.483 2304.643
376.751 2317.694
377.019 2326.355
377.288 2337.119
377.556 2344.653
377.824 2380.841
378.093 2373.457
378.361 2408.117
378.629 2433.206
378.898 2451.530
379.166 2465.931
379.435 2484.684
379.703 2488.961
379.971 2514.598
380.240 2543.017
380.508 2550.403
380.776 2567.496
381.045 2584.852
381.313 2612.367
381.581 2611.475
381.850 2636.161
382.118 2685.133
382.386 2704.998
382.655 2707.319
382.923 2750.991
383.192 2766.529
383.460 2787.281
383.728 2800.396
383.997 2824.914
384.265 2856.864
384.533 2893.271
384.802 2911.724
385.070 2942.946
385.338 2987.124
385.607 3003.427
385.875 3022.833
386.143 3062.002
386.412 3100.071
386.680 3130.472
386.948 3142.880
387.217 3206.285
387.485 3226.510
387.754 3231.698
388.022 3271.123
388.290 3288.992
388.559 3359.957
388.827 3405.845
389.095 3410.207
389.364 3464.147
389.632 3499.628
389.900 3516.476
390.169 3555.003
390.437 3608.440
390.705 3613.805
390.974 3670.093
391.242 3709.496
391.511 3749.356
391.779 3776.865
392.047 3812.463
392.316 3839.777
392.584 3915.566
392.852 3939.948
393.121 3970.087
393.389 4032.455
393.657 4078.403
393.926 4119.004
394.194 4156.309
394.462 4187.791
394.731 4226.412
394.999 4256.540
395.268 4319.305
395.536 4385.262
395.804 4398.459
396.073 4428.725
396.341 4479.055
396.609 4538.046
396.878 4563.902
397.146 4632.782
397.414 4683.640
397.683 4723.888
397.951 4748.311
398.219 4821.763
398.488 4876.327
398.756 4908.095
399.025 4965.482
399.293 5004.328
399.561 5048.160
399.830 5108.930
400.098 5176.428
400.366 5199.724
400.635 5250.141
400.903 5295.856
401.171 5334.863
401.440 5426.918
401.708 5477.673
401.976 5499.615
402.245 5531.453
402.513 5618.985
402.782 5682.527
403.050 5697.421
403.318 5751.701
403.587 5826.313
403.855 5882.056
404.123 5929.004
404.392 5958.335
404.660 6034.615
404.934 6103.688
405.207 6136.114
405.481 6187.761
405.754 6239.124
406.028 6302.650
406.301 6343.944
406.575 6390.885
406.848 6435.729
407.122 6487.548
407.395 6562.692
407.669 6608.730
407.942 6639.160
408.216 6745.388
408.489 6760.082
408.763 6807.896
409.036 6885.507
409.310 6912.071
409.583 6958.192
409.857 7047.390
410.130 7092.654
410.404 7123.679
410.677 7178.802
410.951 7253.787
411.224 7298.655
411.498 7311.574
411.771 7369.635
412.045 7443.981
412.318 7484.521
412.592 7520.320
412.865 7596.385
413.139 7639.574
413.412 7704.351
413.686 7748.304
413.959 7823.820
414.233 7854.897
414.506 7907.800
414.780 7960.147
415.053 8025.747
415.327 8044.027
415.600 8144.129
415.874 8184.233
416.147 8227.514
416.421 8295.533
416.694 8336.474
416.968 8419.553
417.241 8470.747
417.515 8518.244
417.788 8578.144
418.062 8615.791
418.335 8681.503
418.609 8734.298
418.882 8800.696
419.156 8793.713
419.429 8870.482
419.703 8951.142
419.976 9017.058
420.250 9023.972
420.524 9118.735
420.797 9152.329
421.071 9211.819
421.344 9256.041
421.618 9290.762
421.891 9343.001
422.165 9438.893
422.438 9446.514
422.712 9511.020
422.985 9534.277
423.259 9615.163
423.532 9670.064
423.806 9686.279
424.079 9770.542
424.353 9852.082
424.626 9861.497
424.900 9888.527
425.173 9932.216
425.447 9994.079
425.720 10052.079
425.994 10093.171
426.267 10146.664
426.541 10194.661
426.814 10205.282
427.088 10276.180
427.361 10347.508
427.635 10375.326
427.908 10428.502
428.182 10462.385
428.455 10520.759
428.729 10522.205
429.002 10576.104
429.276 10626.079
429.549 10645.232
429.823 10693.229
430.096 10688.511
430.370 10735.214
430.643 10833.737
430.917 10845.988
431.190 10894.220
431.464 10938.574
431.737 10959.824
432.011 11028.290
432.284 11022.219
432.558 11073.430
432.831 11136.883
433.105 11115.292
433.378 11197.046
433.652 11230.752
433.925 11242.544
434.199 11321.702
434.472 11319.738
434.746 11410.057
435.019 11487.544
435.293 11512.518
435.566 11517.983
435.840 11534.315
436.119 11604.820
436.398 11648.514
436.677 11647.577
436.956 11699.061
437.235 11682.857
437.514 11704.774
437.793 11753.002
438.073 11783.726
438.352 11819.479
438.631 11847.106
438.910 11887.412
439.189 11899.460
439.468 11958.012
439.747 11988.337
440.026 12023.458
440.305 12080.043
440.584 12118.604
440.863 12158.602
441.142 12218.912
441.421 12251.986
441.700 12288.669
441.979 12324.311
442.258 12340.484
442.538 12436.383
442.817 12430.687
443.096 12472.393
443.375 12490.345
443.654 12569.385
443.933 12589.354
444.212 12665.077
444.491 12660.227
444.770 12736.157
445.049 12761.240
445.328 12830.109
445.607 12864.288
445.886 12919.716
446.165 12921.828
446.444 13003.946
446.723 13025.543
447.003 13066.759
447.282 13071.736
447.561 13141.619
447.840 13192.523
448.119 13271.764
448.398 13289.836
448.677 13346.597
448.956 13404.784
449.235 13458.728
449.514 13511.487
449.793 13529.961
450.072 13565.585
450.351 13632.918
450.630 13649.317
450.909 13678.733
451.188 13766.919
451.468 13805.264
451.747 13821.228
452.026 13882.725
452.305 13934.225
452.584 14012.172
452.863 14077.249
453.142 14063.907
453.421 14122.087
453.700 14205.923
453.979 14217.136
454.258 14300.009
454.537 14392.647
454.816 14463.123
455.095 14482.589
455.374 14528.695
455.653 14605.350
455.933 14640.662
456.212 14671.125
456.491 14755.399
456.770 14809.869
457.049 14868.315
457.328 14929.087
457.607 15004.120
457.886 15073.045
458.165 15109.968
458.444 15190.524
458.723 15280.862
459.002 15319.627
459.281 15375.766
459.560 15498.454
459.839 15541.062
460.119 15619.090
460.398 15676.916
460.677 15784.608
460.956 15881.139
461.235 15882.404
461.514 15995.900
461.793 16054.126
462.072 16199.579
462.351 16242.845
462.630 16316.688
462.909 16407.318
463.188 16546.829
463.467 16640.515
463.746 16712.675
464.025 16778.888
464.304 16882.336
464.584 16960.548
464.863 17007.052
465.142 17157.556
465.421 17249.223
465.700 17381.797
465.979 17460.200
466.258 17556.316
466.537 17699.876
466.816 17747.218
467.095 17867.445
467.374 17950.827
467.653 18060.094
467.932 18162.135
468.211 18267.973
468.490 18393.365
468.769 18524.971
469.049 18632.603
469.328 18735.970
469.607 18856.969
469.886 18927.968
470.165 19053.967
470.444 19178.145
470.723 19296.559
471.002 19449.313
471.281 19505.470
471.560 19642.606
471.839 19727.418
472.118 19878.598
472.397 20005.979
472.676 20114.418
472.955 20253.481
473.234 20329.939
473.514 20429.535
473.793 20601.772
474.072 20671.658
474.351 20814.284
474.630 20927.227
474.909 21085.899
475.188 21124.321
475.467 21293.474
475.746 21353.548
476.025 21473.581
476.304 21605.641
476.583 21726.575
476.862 21815.630
477.141 21936.746
477.420 22129.803
477.699 22146.884
477.979 22264.500
478.258 22416.525
478.537 22538.404
478.816 22644.045
479.095 22757.641
479.374 22873.527
479.653 22970.073
479.932 23045.206
480.211 23167.979
480.490 23302.310
480.769 23381.134
481.048 23500.452
481.327 23570.772
481.606 23715.254
481.885 23823.767
482.165 23912.885
482.444 24025.864
482.723 24140.117
483.002 24255.381
483.281 24426.567
483.560 24480.177
483.839 24566.003
484.118 24686.710
484.397 24768.116
484.676 24887.541
484.955 24994.720
485.234 25130.130
485.513 25232.213
485.792 25302.004
486.071 25363.367
486.350 25534.294
486.630 25596.592
486.909 25725.489
487.188 25798.463
487.467 25920.913
487.746 25937.739
488.025 26079.789
488.304 26171.934
488.583 26250.690
488.862 26338.071
489.141 26485.418
489.420 26560.406
489.699 26664.165
489.978 26731.867
490.257 26824.650
490.536 26919.660
490.815 27008.145
491.095 27140.707
491.374 27222.926
491.653 27267.322
491.932 27424.954
492.211 27549.646
492.490 27626.691
492.769 27706.745
493.048 27747.859
493.327 27857.333
493.606 27997.860
493.885 28071.109
494.164 28185.045
494.443 28239.490
494.722 28393.804
495.001 28455.822
495.280 28600.300
495.560 28633.867
495.839 28717.790
496.118 28783.949
496.397 28931.274
496.676 29026.100
496.955 29115.700
497.234 29162.024
497.513 29279.848
497.792 29349.988
498.071 29460.651
498.350 29546.163
498.629 29650.790
498.908 29764.471
499.187 29756.667
499.466 29905.410
499.745 30008.927
500.025 30095.454
500.304 30162.694
500.583 30188.634
500.862 30357.380
501.141 30451.035
501.420 30490.822
501.699 30543.594
501.978 30686.366
502.257 30733.005
502.536 30824.469
502.815 30879.912
503.094 30984.719
503.373 31056.435
503.652 31111.990
503.931 31234.448
504.211 31319.015
504.490 31373.726
504.769 31417.881
505.048 31537.389
505.327 31578.970
505.606 31688.187
505.885 31755.958
506.164 31826.079
506.443 31897.112
506.722 31960.143
507.001 32035.535
507.280 32116.064
507.559 32208.231
507.838 32277.233
508.117 32335.574
508.396 32372.802
508.676 32481.902
508.955 32537.760
509.234 32631.265
509.513 32628.566
509.792 32678.821
510.071 32773.179
510.350 32854.054
510.629 32910.522
510.908 32991.638
511.187 33011.124
511.466 33053.120
511.745 33135.225
512.024 33260.620
512.303 33223.995
512.582 33258.529
512.861 33353.620
513.141 33405.352
513.420 33452.897
513.699 33465.756
513.978 33566.467
514.257 33617.331
514.536 33636.750
514.815 33726.276
515.094 33760.196
515.373 33769.761
515.652 33781.301
515.931 33889.166
516.210 33980.734
516.489 33926.756
516.768 34013.814
517.047 34068.758
517.326 34086.394
517.606 34148.932
517.885 34198.239
518.164 34278.319
518.443 34302.495
518.722 34342.709
519.001 34390.356
519.280 34441.752
519.559 34499.330
519.838 34488.057
520.117 34573.768
520.396 34650.847
520.675 34690.249
520.954 34708.396
521.233 34702.153
521.512 34786.018
521.791 34907.584
522.071 34925.204
522.350 34977.529
522.629 35036.565
522.908 35050.924
523.187 35138.810
523.466 35167.443
523.745 35212.517
524.024 35203.462
524.303 35262.767
524.582 35290.040
524.861 35394.824
525.140 35417.433
525.419 35423.326
525.698 35473.090
525.977 35526.976
526.257 35580.758
526.536 35597.900
526.815 35674.400
527.094 35709.880
527.373 35700.942
527.652 35785.177
527.931 35864.128
528.210 35932.438
528.489 35915.440
528.768 35984.633
529.047 36051.931
529.326 36082.261
529.605 36090.705
529.884 36110.486
530.163 36196.764
530.442 36273.468
530.722 36274.154
531.001 36354.905
531.280 36339.431
531.559 36343.836
531.838 36408.107
532.117 36409.438
532.396 36503.099
532.675 36530.977
532.954 36588.243
533.233 36645.618
533.512 36666.766
533.791 36662.980
534.070 36747.180
534.349 36865.183
534.628 36810.386
534.907 36834.850
535.187 36868.972
535.466 36936.209
535.745 36968.466
536.024 36978.902
536.303 36995.025
536.582 37065.362
536.861 37121.560
537.140 37096.821
537.419 37172.150
537.698 37220.187
537.977 37216.163
538.256 37279.346
538.535 37281.253
538.814 37344.558
539.093 37291.071
539.372 37285.612
539.652 37378.112
539.931 37414.510
540.210 37473.846
540.489 37512.233
540.768 37480.562
541.047 37529.053
541.326 37578.599
541.605 37567.476
541.884 37593.020
542.163 37658.709
542.442 37668.018
542.721 37673.158
543.000 37730.961
543.279 37674.120
543.558 37735.776
543.837 37759.628
544.117 37813.449
544.396 37804.572
544.675 37770.011
544.954 37821.961
545.233 37888.519
545.512 37822.754
545.791 37877.879
546.070 37869.174
546.351 37828.554
546.632 37888.514
546.912 37885.612
547.193 37862.267
547.474 37891.308
547.755 37889.263
548.036 37826.781
548.317 37879.688
548.597 37905.824
548.878 37832.413
549.159 37868.196
549.440 37928.086
549.721 37913.648
550.001 37854.653
550.282 37911.712
550.563 37830.637
550.844 37916.626
551.125 37923.314
551.406 37850.102
551.686 37918.555
551.967 37917.747
552.248 37864.839
552.529 37928.353
552.810 37933.173
553.090 37884.215
553.371 37905.297
553.652 37931.374
553.933 37922.711
554.214 37865.221
554.495 37853.693
554.775 37896.919
555.056 37900.761
555.337 37902.681
555.618 37918.050
555.899 37912.285
556.179 37892.111
556.460 37992.968
556.741 37975.636
557.022 37896.911
557.303 37924.696
557.584 37908.172
557.864 37906.154
558.145 37833.828
558.426 37905.879
558.707 37963.870
558.988 37937.611
559.268 37956.039
559.549 37988.983
559.830 37863.628
560.111 37855.431
560.392 37870.647
560.673 37963.330
560.953 37987.863
561.234 38062.913
561.515 38023.409
561.796 37924.496
562.077 37858.084
562.357 37836.806
562.638 37914.918
562.919 37857.804
563.200 37947.503
563.481 37968.502
563.762 37992.621
564.042 37930.308
564.323 37811.903
564.604 37815.733
564.885 37790.396
565.166 37832.311
565.446 37808.932
565.727 37837.020
566.008 37837.184
566.289 37809.937
566.570 37771.044
566.851 37826.080
567.131 37726.732
567.412 37738.072
567.693 37673.336
567.974 37715.217
568.255 37655.607
568.535 37611.473
568.816 37588.815
569.097 37637.185
569.378 37606.849
569.659 37557.306
569.940 37590.404
570.220 37542.259
570.501 37607.669
570.782 37507.151
571.063 37431.491
571.344 37439.947
571.624 37417.461
571.905 37390.797
572.186 37418.881
572.467 37373.115
572.748 37358.414
573.029 37370.845
573.309 37361.790
573.590 37367.188
573.871 37313.498
574.152 37271.243
574.433 37242.067
574.713 37246.586
574.994 37176.672
575.275 37166.947
575.556 37089.145
575.837 37130.654
576.118 37065.128
576.398 37039.966
576.679 37024.829
576.960 36974.347
577.252 36957.174
577.543 36925.860
577.835 36929.899
578.127 36846.060
578.418 36839.998
578.710 36790.290
579.002 36704.642
579.293 36611.711
579.585 36745.024
579.877 36644.256
580.168 36634.102
580.460 36578.851
580.752 36583.508
581.043 36488.378
581.335 36492.952
581.627 36368.588
581.918 36408.572
582.210 36321.659
582.502 36285.870
582.793 36271.364
583.085 36225.440
583.376 36120.716
583.668 36158.326
583.960 36098.633
584.251 36102.865
584.543 36031.616
584.835 35980.942
585.126 35920.798
585.418 35901.005
585.710 35813.674
586.001 35743.060
586.293 35687.373
586.585 35716.959
586.876 35588.270
587.168 35512.068
587.460 35516.817
587.751 35419.434
588.043 35427.658
588.335 35403.946
588.626 35274.743
588.918 35270.824
589.210 35177.424
589.501 35108.063
589.793 35103.956
590.085 35037.578
590.376 34969.924
590.668 34998.460
590.960 34879.687
591.251 34841.342
591.543 34745.799
591.835 34759.087
592.126 34684.281
592.418 34611.449
592.710 34581.150
593.001 34488.821
593.293 34452.979
593.585 34412.336
593.876 34290.409
594.168 34247.892
594.460 34183.848
594.751 34133.471
595.043 34064.944
595.334 33995.200
595.626 33945.784
595.918 33855.557
596.209 33829.410
596.501 33738.195
596.793 33681.594
597.084 33624.213
597.376 33539.846
597.668 33486.023
597.959 33401.416
598.251 33315.945
598.543 33257.817
598.834 33131.732
599.126 33079.127
599.418 33042.527
599.709 33037.184
600.001 32965.022
600.293 32866.922
600.584 32795.800
600.876 32750.540
601.168 32672.953
601.459 32573.813
601.751 32518.336
602.043 32459.003
602.334 32396.435
602.626 32229.810
602.918 32250.530
603.209 32194.494
603.501 32157.855
603.793 32049.070
604.084 31957.467
604.376 31841.382
604.668 31836.004
604.959 31731.702
605.251 31622.429
605.543 31619.871
605.834 31523.608
606.126 31470.406
606.418 31407.601
606.709 31349.597
607.001 31248.362
607.292 31174.513
607.584 31089.657
607.876 31053.136
608.167 30901.895
608.459 30854.578
608.751 30755.316
609.042 30638.612
609.334 30655.741
609.626 30603.702
609.917 30520.235
610.209 30439.123
610.501 30416.710
610.792 30356.563
611.084 30313.583
611.376 30220.460
611.667 30146.820
611.959 30047.037
612.251 29995.199
612.542 29876.390
612.834 29834.849
613.126 29720.715
613.417 29668.515
613.709 29599.006
614.001 29504.075
614.292 29410.945
614.584 29392.244
614.876 29302.082
615.167 29275.112
615.459 29161.533
615.751 29079.064
616.042 29048.723
616.334 29014.458
616.626 28924.503
616.917 28903.811
617.209 28818.874
617.501 28745.226
617.792 28718.087
618.084 28683.485
618.376 28598.056
618.667 28570.859
618.959 28472.601
619.250 28427.863
619.542 28397.289
619.834 28332.439
620.125 28251.611
620.417 28201.751
620.709 28161.092
621.000 28092.358
621.292 28015.865
621.584 28011.018
621.875 27906.669
622.167 27858.358
622.459 27790.724
622.750 27702.121
623.042 27626.470
623.334 27607.145
623.625 27550.670
623.917 27491.200
624.209 27402.699
624.500 27336.933
624.792 27315.298
625.084 27275.568
625.375 27189.510
625.667 27138.236
625.959 27070.273
626.250 27001.341
626.542 26968.267
626.834 26913.707
627.125 26829.635
627.417 26768.170
627.709 26708.087
628.000 26667.029
628.292 26613.486
628.584 26536.635
628.875 26488.093
629.167 26445.349
629.459 26391.106
629.750 26322.207
630.042 26270.306
630.334 26159.960
630.625 26142.646
630.917 26129.065
631.208 25998.371
631.500 25929.062
631.792 25905.916
632.083 25829.374
632.375 25814.092
632.667 25750.845
632.958 25726.346
633.250 25686.030
633.542 25575.068
633.833 25529.991
634.125 25470.160
634.417 25417.259
634.708 25347.463
635.000 25297.308
635.292 25243.006
635.583 25172.226
635.875 25170.375
636.167 25095.281
636.458 25096.387
636.750 25042.710
637.042 24959.120
637.333 24938.075
637.625 24872.193
637.917 24845.782
638.208 24816.237
638.500 24759.481
638.792 24724.619
639.083 24649.275
639.375 24591.482
639.667 24542.741
639.958 24503.701
640.250 24474.184
640.542 24471.847
640.833 24400.483
641.125 24321.205
641.417 24331.399
641.708 24313.376
642.000 24271.291
642.292 24225.113
642.583 24223.331
642.875 24163.672
643.166 24150.968
643.458 24146.044
643.750 24100.266
644.041 24088.065
644.333 24050.953
644.625 24063.796
644.916 24033.347
645.208 24056.271
645.500 24024.108
645.791 24008.510
646.083 23951.717
646.375 23940.726
646.666 23987.428
646.958 23907.756
647.250 23917.828
647.541 23885.671
647.833 23848.228
648.125 23825.012
648.416 23825.011
648.708 23800.791
649.000 23791.598
649.291 23741.727
649.583 23766.349
649.875 23753.001
650.166 23718.607
650.458 23712.535
650.750 23696.526
651.041 23650.831
651.333 23612.832
651.625 23622.325
651.916 23625.341
652.208 23622.777
652.500 23592.953
652.791 23579.119
653.083 23502.085
653.375 23502.087
653.666 23477.298
653.958 23486.626
654.250 23492.710
654.541 23416.175
654.833 23447.580
655.124 23391.025
655.416 23385.761
655.708 23377.566
655.999 23353.980
656.291 23310.875
656.583 23299.825
656.874 23322.172
657.166 23258.723
657.458 23310.446
657.749 23285.776
658.041 23252.808
658.333 23309.424
658.624 23253.527
658.916 23247.811
659.208 23233.746
659.499 23227.288
659.791 23176.714
660.083 23174.971
660.374 23140.719
660.666 23163.819
660.958 23173.553
661.249 23138.935
661.541 23134.406
661.833 23097.012
662.124 23106.803
662.416 23099.212
662.708 23101.231
662.999 23086.792
663.291 23048.338
663.583 23032.021
663.874 23033.949
664.166 23034.947
664.458 23014.669
664.749 23002.095
665.041 22988.531
665.333 22985.637
665.624 22995.306
665.916 22978.816
666.208 22906.949
666.499 22945.729
666.791 22987.491
667.082 22875.755
667.374 22889.143
667.666 22862.851
667.957 22873.314
668.249 22850.873
668.541 22885.658
668.832 22817.342
669.124 22834.774
669.416 22841.311
669.707 22808.769
669.999 22749.886
670.291 22747.674
670.582 22765.876
670.874 22760.718
671.166 22737.070
671.457 22747.408
671.749 22723.715
672.041 22691.819
672.332 22696.758
672.624 22666.453
672.916 22652.590
673.207 22617.176
673.499 22655.523
673.791 22611.441
674.082 22605.475
674.374 22567.835
674.666 22593.729
674.957 22566.969
675.249 22550.999
675.541 22522.055
675.832 22542.554
676.124 22519.615
676.416 22518.129
676.707 22504.099
676.999 22468.025
677.291 22443.863
677.582 22451.893
677.874 22396.064
678.166 22435.696
678.457 22401.290
678.749 22385.159
679.040 22366.373
679.332 22381.893
679.624 22329.699
679.915 22304.727
680.207 22262.481
680.499 22250.321
680.790 22260.979
681.082 22242.703
681.374 22195.184
681.665 22196.398
681.957 22143.496
682.249 22139.567
682.540 22128.494
682.832 22079.482
683.124 22107.303
683.415 22088.914
683.707 22059.412
683.999 22054.292
684.290 22052.297
684.582 22047.172
684.874 22004.141
685.165 21913.971
685.457 21914.819
685.749 21933.297
686.040 21886.978
686.332 21867.585
686.624 21811.755
686.915 21788.308
687.207 21794.049
687.499 21763.395
687.790 21746.148
688.082 21749.242
688.374 21660.489
688.665 21651.199
688.957 21649.133
689.249 21602.691
689.540 21589.273
689.832 21550.055
690.124 21501.035
690.415 21533.058
690.707 21518.095
690.998 21461.772
691.290 21401.234
691.582 21391.925
691.873 21348.490
692.165 21337.112
692.457 21324.002
692.748 21271.958
693.040 21285.991
693.332 21219.440
693.623 21198.940
693.915 21177.176
694.207 21123.416
694.498 21075.540
694.790 21006.186
695.082 21033.161
695.373 20997.889
695.665 20965.729
695.957 20871.462
696.248 20863.170
696.540 20824.644
696.836 20805.134
697.133 20768.623
697.429 20751.244
697.725 20734.386
698.021 20680.773
698.318 20664.880
698.614 20599.733
698.910 20562.632
699.207 20535.132
699.503 20500.969
699.799 20443.572
700.095 20388.761
700.392 20407.373
700.688 20312.231
700.984 20277.529
701.281 20227.991
701.577 20190.001
701.873 20198.468
702.169 20162.969
702.466 20065.959
702.762 20037.023
703.058 20017.433
703.355 19977.248
703.651 19959.738
703.947 19898.049
704.243 19838.542
704.540 19788.398
704.836 19760.429
705.132 19718.867
705.428 19718.576
705.725 19642.965
706.021 19575.116
706.317 19548.039
706.614 19522.958
706.910 19495.789
707.206 19401.718
707.502 19390.468
707.799 19348.543
708.095 19295.789
708.391 19216.195
708.688 19203.740
708.984 19126.266
709.280 19116.851
709.576 19055.868
709.873 18998.841
710.169 18926.685
710.465 18882.087
710.762 18872.947
711.058 18792.149
711.354 18759.481
711.650 18684.055
711.947 18663.810
712.243 18608.931
712.539 18573.575
712.836 18500.340
713.132 18452.455
713.428 18409.106
713.724 18371.805
714.021 18331.146
714.317 18258.637
714.613 18181.732
714.910 18152.431
715.206 18104.132
715.502 18029.937
715.798 17975.790
716.095 17965.709
716.391 17892.703
716.687 17846.654
716.984 17815.621
717.280 17761.565
717.576 17680.801
717.872 17641.440
718.169 17594.796
718.465 17529.794
718.761 17495.791
719.058 17441.789
719.354 17364.422
719.650 17344.129
719.946 17297.782
720.243 17245.270
720.539 17181.777
720.835 17143.919
721.131 17092.773
721.428 17079.850
721.724 17001.772
722.020 16954.720
722.317 16892.656
722.613 16867.496
722.909 16845.604
723.205 16782.321
723.502 16713.754
723.798 16664.416
724.094 16655.749
724.391 16604.747
724.687 16589.155
724.983 16520.700
725.279 16467.868
725.576 16418.481
725.872 16358.301
726.168 16303.518
726.465 16288.288
726.761 16231.339
727.057 16165.566
727.353 16099.923
727.650 16103.992
727.946 16034.476
728.242 15974.916
728.539 15914.397
728.835 15872.854
729.131 15798.720
729.427 15758.363
729.724 15719.785
730.020 15661.759
730.316 15597.527
730.613 15565.904
730.909 15504.147
731.205 15486.368
731.501 15372.473
731.798 15321.189
732.094 15315.580
732.390 15211.299
732.687 15179.169
732.983 15127.633
733.279 15074.481
733.575 15048.888
733.872 14954.397
734.168 14939.631
734.464 14878.605
734.761 14810.079
735.057 14745.976
735.353 14725.325
735.649 14672.886
735.946 14607.711
736.242 14529.585
736.538 14500.633
736.835 14434.816
737.131 14341.469
737.427 14288.860
737.723 14259.446
738.020 14221.642
738.316 14130.881
738.612 14099.537
738.909 14022.181
739.205 13973.185
739.501 13961.391
739.797 13865.574
740.094 13801.186
740.390 13776.528
740.686 13715.160
740.982 13677.697
741.279 13604.695
741.575 13552.988
741.871 13491.779
742.168 13449.163
742.464 13398.230
742.760 13345.338
743.056 13308.722
743.353 13260.889
743.649 13194.688
743.945 13147.772
744.242 13105.675
744.538 13044.812
744.834 12969.188
745.130 12923.938
745.427 12896.430
745.723 12835.524
746.019 12803.894
746.316 12709.497
746.612 12696.413
746.908 12630.465
747.204 12588.545
747.501 12556.204
747.797 12471.993
748.093 12444.321
748.390 12381.202
748.686 12318.397
748.982 12295.398
749.278 12244.596
749.575 12186.292
749.871 12161.906
750.167 12094.577
750.464 12051.060
750.760 11997.539
751.056 11931.202
751.352 11883.559
751.649 11839.631
751.945 11797.920
752.241 11762.925
752.538 11683.714
752.834 11616.415
753.130 11586.562
753.426 11568.785
753.723 11513.435
754.019 11433.619
754.315 11394.694
754.611 11368.481
754.908 11311.167
755.204 11259.475
755.500 11211.472
755.797 11190.039
756.093 11101.466
756.389 11077.619
756.685 11022.506
756.982 10967.360
757.278 10902.161
757.574 10863.908
757.871 10825.752
758.167 10775.548
758.463 10720.605
758.759 10658.416
759.056 10599.837
759.352 10545.617
759.648 10508.466
759.945 10415.089
760.241 10395.801
760.537 10370.013
760.833 10304.246
761.130 10231.808
761.426 10194.386
761.722 10126.168
762.019 10108.275
762.315 10040.649
762.611 9999.398
762.907 9932.930
763.204 9907.565
763.500 9873.125
763.802 9791.304
764.104 9753.678
764.406 9709.186
764.708 9698.462
765.010 9609.079
765.312 9596.125
765.615 9548.960
765.917 9511.531
766.219 9459.885
766.521 9392.068
766.823 9343.482
767.125 9289.116
767.427 9277.236
767.729 9208.479
768.031 9169.897
768.333 9111.123
768.635 9076.490
768.937 9043.071
769.239 8990.169
769.542 8905.826
769.844 8870.254
770.146 8827.568
770.448 8791.784
770.750 8752.873
771.052 8714.464
771.354 8674.123
771.656 8610.693
771.958 8544.657
772.260 8524.266
772.562 8456.985
772.864 8448.827
773.166 8401.732
773.468 8371.086
773.771 8309.090
774.073 8253.354
774.375 8237.508
774.677 8193.538
774.979 8136.275
775.281 8074.846
775.583 8052.531
775.885 7989.015
776.187 7948.989
776.489 7898.833
776.791 7867.957
777.093 7823.670
777.395 7781.572
777.698 7748.457
778.000 7726.871
778.302 7661.771
778.604 7635.297
778.906 7573.878
779.208 7559.002
779.510 7497.143
779.812 7461.533
780.114 7410.538
780.416 7363.487
780.718 7325.996
781.020 7288.145
781.322 7242.985
781.625 7197.731
781.927 7156.040
782.229 7108.789
782.531 7092.240
782.833 7039.537
783.135 7008.469
783.437 6938.145
783.739 6917.288
784.041 6881.929
784.343 6838.357
784.645 6761.590
784.947 6741.609
785.249 6711.191
785.552 6686.628
785.854 6641.459
786.156 6586.190
786.458 6556.063
786.760 6516.892
787.062 6482.333
787.364 6432.468
787.666 6390.673
787.968 6333.476
788.270 6310.266
788.572 6271.233
788.874 6248.810
789.176 6201.400
789.478 6165.907
789.781 6154.378
790.083 6121.784
790.385 6062.015
790.687 6031.161
790.989 5980.857
791.291 5958.259
791.593 5921.859
791.895 5888.270
792.197 5841.295
792.499 5811.918
792.801 5801.375
793.103 5755.447
793.405 5732.911
793.708 5677.113
794.010 5649.589
794.312 5594.286
794.614 5544.839
794.916 5520.870
795.218 5476.651
795.520 5442.011
795.822 5405.568
796.124 5390.288
796.426 5353.479
796.728 5321.729
797.030 5272.472
797.332 5247.658
797.635 5188.248
797.937 5187.192
798.239 5165.809
798.541 5116.365
798.843 5076.289
799.145 5033.443
799.447 5008.335
799.749 4961.496
800.051 4935.745
800.353 4899.576
800.655 4850.502
800.957 4819.756
801.259 4808.621
801.562 4764.862
801.864 4742.799
802.166 4712.647
802.468 4671.393
802.770 4649.655
803.072 4621.523
803.374 4571.091
803.676 4544.484
803.978 4511.574
804.280 4488.853
804.582 4464.188
804.884 4442.706
805.186 4390.713
805.488 4370.557
805.791 4348.227
806.093 4298.131
806.395 4273.005
806.697 4272.460
806.999 4213.559
807.301 4179.393
807.603 4180.376
807.905 4139.388
808.207 4111.879
808.509 4090.088
808.811 4052.725
809.113 4006.714
809.415 4008.661
809.718 3962.013
810.020 3946.424
810.322 3922.351
810.624 3896.285
810.926 3856.729
811.228 3828.045
811.530 3817.775
811.834 3780.411
812.139 3754.892
812.443 3729.653
812.748 3716.045
813.052 3694.655
813.357 3660.754
813.661 3623.754
813.966 3599.253
814.270 3582.997
814.574 3551.346
814.879 3543.273
815.183 3514.588
815.488 3493.142
815.792 3461.782
816.097 3439.382
816.401 3418.999
816.706 3382.510
817.010 3372.413
817.314 3350.546
817.619 3331.847
817.923 3308.714
818.228 3261.386
818.532 3265.930
818.837 3240.526
819.141 3209.441
819.445 3191.592
819.750 3176.561
820.054 3158.195
820.359 3127.003
820.663 3119.401
820.968 3095.838
821.272 3072.929
821.577 3038.705
821.881 3013.999
822.185 3007.356
822.490 2980.634
822.794 2953.957
823.099 2941.504
823.403 2923.150
823.708 2897.505
824.012 2877.209
824.317 2861.894
824.621 2856.149
824.925 2831.899
825.230 2806.967
825.534 2781.286
825.839 2764.547
826.143 2745.105
826.448 2733.060
826.752 2711.882
827.057 2691.739
827.361 2685.943
827.665 2659.219
827.970 2649.544
828.274 2624.031
828.579 2602.543
828.883 2589.918
829.188 2571.050
829.492 2561.447
829.796 2536.197
830.101 2516.713
830.405 2513.301
830.710 2501.069
831.014 2466.717
831.319 2456.280
831.623 2438.559
831.928 2433.930
832.232 2411.221
832.536 2406.095
832.841 2380.751
833.145 2354.716
833.450 2348.805
833.754 2330.890
834.059 2338.525
834.363 2320.894
834.668 2287.819
834.972 2275.353
835.276 2269.601
835.581 2245.994
835.885 2233.380
836.190 2232.296
836.494 2218.122
836.799 2193.597
837.103 2196.641
837.407 2168.696
837.712 2163.761
838.016 2149.776
838.321 2136.619
838.625 2126.768
838.930 2106.448
839.234 2096.453
839.539 2077.872
839.843 2070.863
840.147 2060.569
840.452 2046.152
840.756 2024.365
841.061 2017.120
841.365 2015.047
841.670 1995.215
841.974 1988.934
842.279 1974.203
842.583 1945.753
842.887 1946.744
843.192 1942.346
843.496 1920.081
843.801 1928.230
844.105 1909.987
844.410 1897.106
844.714 1887.156
845.019 1886.788
845.323 1861.686
845.627 1863.391
845.932 1838.958
846.236 1827.558
846.541 1809.125
846.845 1821.061
847.150 1814.739
847.454 1805.033
847.758 1795.899
848.063 1766.059
848.367 1770.112
848.672 1767.324
848.976 1771.067
849.281 1762.577
849.585 1740.068
849.890 1741.204
850.194 1714.291
850.498 1708.230
850.803 1700.666
851.107 1694.123
851.412 1679.621
851.716 1674.616
852.021 1663.142
852.325 1654.754
852.630 1647.143
852.934 1635.399
853.238 1624.419
853.543 1625.692
853.847 1615.645
854.152 1606.109
854.456 1607.671
854.761 1586.832
855.065 1588.403
855.370 1584.023
855.674 1560.308
855.978 1570.543
856.283 1552.233
856.587 1538.745
856.892 1538.155
857.196 1520.100
857.501 1520.523
857.805 1499.641
858.109 1508.642
858.414 1496.480
858.718 1504.347
859.023 1480.937
859.327 1468.536
859.632 1479.066
859.936 1461.746
860.241 1447.839
860.545 1444.561
860.849 1447.797
861.154 1434.105
861.458 1426.965
861.763 1417.338
862.067 1418.395
862.372 1411.270
862.676 1410.408
862.981 1398.516
863.285 1390.781
863.589 1393.123
863.894 1383.786
864.198 1386.131
864.503 1378.731
864.807 1384.144
865.112 1372.323
865.416 1371.967
865.721 1366.127
866.025 1361.102
866.329 1365.934
866.634 1368.623
866.938 1353.976
867.243 1342.538
867.547 1350.175
867.852 1340.666
868.156 1331.180
868.460 1324.474
868.765 1327.542
869.069 1341.496
869.374 1335.714
869.678 1314.553
869.983 1309.174
870.287 1307.708
870.592 1311.876
870.896 1306.519
871.200 1303.808
871.505 1307.965
871.809 1302.896
872.114 1301.088
872.418 1288.839
872.723 1282.788
873.027 1299.269
873.332 1296.826
873.636 1290.241
873.940 1280.966
874.245 1274.000
874.549 1275.798
874.854 1267.919
875.158 1266.831
875.463 1266.344
875.767 1269.049
876.072 1266.815
876.376 1260.240
876.680 1262.280
876.985 1242.146
877.289 1252.314
877.594 1247.327
877.898 1249.815
878.203 1241.657
878.507 1233.288
878.811 1246.622
879.116 1234.607
879.420 1234.120
879.725 1224.624
880.029 1217.246
880.334 1220.279
880.638 1218.856
880.943 1221.377
881.247 1212.481
881.551 1209.558
881.856 1202.839
882.160 1202.281
882.465 1206.283
882.769 1198.456
883.074 1198.812
883.378 1194.084
883.683 1188.629
883.987 1175.158
884.291 1192.251
884.596 1182.996
884.900 1198.049
885.205 1199.500
885.509 1195.308
885.814 1199.308
886.118 1206.215
886.423 1207.652
886.727 1214.393
887.031 1205.288
887.336 1213.861
887.640 1229.143
887.945 1227.939
888.249 1224.783
888.554 1219.708
888.858 1227.506
889.162 1232.694
889.467 1248.682
889.771 1242.266
890.076 1234.719
890.380 1235.143
890.685 1251.406
890.989 1247.047
891.294 1249.562
891.598 1244.734
891.902 1238.999
892.207 1245.415
892.511 1257.336
892.816 1241.037
893.120 1246.994
893.425 1252.741
893.729 1254.108
894.034 1248.124
894.338 1250.881
894.642 1241.190
894.947 1251.100
895.251 1248.787
895.556 1249.935
895.860 1257.561
896.165 1252.929
896.469 1253.157
896.774 1244.591
897.078 1250.599
897.382 1245.259
897.687 1256.623
897.991 1261.502
898.296 1264.529
898.600 1254.290
898.905 1247.072
899.209 1239.840
899.513 1238.902
899.818 1247.514
900.122 1250.774
900.427 1244.702
900.731 1239.322
901.036 1250.520
901.340 1257.771
901.645 1256.588
901.949 1239.256
902.253 1248.621
902.558 1257.532
902.862 1251.656
903.167 1248.596
903.471 1249.296
903.776 1248.109
904.080 1237.511
904.385 1238.446
904.689 1237.002
904.993 1243.115
905.298 1237.437
905.602 1245.688
905.907 1247.577
906.211 1239.533
906.516 1235.965
906.820 1228.300
907.125 1229.540
907.429 1237.567
907.733 1240.637
908.038 1227.019
908.342 1222.246
908.647 1220.122
908.951 1230.372
909.256 1231.025
909.560 1241.514
909.864 1229.022
910.169 1219.973
910.473 1232.616
910.778 1230.179
911.082 1219.951
911.387 1222.281
911.691 1227.281
911.996 1224.829
912.300 1218.307
912.609 1215.830
912.918 1216.995
913.227 1222.559
913.537 1219.874
913.846 1221.581
914.155 1208.892
914.464 1213.927
914.773 1216.694
915.082 1212.593
915.391 1222.510
915.700 1216.672
916.010 1206.577
916.319 1215.341
916.628 1210.100
916.937 1214.003
917.246 1208.333
917.555 1196.392
917.864 1203.825
918.174 1203.817
918.483 1199.692
918.792 1207.149
919.101 1201.643
919.410 1215.415
919.719 1194.328
920.028 1197.281
920.337 1201.820
920.647 1198.048
920.956 1197.636
921.265 1193.268
921.574 1190.852
921.883 1191.839
922.192 1196.201
922.501 1194.393
922.811 1186.774
923.120 1188.142
923.429 1198.353
923.738 1206.162
924.047 1196.923
924.356 1190.878
924.665 1174.294
924.974 1183.552
925.284 1194.037
925.593 1176.822
925.902 1195.206
926.211 1186.032
926.520 1177.220
926.829 1179.252
927.138 1183.700
927.448 1183.043
927.757 1183.599
928.066 1176.215
928.375 1189.109
928.684 1181.235
928.993 1164.884
929.302 1168.323
929.611 1181.299
929.921 1169.357
930.230 1166.223
930.539 1166.561
930.848 1167.947
931.157 1173.531
931.466 1177.972
931.775 1168.292
932.085 1152.846
932.394 1159.737
932.703 1167.744
933.012 1169.716
933.321 1167.557
933.630 1163.921
933.939 1162.975
934.248 1175.873
934.558 1161.040
934.867 1168.293
935.176 1173.419
935.485 1157.418
935.794 1170.055
936.103 1184.535
936.412 1177.857
936.721 1182.942
937.031 1187.279
937.340 1195.281
937.649 1184.204
937.958 1192.074
938.267 1207.385
938.576 1189.734
938.885 1195.941
939.195 1225.157
939.504 1216.927
939.813 1220.657
940.122 1233.413
940.431 1223.545
940.740 1227.465
941.049 1236.505
941.359 1234.560
941.668 1235.562
941.977 1235.807
942.286 1244.483
942.595 1248.848
942.904 1237.070
943.213 1238.106
943.522 1222.992
943.832 1231.377
944.141 1232.500
944.450 1225.757
944.759 1235.430
945.068 1235.068
945.377 1226.000
945.686 1213.942
945.995 1207.161
946.305 1209.452
946.614 1218.976
946.923 1208.214
947.232 1191.809
947.541 1190.975
947.850 1189.879
948.159 1173.792
948.469 1170.918
948.778 1170.665
949.087 1160.243
949.396 1142.865
949.705 1141.877
950.014 1147.478
950.323 1136.515
950.632 1127.955
950.942 1128.590
951.251 1127.729
951.560 1119.865
951.869 1102.237
952.178 1092.438
952.487 1100.775
952.796 1096.315
953.106 1086.759
953.415 1071.007
953.724 1057.047
954.033 1066.736
954.342 1068.522
954.651 1057.186
954.960 1043.477
955.269 1040.546
955.579 1028.509
955.888 1024.697
956.197 1018.657
956.506 1024.411
956.815 1005.578
957.124 1003.198
957.433 1003.163
957.743 992.837
958.052 983.701
958.361 974.643
958.670 970.216
958.979 972.716
959.288 963.766
959.597 965.149
959.906 957.493
960.216 942.407
960.525 947.953
960.834 928.553
961.143 937.694
961.452 936.938
961.761 922.061
962.070 917.202
962.380 912.218
962.689 896.782
962.998 892.873
963.307 893.536
963.616 892.701
963.925 895.331
964.234 881.600
964.543 879.520
964.853 888.014
965.162 874.590
965.471 862.997
965.780 847.314
966.095 852.524
966.410 849.375
966.725 848.357
967.040 843.251
967.356 837.396
967.671 836.385
967.986 832.373
968.301 834.362
968.616 825.351
968.931 835.339
969.246 831.328
969.561 834.317
969.876 830.305
970.192 835.294
970.507 829.282
970.822 814.271
971.137 806.259
971.452 820.248
971.767 815.236
972.082 824.224
972.397 813.213
972.712 818.201
973.028 805.189
973.343 808.177
973.658 795.166
973.973 798.154
974.288 792.142
974.603 800.130
974.918 801.118
975.233 810.106
975.548 797.094
975.864 797.082
976.179 796.070
976.494 802.058
976.809 796.046
977.124 801.034
977.439 793.022
977.754 787.010
978.069 792.998
978.384 781.986
978.700 783.973
979.015 776.961
979.330 781.949
979.645 794.936
979.960 782.924
980.275 776.912
980.590 772.899
980.905 777.887
981.221 768.874
981.536 767.862
981.851 763.849
982.166 762.837
982.481 761.824
982.796 759.812
983.111 757.799
983.426 760.786
983.741 755.773
984.057 754.761
984.372 748.748
984.687 745.735
985.002 745.722
985.317 744.709
985.632 743.696
985.947 730.684
986.262 736.671
986.577 736.658
986.893 728.645
987.208 734.631
987.523 737.618
987.838 726.605
988.153 732.592
988.468 729.579
988.783 725.566
989.098 733.552
989.413 720.539
989.729 731.526
990.044 730.512
990.359 725.499
990.674 725.486
990.989 723.472
991.304 718.459
991.619 728.445
991.934 725.432
992.249 727.418
992.565 734.404
992.880 725.391
993.195 717.377
993.510 727.363
993.825 725.350
994.140 729.336
994.455 725.322
994.770 725.308
995.085 728.294
995.401 731.280
995.716 717.266
996.031 721.252
996.346 722.238
996.661 723.224
996.976 727.210
997.291 739.196
997.606 724.182
997.921 730.168
998.237 724.153
998.552 719.139
998.867 726.125
999.182 737.111
999.497 735.096
999.812 739.082
1000.127 733.067
1000.442 739.053
1000.757 746.038
1001.073 750.024
1001.388 739.009
1001.703 752.994
1002.018 748.980
1002.333 753.965
1002.648 755.950
1002.963 769.936
1003.278 751.921
1003.593 764.906
1003.909 760.891
1004.224 763.876
1004.539 784.861
1004.854 779.846
1005.169 772.831
1005.484 777.816
1005.799 785.801
1006.114 793.786
1006.429 782.771
1006.745 782.755
1007.060 795.740
1007.375 798.725
1007.690 799.709
1008.005 794.694
1008.320 811.679
1008.635 805.663
1008.950 802.648
1009.265 814.632
1009.581 814.617
1009.896 815.601
1010.211 823.585
1010.526 829.570
1010.841 820.554
1011.156 829.538
1011.471 832.522
1011.786 839.507
1012.102 843.491
1012.417 845.475
1012.732 851.459
1013.047 852.443
1013.362 857.427
1013.677 852.411
1013.992 851.394
1014.307 858.378
1014.622 861.362
1014.938 859.346
1015.253 860.330
1015.568 875.313
1015.883 888.297
1016.198 871.280
1016.513 873.264
1016.828 881.247
1017.143 879.231
1017.458 884.214
1017.774 889.198
1018.089 908.181
1018.404 894.164
1018.719 910.148
1019.034 914.131
1019.349 909.114
1019.664 907.097
1019.979 911.080
1020.294 910.063
1020.610 930.046
1020.925 924.029
1021.240 928.012
1021.555 934.995
1021.870 930.978
1022.185 941.961
1022.500 951.943
1022.815 956.926
1023.130 962.909
1023.446 961.891
1023.761 968.874
1024.076 970.856
1024.391 970.839
1024.706 980.821
1025.021 974.803
1025.336 978.786
1025.651 993.768
1025.966 1001.750
1026.282 997.733
1026.597 1010.715
1026.912 1004.697
1027.227 1017.679
1027.542 1008.661
1027.857 1011.643
1028.172 1019.625
1028.487 1018.607
1028.802 1040.588
1029.118 1026.570
1029.433 1042.552
1029.748 1041.534
1030.063 1055.515
1030.378 1054.497
1030.693 1058.478
1031.008 1061.460
1031.323 1061.441
1031.638 1069.423
1031.954 1073.404
1032.269 1079.385
1032.584 1065.367
1032.899 1067.348
1033.214 1077.329
1033.529 1081.310
1033.844 1084.291
1034.159 1082.272
1034.474 1088.253
1034.790 1100.234
1035.105 1084.215
1035.420 1093.196
1035.735 1102.177
1036.050 1103.157
1036.365 1094.138
1036.680 1105.119
1036.995 1107.099
1037.310 1112.080
1037.626 1099.060
1037.941 1116.041
1038.256 1110.021
1038.571 1118.001
1038.886 1110.982
1039.201 1122.962
1039.516 1115.942
1039.831 1121.922
1040.146 1120.902
1040.462 1124.882
1040.777 1119.862
1041.092 1114.842
1041.407 1124.822
1041.722 1111.802
1042.037 1128.781
1042.352 1120.761
1042.667 1123.741
1042.982 1124.720
1043.298 1118.700
1043.613 1119.679
1043.928 1127.659
1044.243 1120.638
1044.558 1115.618
1044.873 1121.597
1045.188 1129.576
1045.503 1112.555
1045.819 1109.534
1046.134 1106.513
1046.449 1107.492
1046.764 1102.471
1047.079 1103.450
1047.394 1111.429
1047.709 1108.408
1048.024 1110.387
1048.339 1113.365
1048.655 1109.344
1048.970 1105.323
1049.285 1106.301
1049.600 1106.280
1049.915 1113.258
1050.230 1101.236
1050.545 1105.215
1050.860 1109.193
1051.175 1096.171
1051.491 1094.149
1051.806 1102.127
1052.121 1093.105
1052.436 1083.083
1052.751 1090.061
1053.066 1093.039
1053.381 1100.017
1053.696 1081.994
1054.011 1082.972
1054.327 1071.950
1054.642 1075.927
1054.957 1069.905
1055.272 1066.882
1055.587 1072.859
1055.902 1072.837
1056.217 1063.814
1056.532 1061.791
1056.847 1060.768
1057.163 1070.745
1057.478 1066.722
1057.793 1054.699
1058.108 1052.676
1058.423 1055.653
1058.738 1058.630
1059.053 1057.607
1059.368 1038.583
1059.683 1059.560
1059.999 1051.536
1060.314 1049.513
1060.629 1055.489
1060.944 1061.466
1061.259 1043.442
1061.574 1048.418
1061.889 1036.394
1062.204 1046.370
1062.519 1043.346
1062.835 1039.322
1063.150 1032.298
1063.465 1035.274
1063.780 1048.250
1064.095 1043.226
1064.410 1036.201
1064.725 1042.177
1065.040 1048.152
1065.355 1033.128
1065.671 1038.103
1065.986 1024.079
1066.301 1027.054
1066.616 1029.029
1066.931 1023.004
1067.246 1024.979
1067.561 1029.954
1067.876 1024.929
1068.191 1032.904
1068.507 1025.879
1068.822 1030.854
1069.137 1030.829
1069.452 1025.803
1069.767 1029.778
1070.082 1014.752
1070.397 1009.727
1070.712 1014.701
1071.027 1014.675
1071.343 1013.650
1071.658 1005.624
1071.973 997.598
1072.288 1012.572
1072.603 1011.546
1072.918 1007.520
1073.233 1010.494
1073.548 1000.467
1073.863 1009.441
1074.179 1006.415
1074.494 1005.388
1074.809 1010.362
1075.124 991.335
1075.439 999.309
1075.754 993.282
1076.069 985.255
1076.384 997.228
1076.699 996.201
1077.015 994.174
1077.330 997.147
1077.645 991.120
1077.960 983.093
1078.275 987.066
1078.590 980.038
1078.905 982.011
1079.220 972.983
1079.536 979.956
1079.851 980.928
1080.166 977.901
1080.481 979.873
1080.796 974.845
1081.111 969.817
1081.426 971.789
1081.741 981.761
1082.056 982.733
1082.372 988.705
1082.687 975.676
1083.002 970.648
1083.317 977.620
1083.632 969.591
1083.947 970.563
1084.262 979.534
1084.577 971.505
1084.892 975.477
1085.208 965.448
1085.523 979.419
1085.838 963.390
1086.153 966.361
1086.468 966.332
1086.783 959.302
1087.098 968.273
1087.413 966.244
1087.728 966.214
1088.044 955.185
1088.359 965.155
1088.674 959.125
1088.989 950.096
1089.304 963.066
1089.619 961.036
1089.934 962.006
1090.249 964.976
1090.564 954.946
1090.880 956.916
1091.195 960.885
1091.510 951.855
1091.825 949.824
1092.140 946.794
1092.467 963.763
1092.794 955.733
1093.121 958.702
1093.448 949.671
1093.775 947.640
1094.102 943.609
1094.429 952.578
1094.756 936.547
1095.083 948.516
1095.410 950.485
1095.737 938.453
1096.064 936.422
1096.391 931.390
1096.718 936.359
1097.045 941.327
1097.372 930.295
1097.699 940.263
1098.026 932.231
1098.353 934.199
1098.680 936.167
1099.007 946.135
1099.334 939.103
1099.661 932.071
1099.988 933.038
1100.315 930.006
1100.642 928.973
1100.969 938.940
1101.296 931.908
1101.623 917.875
1101.950 934.842
1102.277 928.809
1102.604 932.776
1102.931 931.743
1103.258 933.710
1103.585 929.676
1103.912 924.643
1104.239 921.610
1104.566 927.576
1104.893 928.542
1105.220 926.509
1105.547 923.475
1105.874 930.441
1106.201 927.407
1106.528 923.373
1106.855 924.339
1107.182 924.305
1107.509 913.270
1107.836 926.236
1108.163 931.202
1108.490 926.167
1108.817 926.132
1109.144 925.098
1109.470 932.063
1109.797 922.028
1110.124 930.993
1110.451 923.958
1110.778 926.923
1111.105 929.888
1111.432 925.852
1111.759 928.817
1112.086 931.782
1112.413 915.746
1112.740 924.710
1113.067 928.675
1113.394 928.639
1113.721 927.603
1114.048 924.567
1114.375 922.531
1114.702 929.495
1115.029 921.459
1115.356 928.422
1115.683 921.386
1116.010 921.349
1116.337 903.313
1116.664 915.276
1116.991 914.239
1117.318 917.203
1117.645 909.166
1117.972 914.129
1118.299 911.092
1118.626 910.054
1118.953 912.017
1119.280 902.980
1119.607 913.942
1119.934 901.905
1120.261 906.867
1120.588 908.830
1120.915 903.792
1121.242 902.754
1121.569 908.716
1121.896 895.678
1122.223 898.640
1122.550 901.602
1122.877 908.563
1123.204 902.525
1123.531 898.486
1123.858 900.448
1124.185 897.409
1124.512 905.371
1124.839 898.332
1125.166 895.293
1125.493 894.254
1125.820 896.215
1126.147 901.176
1126.474 897.136
1126.801 885.097
1127.128 887.058
1127.455 883.018
1127.782 877.978
1128.109 880.939
1128.436 896.899
1128.763 884.859
1129.090 880.819
1129.417 878.779
1129.744 879.739
1130.071 867.699
1130.398 875.658
1130.725 878.618
1131.052 869.578
1131.379 865.537
1131.706 865.496
1132.033 873.456
1132.360 862.415
1132.687 860.374
1133.014 859.333
1133.341 849.292
1133.668 866.251
1133.995 874.209
1134.322 855.168
1134.649 848.127
1134.976 854.085
1135.303 847.043
1135.630 843.002
1135.957 848.960
1136.284 844.918
1136.611 837.876
1136.938 836.834
1137.265 826.792
1137.592 835.750
1137.919 825.708
1138.246 821.665
1138.573 824.623
1138.900 811.580
1139.227 811.538
1139.554 805.495
1139.881 812.452
1140.208 803.409
1140.535 796.366
1140.862 800.323
1141.189 792.280
1141.516 783.237
1141.843 787.193
1142.170 789.150
1142.497 791.107
1142.824 775.063
1143.151 771.019
1143.478 776.976
1143.805 771.932
1144.131 770.888
1144.458 762.844
1144.785 776.800
1145.112 779.756
1145.439 762.711
1145.766 757.667
1146.093 766.623
1146.420 768.578
1146.747 755.534
1147.074 752.489
1147.401 753.444
1147.728 760.400
1148.055 771.355
1148.382 769.310
1148.709 761.265
1149.036 765.220
1149.363 762.174
1149.690 755.129
1150.017 756.084
1150.344 768.038
1150.671 740.993
1150.998 750.947
1151.325 757.901
1151.652 751.856
1151.979 751.810
1152.306 747.764
1152.633 755.718
1152.960 750.672
1153.287 753.626
1153.614 738.579
1153.941 743.533
1154.268 747.487
1154.595 737.440
1154.922 741.394
1155.249 748.347
1155.576 744.300
1155.903 751.254
1156.230 747.207
1156.557 744.160
1156.884 742.113
1157.211 744.066
1157.538 742.019
1157.865 742.972
1158.192 739.924
1158.519 743.877
1158.846 740.830
1159.173 735.782
1159.500 741.735
1159.827 744.687
1160.154 737.639
1160.481 736.591
1160.808 729.544
1161.135 733.496
1161.462 742.448
1161.789 742.400
1162.116 741.352
1162.443 731.303
1162.770 735.255
1163.097 729.207
1163.424 735.159
1163.751 721.110
1164.078 734.062
1164.405 729.013
1164.732 730.964
1165.059 732.916
1165.386 729.867
1165.713 724.818
1166.040 723.769
1166.367 724.720
1166.694 723.671
1167.021 720.622
1167.348 729.573
1167.675 714.524
1168.002 721.475
1168.329 710.426
1168.656 716.376
1168.983 713.327
1169.310 707.277
1169.637 708.228
1169.964 701.178
1170.291 695.129
1170.618 682.079
1170.945 674.029
1171.272 669.979
1171.599 672.930
1171.926 666.880
1172.253 651.830
1172.580 646.780
1172.907 650.730
1173.234 647.680
1173.561 635.630
1173.888 636.579
1174.215 623.529
1174.542 632.479
1174.869 623.429
1175.196 624.378
1175.523 631.328
1175.850 625.278
1176.177 632.227
1176.504 635.177
1176.831 636.126
1177.158 618.075
1177.485 615.025
1177.812 609.974
1178.139 619.923
1178.465 620.873
1178.792 628.822
1179.119 612.771
1179.446 614.720
1179.773 614.669
1180.100 598.618
1180.427 598.567
1180.754 601.516
1181.081 594.465
1181.408 583.414
1181.735 591.363
1182.062 587.312
1182.389 592.261
1182.716 586.210
1183.043 579.159
1183.370 578.108
1183.697 576.056
1184.024 569.005
1184.351 575.954
1184.678 570.903
1185.005 565.851
1185.332 562.800
1185.659 572.749
1185.986 578.698
1186.313 574.646
1186.640 566.595
1186.967 574.543
1187.294 570.492
1187.621 568.441
1187.948 565.389
1188.275 563.338
1188.602 558.286
1188.929 559.235
1189.256 554.184
1189.583 544.132
1189.910 561.081
1190.237 544.029
1190.564 549.978
1190.891 544.926
1191.218 545.875
1191.545 545.823
1191.872 538.772
1192.199 542.721
1192.526 541.669
1192.853 541.618
1193.180 538.566
1193.507 540.515
1193.834 536.464
1194.161 533.412
1194.488 527.361
1194.815 528.309
1195.142 531.258
1195.469 531.207
1195.796 528.156
1196.123 527.104
1196.450 534.053
1196.777 522.002
1197.104 517.951
1197.431 526.899
1197.758 520.848
1198.085 506.797
1198.412 518.746
1198.739 517.695
1199.066 521.644
1199.393 502.593
1199.720 509.542
1200.047 497.491
1200.374 503.440
1200.701 501.389
1201.028 497.338
1201.355 501.288
1201.682 487.237
1202.009 489.186
1202.336 477.136
1202.663 490.085
1202.990 491.034
1203.317 475.984
1203.644 484.933
1203.971 478.883
1204.298 470.833
1204.625 471.782
1204.952 471.732
1205.279 475.682
1205.606 465.632
1205.933 457.582
1206.260 460.532
1206.587 461.482
1206.914 462.432
1207.241 458.382
1207.568 460.332
1207.895 461.283
1208.222 456.233
1208.549 454.184
1208.876 443.134
1209.203 452.085
1209.530 442.035
1209.857 436.986
1210.184 439.937
1210.511 433.888
1210.838 428.839
1211.165 424.790
1211.492 417.741
1211.819 419.693
1212.146 423.644
1212.473 413.596
1212.799 416.547
1213.126 413.499
1213.453 415.451
1213.780 400.403
1214.107 410.355
1214.434 400.307
1214.761 398.259
1215.088 396.211
1215.415 394.163
1215.742 403.116
1216.069 396.069
1216.396 387.021
1216.723 388.974
1217.050 398.927
1217.377 392.880
1217.704 377.833
1218.031 379.787
1218.358 376.740
1218.685 376.694
1219.012 367.647
1219.339 368.601
1219.666 371.555
1219.993 367.509
1220.320 368.463
1220.647 369.418
1220.974 359.372
1221.301 355.327
1221.628 349.281
1221.955 353.236
1222.282 356.191
1222.609 350.147
1222.936 344.102
1223.263 348.057
1223.590 345.013
1223.917 341.969
1224.244 345.925
1224.571 343.881
1224.898 347.837
1225.225 326.793
1225.552 331.750
1225.879 319.707
1226.206 325.664
1226.533 323.621
1226.860 322.578
1227.187 314.535
1227.514 320.493
1227.841 320.451
1228.168 320.409
1228.495 329.367
1228.822 315.325
1229.149 319.284
1229.476 307.242
1229.803 309.201
1230.130 304.160
1230.457 305.119
1230.784 300.079
1231.111 305.038
1231.438 306.998
1231.765 306.958
1232.092 308.918
1232.419 295.878
1232.746 305.839
