168.180 12.417
168.450 58.417
168.720 67.417
168.990 73.416
169.260 73.416
169.530 74.416
169.799 63.415
170.069 70.415
170.339 79.415
170.609 71.414
170.879 70.414
171.149 79.414
171.418 75.413
171.688 78.413
171.958 67.413
172.228 74.413
172.498 67.412
172.768 75.412
173.037 74.412
173.307 71.411
173.577 70.411
173.847 71.411
174.117 66.410
174.387 73.410
174.656 77.410
174.926 71.409
175.196 76.409
175.466 73.409
175.736 71.409
176.006 73.408
176.275 71.408
176.545 83.408
176.815 73.407
177.085 72.407
177.355 73.407
177.625 75.406
177.894 70.406
178.164 74.406
178.434 67.405
178.704 77.405
178.974 80.405
179.244 80.404
179.513 73.404
179.783 82.404
180.053 79.404
180.323 69.403
180.593 74.403
180.863 74.403
181.132 71.402
181.402 76.402
181.672 66.402
181.942 70.401
182.212 71.401
182.482 70.401
182.751 80.400
183.021 69.400
183.291 72.400
183.561 68.399
183.831 83.399
184.101 79.399
184.370 74.398
184.640 78.398
184.910 74.398
185.164 70.398
185.417 79.397
185.671 77.397
185.925 74.397
186.178 74.396
186.432 76.396
186.686 68.396
186.939 73.395
187.193 70.395
187.447 79.395
187.700 80.394
187.954 73.394
188.207 75.394
188.461 82.393
188.715 80.393
188.968 82.393
189.222 71.392
189.476 72.392
189.729 76.392
189.983 73.391
190.237 70.391
190.490 69.391
190.744 68.390
190.998 68.390
191.251 81.390
191.505 80.389
191.759 75.389
192.012 72.389
192.266 77.388
192.520 69.388
192.773 83.388
193.027 81.387
193.281 78.387
193.534 72.387
193.788 76.387
194.042 69.386
194.295 76.386
194.549 70.386
194.802 71.385
195.056 67.385
195.310 81.385
195.563 68.384
195.817 73.384
196.071 67.384
196.324 80.383
196.578 70.383
196.832 63.383
197.085 86.382
197.339 84.382
197.593 77.382
197.846 75.381
198.100 66.381
198.354 78.381
198.607 74.380
198.861 72.380
199.115 80.380
199.368 81.379
199.622 82.379
199.876 75.379
200.129 77.378
200.383 78.378
200.636 83.378
200.890 75.377
201.144 84.377
201.397 75.377
201.651 76.376
201.905 79.376
202.158 71.376
202.412 74.375
202.666 83.375
202.919 83.375
203.173 79.374
203.427 72.374
203.680 74.374
203.934 79.373
204.188 81.373
204.441 71.373
204.695 73.372
204.949 75.372
205.202 83.371
205.456 74.371
205.710 77.371
205.963 74.370
206.217 81.370
206.471 77.370
206.724 78.369
206.978 82.369
207.231 79.369
207.485 81.368
207.739 82.368
207.992 72.368
208.246 83.367
208.500 68.367
208.753 77.367
209.007 85.366
209.261 78.366
209.514 81.366
209.768 86.365
210.022 82.365
210.275 64.365
210.529 72.364
210.783 76.364
211.036 86.364
211.290 74.363
211.544 75.363
211.797 82.363
212.051 84.362
212.305 79.362
212.558 75.362
212.812 69.361
213.065 79.361
213.319 72.360
213.573 78.360
213.826 81.360
214.080 80.359
214.334 79.359
214.587 88.359
214.841 82.358
215.095 82.358
215.348 77.358
215.602 73.357
215.856 73.357
216.109 78.357
216.363 78.356
216.617 78.356
216.870 87.356
217.124 77.355
217.378 73.355
217.631 78.355
217.885 65.354
218.139 80.354
218.392 75.353
218.646 79.353
218.900 78.353
219.153 82.352
219.407 82.352
219.660 76.352
219.914 87.351
220.168 72.351
220.421 83.351
220.675 81.350
220.929 85.350
221.182 77.350
221.436 79.349
221.690 82.349
221.943 84.348
222.197 82.348
222.451 79.348
222.704 84.347
222.958 84.347
223.212 79.347
223.465 77.346
223.719 79.346
223.973 75.346
224.226 78.345
224.480 82.345
224.734 79.344
224.987 89.344
225.241 77.344
225.494 77.343
225.748 82.343
226.002 75.343
226.255 73.342
226.509 84.342
226.763 86.342
227.016 80.341
227.270 79.341
227.524 87.340
227.777 81.340
228.031 81.340
228.285 77.339
228.538 86.339
228.792 82.339
229.046 85.338
229.299 78.338
229.553 82.338
229.807 75.337
230.060 86.337
230.314 76.336
230.568 80.336
230.821 82.336
231.075 87.335
231.329 79.335
231.582 81.335
231.836 79.334
232.089 75.334
232.343 90.334
232.597 83.333
232.850 91.333
233.104 82.332
233.358 89.332
233.611 86.332
233.865 84.331
234.119 80.331
234.372 91.331
234.626 80.330
234.880 81.330
235.133 82.329
235.387 82.329
235.641 84.329
235.894 90.328
236.148 84.328
236.402 84.328
236.655 86.327
236.909 83.327
237.163 87.326
237.416 84.326
237.670 73.326
237.924 85.325
238.177 88.325
238.431 95.325
238.684 78.324
238.938 92.324
239.192 82.323
239.445 87.323
239.699 82.323
239.953 82.322
240.206 95.322
240.460 93.321
240.714 87.321
240.967 86.321
241.221 85.320
241.475 93.320
241.728 93.320
241.982 95.319
242.236 89.319
242.489 92.318
242.743 84.318
242.997 82.318
243.250 88.317
243.504 82.317
243.758 82.317
244.011 85.316
244.265 82.316
244.518 80.315
244.772 84.315
245.026 93.315
245.279 89.314
245.533 80.314
245.787 77.313
246.040 89.313
246.294 86.313
246.548 84.312
246.801 88.312
247.055 78.311
247.309 81.311
247.562 89.311
247.816 84.310
248.070 88.310
248.323 89.310
248.577 86.309
248.831 79.309
249.084 90.308
249.338 92.308
249.592 98.308
249.845 91.307
250.099 93.307
250.353 88.306
250.606 83.306
250.860 89.306
251.113 92.305
251.367 88.305
251.621 92.304
251.874 89.304
252.128 84.304
252.382 91.303
252.635 101.303
252.889 87.302
253.143 87.302
253.396 89.302
253.650 88.301
253.911 91.301
254.172 85.300
254.433 86.300
254.694 80.300
254.955 91.299
255.216 95.299
255.477 89.298
255.738 92.298
255.999 91.298
256.261 91.297
256.522 90.297
256.783 91.296
257.044 100.296
257.305 99.296
257.566 94.295
257.827 87.295
258.088 95.294
258.349 94.294
258.610 91.294
258.871 93.293
259.132 101.293
259.393 94.292
259.654 80.292
259.915 92.292
260.176 97.291
260.437 85.291
260.698 88.290
260.959 92.290
261.221 93.290
261.482 93.289
261.743 88.289
262.004 89.288
262.265 89.288
262.526 97.288
262.787 95.287
263.048 90.287
263.309 98.286
263.570 91.286
263.831 89.285
264.092 96.285
264.353 88.285
264.614 92.284
264.875 85.284
265.136 101.283
265.397 96.283
265.658 97.283
265.919 95.282
266.181 98.282
266.442 95.281
266.703 94.281
266.964 91.280
267.225 96.280
267.486 96.280
267.747 98.279
268.008 97.279
268.269 100.278
268.530 90.278
268.791 97.278
269.052 95.277
269.313 95.277
269.574 103.276
269.835 97.276
270.096 105.275
270.357 95.275
270.618 89.275
270.879 99.274
271.141 96.274
271.402 97.273
271.663 101.273
271.924 98.273
272.185 95.272
272.446 96.272
272.707 93.271
272.968 101.271
273.229 95.270
273.490 92.270
273.751 82.270
274.012 97.269
274.273 95.269
274.534 98.268
274.795 93.268
275.056 96.267
275.317 92.267
275.578 96.267
275.839 98.266
276.101 92.266
276.362 100.265
276.623 101.265
276.884 102.264
277.145 99.264
277.406 106.264
277.667 102.263
277.928 97.263
278.189 99.262
278.450 100.262
278.711 92.261
278.972 95.261
279.233 104.261
279.494 103.260
279.755 99.260
280.016 98.259
280.277 99.259
280.538 98.258
280.799 100.258
281.061 100.258
281.322 99.257
281.583 94.257
281.844 100.256
282.105 101.256
282.366 93.255
282.627 98.255
282.888 103.254
283.149 104.254
283.410 110.254
283.671 96.253
283.932 101.253
284.193 102.252
284.454 103.252
284.715 104.251
284.976 104.251
285.237 93.250
285.498 105.250
285.759 98.250
286.021 106.249
286.282 110.249
286.543 102.248
286.804 106.248
287.065 97.247
287.326 103.247
287.587 98.246
287.848 106.246
288.109 102.246
288.370 108.245
288.631 102.245
288.892 100.244
289.153 106.244
289.414 106.243
289.675 103.243
289.936 96.242
290.197 106.242
290.458 97.242
290.719 105.241
290.981 96.241
291.242 107.240
291.503 113.240
291.764 103.239
292.025 104.239
292.286 107.238
292.547 95.238
292.808 92.238
293.069 101.237
293.330 106.237
293.591 107.236
293.852 109.236
294.113 95.235
294.374 105.235
294.635 108.234
294.896 104.234
295.157 99.233
295.418 103.233
295.679 108.233
295.941 110.232
296.202 99.232
296.463 111.231
296.724 109.231
296.985 111.230
297.246 101.230
297.507 108.229
297.768 108.229
298.029 102.228
298.290 96.228
298.551 108.227
298.812 113.227
299.073 111.227
299.334 105.226
299.595 104.226
299.856 107.225
300.117 111.225
300.378 108.224
300.639 102.224
300.901 112.223
301.162 112.223
301.423 102.222
301.684 114.222
301.945 109.221
302.206 106.221
302.467 110.220
302.728 103.220
302.989 110.220
303.250 111.219
303.511 101.219
303.772 105.218
304.033 105.218
304.294 108.217
304.555 105.217
304.816 113.216
305.077 108.216
305.338 109.215
305.599 112.215
305.861 110.214
306.122 104.214
306.383 107.213
306.644 102.213
306.905 96.212
307.166 102.212
307.427 110.211
307.688 117.211
307.949 111.211
308.210 107.210
308.471 102.210
308.732 112.209
308.993 111.209
309.254 107.208
309.515 118.208
309.776 111.207
310.037 111.207
310.298 114.206
310.559 121.206
310.821 108.205
311.082 115.205
311.343 112.204
311.604 117.204
311.865 112.203
312.126 106.203
312.387 96.202
312.648 106.202
312.909 107.201
313.170 121.201
313.437 116.200
313.704 119.200
313.971 113.199
314.238 109.199
314.504 109.198
314.771 116.198
315.038 114.197
315.305 118.197
315.572 113.197
315.839 108.196
316.106 109.196
316.373 110.195
316.640 117.195
316.906 118.194
317.173 108.194
317.440 109.193
317.707 115.193
317.974 117.192
318.241 110.192
318.508 110.191
318.775 118.191
319.042 118.190
319.308 112.190
319.575 121.189
319.842 112.189
320.109 120.188
320.376 107.188
320.643 116.187
320.910 127.187
321.177 116.186
321.444 107.186
321.710 111.185
321.977 116.185
322.244 117.184
322.511 110.184
322.778 114.183
323.045 114.183
323.312 120.182
323.579 108.182
323.846 112.181
324.112 119.181
324.379 124.180
324.646 117.180
324.913 113.179
325.180 110.179
325.447 119.178
325.714 118.178
325.981 120.177
326.248 116.177
326.514 120.176
326.781 114.176
327.048 114.175
327.315 113.175
327.582 118.174
327.849 109.173
328.116 120.173
328.383 116.172
328.649 123.172
328.916 121.171
329.183 118.171
329.450 114.170
329.717 129.170
329.984 119.169
330.251 123.169
330.518 113.168
330.785 126.168
331.051 128.167
331.318 121.167
331.585 122.166
331.852 131.166
332.119 127.165
332.386 128.165
332.653 127.164
332.920 127.164
333.187 124.163
333.453 129.163
333.720 139.162
333.987 135.162
334.254 129.161
334.521 134.161
334.788 136.160
335.055 147.160
335.322 142.159
335.589 135.158
335.855 144.158
336.122 153.157
336.389 144.157
336.656 159.156
336.923 153.156
337.190 163.155
337.457 159.155
337.724 171.154
337.991 181.154
338.257 177.153
338.524 180.153
338.791 187.152
339.058 186.152
339.325 190.151
339.592 193.151
339.859 202.150
340.126 212.149
340.393 214.149
340.659 217.148
340.926 225.148
341.193 234.147
341.460 243.147
341.727 246.146
341.994 248.146
342.261 254.145
342.528 267.145
342.795 267.144
343.061 274.144
343.328 289.143
343.595 298.142
343.862 308.142
344.129 322.141
344.396 321.141
344.663 337.140
344.930 346.140
345.197 353.139
345.463 359.139
345.730 372.138
345.997 386.138
346.264 400.137
346.531 413.137
346.798 419.136
347.065 438.135
347.332 443.135
347.599 454.134
347.865 473.134
348.132 480.133
348.399 490.133
348.666 504.132
348.933 508.132
349.200 535.131
349.467 546.130
349.734 555.130
350.001 581.129
350.267 588.129
350.534 588.128
350.801 619.128
351.068 631.127
351.335 642.127
351.602 647.126
351.869 655.126
352.136 685.125
352.402 695.124
352.669 703.124
352.936 728.123
353.203 738.123
353.470 746.122
353.737 757.122
354.004 772.121
354.271 789.120
354.538 807.120
354.804 829.119
355.071 846.119
355.338 856.118
355.605 875.118
355.872 887.117
356.139 902.117
356.406 918.116
356.673 935.115
356.940 956.115
357.206 978.839
357.473 995.034
357.740 1014.314
358.007 1041.994
358.274 1058.159
358.541 1073.359
358.808 1102.443
359.075 1120.767
359.342 1138.746
359.608 1163.544
359.875 1167.117
360.142 1211.670
360.409 1228.506
360.676 1266.915
360.943 1269.460
361.210 1284.645
361.477 1314.365
361.744 1350.528
362.010 1354.578
362.277 1367.433
362.544 1411.441
362.811 1414.945
363.078 1423.464
363.345 1460.591
363.612 1486.306
363.879 1514.483
364.146 1518.663
364.412 1543.144
364.679 1573.682
364.946 1598.378
365.213 1610.256
365.480 1641.799
365.748 1661.725
366.017 1682.021
366.285 1695.946
366.553 1714.699
366.822 1738.328
367.090 1740.276
367.358 1756.651
367.627 1790.850
367.895 1814.875
368.164 1821.686
368.432 1840.407
368.700 1863.735
368.969 1891.961
369.237 1900.989
369.505 1912.222
369.774 1930.329
370.042 1952.212
370.310 1973.310
370.579 1981.143
370.847 2034.887
371.115 2031.555
371.384 2041.434
371.652 2060.226
371.921 2070.169
372.189 2062.037
372.457 2100.649
372.726 2133.051
372.994 2115.388
373.262 2152.480
373.531 2145.301
373.799 2166.386
374.067 2187.310
374.336 2188.681
374.604 2206.677
374.872 2233.307
375.141 2238.594
375.409 2253.371
375.678 2259.340
375.946 2272.906
376.214 2276.835
376.483 2302.353
376.751 2312.172
377.019 2326.233
377.288 2343.456
377.556 2359.601
377.824 2394.698
378.093 2395.795
378.361 2402.642
378.629 2433.084
378.898 2434.296
379.166 2472.233
379.435 2484.562
379.703 2490.978
379.971 2510.207
380.240 2528.976
380.508 2538.529
380.776 2581.263
381.045 2583.665
381.313 2612.245
381.581 2625.197
381.850 2644.604
382.118 2677.483
382.386 2701.667
382.655 2705.067
382.923 2747.645
383.192 2770.693
383.460 2791.458
383.728 2788.521
383.997 2843.070
384.265 2852.429
384.533 2898.546
384.802 2915.915
385.070 2950.380
385.338 2986.999
385.607 3013.042
385.875 3012.999
386.143 3072.722
386.412 3110.803
386.680 3128.174
386.948 3130.863
387.217 3201.796
387.485 3227.472
387.754 3263.093
388.022 3276.437
388.290 3308.409
388.559 3353.309
388.827 3406.809
389.095 3431.890
389.364 3466.203
389.632 3509.294
389.900 3521.784
390.169 3554.875
390.437 3601.784
390.705 3626.666
390.974 3672.137
391.242 3716.961
391.511 3744.905
391.779 3783.211
392.047 3828.518
392.316 3848.262
392.584 3916.523
392.852 3939.821
393.121 3964.590
393.389 4024.793
393.657 4073.989
393.926 4116.736
394.194 4155.113
394.462 4184.467
394.731 4226.285
394.999 4270.243
395.268 4327.689
395.536 4365.987
395.804 4420.579
396.073 4445.530
396.341 4474.710
396.609 4516.868
396.878 4584.852
397.146 4642.130
397.414 4686.670
397.683 4738.469
397.951 4762.877
398.219 4820.589
398.488 4875.152
398.756 4894.372
399.025 4981.112
399.293 5012.571
399.561 5039.684
399.830 5125.541
400.098 5175.253
400.366 5198.553
400.635 5265.706
400.903 5300.955
401.171 5334.738
401.440 5419.470
401.708 5452.468
401.976 5530.902
402.245 5544.897
402.513 5629.330
402.782 5666.677
403.050 5706.690
403.318 5748.443
403.587 5816.762
403.855 5850.582
404.123 5913.186
404.392 5967.613
404.660 6016.724
404.934 6085.778
405.207 6137.033
405.481 6211.743
405.754 6249.478
406.028 6308.825
406.301 6346.961
406.575 6413.866
406.848 6451.308
407.122 6491.613
407.395 6562.564
407.669 6605.454
407.942 6649.524
408.216 6722.101
408.489 6767.291
408.763 6814.070
409.036 6887.481
409.310 6917.184
409.583 6982.173
409.857 7031.504
410.130 7100.937
410.404 7143.446
410.677 7181.808
410.951 7253.657
411.224 7276.606
411.498 7327.071
411.771 7400.822
412.045 7449.050
412.318 7501.025
412.592 7525.373
412.865 7584.870
413.139 7623.950
413.412 7725.939
413.686 7759.528
413.959 7815.445
414.233 7858.889
414.506 7897.416
414.780 7967.192
415.053 8030.747
415.327 8060.243
415.600 8159.323
415.874 8179.020
416.147 8223.326
416.421 8287.285
416.694 8352.558
416.968 8420.440
417.241 8488.839
417.515 8507.029
417.788 8582.046
418.062 8624.719
418.335 8673.337
418.609 8733.169
418.882 8792.554
419.156 8819.510
419.429 8879.329
419.703 8952.015
419.976 9025.914
420.250 9042.752
420.524 9116.615
420.797 9168.123
421.071 9199.765
421.344 9234.090
421.618 9305.518
421.891 9360.715
422.165 9435.781
422.438 9460.277
422.712 9522.822
422.985 9549.017
423.259 9614.045
423.532 9672.919
423.806 9704.028
424.079 9784.386
424.353 9867.955
424.626 9853.394
424.900 9883.419
425.173 9964.024
425.447 10015.952
425.720 10050.951
425.994 10092.042
426.267 10158.584
426.541 10181.493
426.814 10214.162
427.088 10272.035
427.361 10340.329
427.635 10371.173
427.908 10443.493
428.182 10435.120
428.455 10514.575
428.729 10513.021
429.002 10541.734
429.276 10602.763
429.549 10641.069
429.823 10661.911
430.096 10716.522
430.370 10755.225
430.643 10825.542
430.917 10858.950
431.190 10892.073
431.464 10938.443
431.737 10963.717
432.011 11032.191
432.284 11056.327
432.558 11071.289
432.831 11118.644
433.105 11144.219
433.378 11217.015
433.652 11235.636
433.925 11248.426
434.199 11302.533
434.472 11341.586
434.746 11410.926
435.019 11485.411
435.293 11508.400
435.566 11498.928
435.840 11541.135
436.119 11598.732
436.398 11649.376
436.677 11664.278
436.956 11710.812
437.235 11695.573
437.514 11708.582
437.793 11757.793
438.073 11791.462
438.352 11816.405
438.631 11861.682
438.910 11902.953
439.189 11926.674
439.468 11967.657
439.747 11989.183
440.026 12022.353
440.305 12109.182
440.584 12085.433
440.863 12175.009
441.142 12204.192
441.421 12252.829
441.700 12296.314
441.979 12298.938
442.258 12353.934
442.538 12425.564
442.817 12427.647
443.096 12484.872
443.375 12483.433
443.654 12564.405
443.933 12591.166
444.212 12682.474
444.491 12684.368
444.770 12758.421
445.049 12825.437
445.328 12855.368
445.607 12870.993
445.886 12953.864
446.165 12947.111
446.444 13020.464
446.723 13043.075
447.003 13090.179
447.282 13097.143
447.561 13143.452
447.840 13202.261
448.119 13241.985
448.398 13285.745
448.677 13361.358
448.956 13385.801
449.235 13427.747
449.514 13484.432
449.793 13533.817
450.072 13599.483
450.351 13654.847
450.630 13642.166
450.909 13702.692
451.188 13771.827
451.468 13813.199
451.747 13862.504
452.026 13893.709
452.305 13960.402
452.584 13995.822
452.863 14055.768
453.142 14058.697
453.421 14140.258
453.700 14215.977
453.979 14254.712
454.258 14316.196
454.537 14351.606
454.816 14456.834
455.095 14498.841
455.374 14517.283
455.653 14612.402
455.933 14648.734
456.212 14728.536
456.491 14768.618
456.770 14822.060
457.049 14901.094
457.328 14938.194
457.607 15033.843
457.886 15061.585
458.165 15087.215
458.444 15187.291
458.723 15250.883
459.002 15328.734
459.281 15379.730
459.560 15474.672
459.839 15567.613
460.119 15593.280
460.398 15692.157
460.677 15770.105
460.956 15832.840
461.235 15901.688
461.514 16012.117
461.793 16047.854
462.072 16210.695
462.351 16266.171
462.630 16357.278
462.909 16436.707
463.188 16549.741
463.467 16641.389
463.746 16695.273
464.025 16791.930
464.304 16888.278
464.584 16964.450
464.863 17055.394
465.142 17190.747
465.421 17275.316
465.700 17379.634
465.979 17466.099
466.258 17558.185
466.537 17728.938
466.816 17744.066
467.095 17881.359
467.374 17988.799
467.653 18096.024
467.932 18203.034
468.211 18284.830
468.490 18417.246
468.769 18508.828
469.049 18637.465
469.328 18747.826
469.607 18868.826
469.886 18961.825
470.165 19071.824
470.444 19160.984
470.723 19318.459
471.002 19431.115
471.281 19509.330
471.560 19638.458
471.839 19762.343
472.118 19867.420
472.397 19978.753
472.676 20088.169
472.955 20234.221
473.234 20360.980
473.514 20465.607
473.793 20612.714
474.072 20656.407
474.351 20835.329
474.630 20958.394
474.909 21064.519
475.188 21136.308
475.467 21253.854
475.746 21358.466
476.025 21453.150
476.304 21585.167
476.583 21710.166
476.862 21839.921
477.141 21968.198
477.420 22134.766
477.699 22144.694
477.979 22276.608
478.258 22375.433
478.537 22516.715
478.816 22625.432
479.095 22731.823
479.374 22870.293
479.653 22936.966
479.932 23026.536
480.211 23154.425
480.490 23279.454
480.769 23410.940
481.048 23526.153
481.327 23620.257
481.606 23727.523
481.885 23835.012
482.165 23929.312
482.444 24042.308
482.723 24177.346
483.002 24237.573
483.281 24370.221
483.560 24480.022
483.839 24592.904
484.118 24684.474
484.397 24774.198
484.676 24871.777
484.955 24994.565
485.234 25113.308
485.513 25253.932
485.792 25370.598
486.071 25375.673
486.350 25556.013
486.630 25569.409
486.909 25697.266
487.188 25766.116
487.467 25935.310
487.746 25980.070
488.025 26095.194
488.304 26170.742
488.583 26278.513
488.862 26314.130
489.141 26463.523
489.420 26606.786
489.699 26651.613
489.978 26718.309
490.257 26820.370
490.536 26921.562
490.815 27022.407
491.095 27123.080
491.374 27226.881
491.653 27278.437
491.932 27428.905
492.211 27556.669
492.490 27598.928
492.769 27692.289
493.048 27789.541
493.327 27885.691
493.606 27986.491
493.885 28081.126
494.164 28178.785
494.443 28247.457
494.722 28402.786
495.001 28414.127
495.280 28597.102
495.560 28668.090
495.839 28746.957
496.118 28830.211
496.397 28896.810
496.676 28982.598
496.955 29073.249
497.234 29184.024
497.513 29297.819
497.792 29390.074
498.071 29445.405
498.350 29574.177
498.629 29668.743
498.908 29717.032
499.187 29810.783
499.466 29882.138
499.745 29951.484
500.025 30091.273
500.304 30156.507
500.583 30176.430
500.862 30381.393
501.141 30479.075
501.420 30445.393
501.699 30510.271
501.978 30663.023
502.257 30729.827
502.536 30795.078
502.815 30951.327
503.094 31012.843
503.373 31059.307
503.652 31095.670
503.931 31274.734
504.211 31356.344
504.490 31377.619
504.769 31375.212
505.048 31557.513
505.327 31593.009
505.606 31689.042
505.885 31753.765
506.164 31783.236
506.443 31889.830
506.722 31961.000
507.001 32039.451
507.280 32092.457
507.559 32211.133
507.838 32291.400
508.117 32322.106
508.396 32394.156
508.676 32504.303
508.955 32503.785
509.234 32591.061
509.513 32636.607
509.792 32676.606
510.071 32754.554
510.350 32829.250
510.629 32873.396
510.908 32926.858
511.187 32985.319
511.466 33048.858
511.745 33175.060
512.024 33239.921
512.303 33252.489
512.582 33242.005
512.861 33307.444
513.141 33394.973
513.420 33505.794
513.699 33428.969
513.978 33531.715
514.257 33598.855
514.536 33615.288
514.815 33691.664
515.094 33748.910
515.373 33793.815
515.652 33816.384
515.931 33892.021
516.210 33957.455
516.489 33905.572
516.768 33962.703
517.047 34074.590
517.326 34057.376
517.606 34153.740
517.885 34169.307
518.164 34244.460
518.443 34319.148
518.722 34354.405
519.001 34371.457
519.280 34439.622
519.559 34514.902
519.838 34522.210
520.117 34603.969
520.396 34625.270
520.675 34671.534
520.954 34711.159
521.233 34717.557
521.512 34793.632
521.791 34888.977
522.071 34913.416
522.350 34968.648
522.629 35052.846
522.908 35012.191
523.187 35086.526
523.466 35117.187
523.745 35175.783
524.024 35238.845
524.303 35267.406
524.582 35289.881
524.861 35382.200
525.140 35428.768
525.419 35471.924
525.698 35493.923
525.977 35537.302
526.257 35552.028
526.536 35629.170
526.815 35662.823
527.094 35688.808
527.373 35722.604
527.652 35818.256
527.931 35859.225
528.210 35861.121
528.489 35902.010
528.768 35991.108
529.047 36099.164
529.326 36098.215
529.605 36107.591
529.884 36133.978
530.163 36214.597
530.442 36229.747
530.722 36300.484
531.001 36375.578
531.280 36325.080
531.559 36357.853
531.838 36377.701
532.117 36430.091
532.396 36489.693
532.675 36498.680
532.954 36599.435
533.233 36659.661
533.512 36657.143
533.791 36661.873
534.070 36714.852
534.349 36831.846
534.628 36826.322
534.907 36877.341
535.187 36852.696
535.466 36907.583
535.745 36945.533
536.024 36979.687
536.303 37026.201
536.582 37069.951
536.861 37096.658
537.140 37081.433
537.419 37151.033
537.698 37259.145
537.977 37243.644
538.256 37330.707
538.535 37279.180
538.814 37299.502
539.093 37299.501
539.372 37303.611
539.652 37390.398
539.931 37399.018
540.210 37473.679
540.489 37511.106
540.768 37529.339
541.047 37597.089
541.326 37642.855
541.605 37578.835
541.884 37589.006
542.163 37688.406
542.442 37653.427
542.721 37691.294
543.000 37678.769
543.279 37708.633
543.558 37760.655
543.837 37787.424
544.117 37756.329
544.396 37822.759
544.675 37793.972
544.954 37844.013
545.233 37885.447
545.512 37810.978
545.791 37850.629
546.070 37826.450
546.351 37829.350
546.632 37866.099
546.912 37853.525
547.193 37867.903
547.474 37896.944
547.755 37923.006
548.036 37824.677
548.317 37841.761
548.597 37879.514
548.878 37860.287
549.159 37877.694
549.440 37930.818
549.721 37915.410
550.001 37868.020
550.282 37880.591
550.563 37829.497
550.844 37889.400
551.125 37956.023
551.406 37915.566
551.686 37917.415
551.967 37889.608
552.248 37927.286
552.529 37955.180
552.810 37941.678
553.090 37923.502
553.371 37889.709
553.652 37901.363
553.933 37913.874
554.214 37855.441
554.495 37885.219
554.775 37926.524
555.056 37890.980
555.337 37880.412
555.618 37925.560
555.899 37914.031
556.179 37855.433
556.460 37951.446
556.741 37969.685
557.022 37926.515
557.303 37893.751
557.584 37894.508
557.864 37938.764
558.145 37841.366
558.426 37898.932
558.707 37976.277
558.988 37971.380
559.268 37909.303
559.549 37971.294
559.830 37844.985
560.111 37864.998
560.392 37895.882
560.673 37929.750
560.953 37943.390
561.234 38029.133
561.515 38027.183
561.796 37928.270
562.077 37836.118
562.357 37845.559
562.638 37876.846
562.919 37871.604
563.200 37945.310
563.481 37972.335
563.762 38004.494
564.042 37944.191
564.323 37860.913
564.604 37833.636
564.885 37784.172
565.166 37801.880
565.446 37800.670
565.727 37859.053
566.008 37805.713
566.289 37805.712
566.570 37725.538
566.851 37810.754
567.131 37772.866
567.412 37727.822
567.693 37671.138
567.974 37684.877
568.255 37612.288
568.535 37644.383
568.816 37584.618
569.097 37687.196
569.378 37568.583
569.659 37566.143
569.940 37587.205
570.220 37523.011
570.501 37637.629
570.782 37505.957
571.063 37455.349
571.344 37450.789
571.624 37413.262
571.905 37389.603
572.186 37390.605
572.467 37358.867
572.748 37356.211
573.029 37364.616
573.309 37409.887
573.590 37412.312
573.871 37306.262
574.152 37284.128
574.433 37231.813
574.713 37266.553
574.994 37188.551
575.275 37223.204
575.556 37105.047
575.837 37084.088
576.118 37058.885
576.398 37040.780
576.679 37007.479
576.960 37004.455
577.252 36969.100
577.543 36950.916
577.835 36906.471
578.127 36873.136
578.418 36843.842
578.710 36782.004
579.002 36726.667
579.293 36631.716
579.585 36694.115
579.877 36641.012
580.168 36600.401
580.460 36587.798
580.752 36543.634
581.043 36513.636
581.335 36485.616
581.627 36369.407
581.918 36455.406
582.210 36343.952
582.502 36254.994
582.793 36261.931
583.085 36236.531
583.376 36132.834
583.668 36176.679
583.960 36108.748
584.251 36075.801
584.543 36040.718
584.835 36004.522
585.126 35935.100
585.418 35907.023
585.710 35843.581
586.001 35729.353
586.293 35709.018
586.585 35693.811
586.876 35642.341
587.168 35519.167
587.460 35509.278
587.751 35456.920
588.043 35429.546
588.335 35369.071
588.626 35275.583
588.918 35260.098
589.210 35173.002
589.501 35134.194
589.793 35086.866
590.085 35085.991
590.376 34996.137
590.668 34964.348
590.960 34884.775
591.251 34859.174
591.543 34808.217
591.835 34733.339
592.126 34652.117
592.418 34608.034
592.710 34523.303
593.001 34515.313
593.293 34433.510
593.585 34433.508
593.876 34291.261
594.168 34277.652
594.460 34181.485
594.751 34146.114
595.043 34079.746
595.334 33973.521
595.626 33928.378
595.918 33872.523
596.209 33829.189
596.501 33708.941
596.793 33702.925
597.084 33592.809
597.376 33549.312
597.668 33461.044
597.959 33404.427
598.251 33355.551
598.543 33290.964
598.834 33136.886
599.126 33125.191
599.418 33121.960
599.709 33048.814
600.001 32941.117
600.293 32864.543
600.584 32830.059
600.876 32736.307
601.168 32692.125
601.459 32594.063
601.751 32547.237
602.043 32446.912
602.334 32349.823
602.626 32278.024
602.918 32238.451
603.209 32165.174
603.501 32194.267
603.793 32039.135
604.084 31963.699
604.376 31863.737
604.668 31840.079
604.959 31737.927
605.251 31646.907
605.543 31603.515
605.834 31531.974
606.126 31500.286
606.418 31396.632
606.709 31350.443
607.001 31215.946
607.292 31191.471
607.584 31125.949
607.876 31046.463
608.167 30911.313
608.459 30877.955
608.751 30757.229
609.042 30733.673
609.334 30644.806
609.626 30568.179
609.917 30482.653
610.209 30426.088
610.501 30420.750
610.792 30375.524
611.084 30289.925
611.376 30176.661
611.667 30167.801
611.959 30095.487
612.251 29951.723
612.542 29839.360
612.834 29824.141
613.126 29694.393
613.417 29667.250
613.709 29624.715
614.001 29548.318
614.292 29441.587
614.584 29365.354
614.876 29335.602
615.167 29248.441
615.459 29159.287
615.751 29114.127
616.042 29050.516
616.334 28982.175
616.626 28903.306
616.917 28894.629
617.209 28797.824
617.501 28751.933
617.792 28707.999
618.084 28661.615
618.376 28615.505
618.667 28554.988
618.959 28453.850
619.250 28403.306
619.542 28388.320
619.834 28311.836
620.125 28269.825
620.417 28196.697
620.709 28183.143
621.000 28138.611
621.292 28011.783
621.584 27988.581
621.875 27901.623
622.167 27851.380
622.459 27754.760
622.750 27702.872
623.042 27643.646
623.334 27628.185
623.625 27553.356
623.917 27495.815
624.209 27435.364
624.500 27367.664
624.792 27301.515
625.084 27239.498
625.375 27181.533
625.667 27166.173
625.959 27054.521
626.250 27017.643
626.542 26930.110
626.834 26911.540
627.125 26851.854
627.417 26766.974
627.709 26715.686
628.000 26669.741
628.292 26625.997
628.584 26548.178
628.875 26503.572
629.167 26433.338
629.459 26376.118
629.750 26368.243
630.042 26296.683
630.334 26193.233
630.625 26174.041
630.917 26144.681
631.208 26023.887
631.500 25935.767
631.792 25893.760
632.083 25827.158
632.375 25777.011
632.667 25744.628
632.958 25706.116
633.250 25651.766
633.542 25612.951
633.833 25570.965
634.125 25456.850
634.417 25434.146
634.708 25337.140
635.000 25315.256
635.292 25227.605
635.583 25193.225
635.875 25143.824
636.167 25108.178
636.458 25059.752
636.750 25076.784
637.042 24967.931
637.333 24928.805
637.625 24852.941
637.917 24822.618
638.208 24767.248
638.500 24783.035
638.792 24734.269
639.083 24645.112
639.375 24607.919
639.667 24548.366
639.958 24503.473
640.250 24457.516
640.542 24438.833
640.833 24424.249
641.125 24326.711
641.417 24348.301
641.708 24345.410
642.000 24289.953
642.292 24232.417
642.583 24244.665
642.875 24183.992
643.166 24141.445
643.458 24136.538
643.750 24121.342
644.041 24077.678
644.333 24057.185
644.625 24040.556
644.916 24010.149
645.208 24035.850
645.500 24026.641
645.791 24016.548
646.083 23979.886
646.375 23955.159
646.666 23948.747
646.958 23939.588
647.250 23941.417
647.541 23888.200
647.833 23836.103
648.125 23829.378
648.416 23820.202
648.708 23817.113
649.000 23785.861
649.291 23766.343
649.583 23744.027
649.875 23758.313
650.166 23705.456
650.458 23711.385
650.750 23703.709
651.041 23658.020
651.333 23648.750
651.625 23610.956
651.916 23626.975
652.208 23605.774
652.500 23583.405
652.791 23559.283
653.083 23513.050
653.375 23507.466
653.666 23476.133
653.958 23466.714
654.250 23484.036
654.541 23421.578
654.833 23442.649
655.124 23374.861
655.416 23377.087
655.708 23342.427
655.999 23387.708
656.291 23330.471
656.583 23319.439
656.874 23336.141
657.166 23314.359
657.458 23285.542
657.749 23282.694
658.041 23245.923
658.333 23297.769
658.624 23278.051
658.916 23264.716
659.208 23210.629
659.499 23198.423
659.791 23185.062
660.083 23169.000
660.374 23134.743
660.666 23159.751
660.958 23140.745
661.249 23101.374
661.541 23108.278
661.833 23081.430
662.124 23120.009
662.416 23083.584
662.708 23080.775
662.999 23078.848
663.291 23057.728
663.583 23049.150
663.874 23001.851
664.166 23075.281
664.458 23006.686
664.749 22987.342
665.041 22975.687
665.333 22985.390
665.624 22968.870
665.916 22939.771
666.208 22927.089
666.499 22950.339
666.791 22959.978
667.082 22884.252
667.374 22842.155
667.666 22860.654
667.957 22893.550
668.249 22860.378
668.541 22879.535
668.832 22818.067
669.124 22812.017
669.416 22828.313
669.707 22816.366
669.999 22822.252
670.291 22795.553
670.582 22781.369
670.874 22762.432
671.166 22736.814
671.457 22732.344
671.749 22726.419
672.041 22717.253
672.332 22683.654
672.624 22650.352
672.916 22656.291
673.207 22650.646
673.499 22626.464
673.791 22642.990
674.082 22596.268
674.374 22579.525
674.666 22611.396
674.957 22593.652
675.249 22549.737
675.541 22489.855
675.832 22530.302
676.124 22505.336
676.416 22500.830
676.707 22467.762
676.999 22458.742
677.291 22433.556
677.582 22435.562
677.874 22411.877
678.166 22427.380
678.457 22425.215
678.749 22351.624
679.040 22309.595
679.332 22359.401
679.624 22300.106
679.915 22310.529
680.207 22309.828
680.499 22276.391
680.790 22268.828
681.082 22236.339
681.374 22194.910
681.665 22189.002
681.957 22126.945
682.249 22147.439
682.540 22131.277
682.832 22079.206
683.124 22104.983
683.415 22094.766
683.707 22076.534
683.999 22076.532
684.290 22041.772
684.582 22001.811
684.874 21990.528
685.165 21955.699
685.457 21963.820
685.749 21915.563
686.040 21892.863
686.332 21856.010
686.624 21832.049
686.915 21816.803
687.207 21820.543
687.499 21757.968
687.790 21754.120
688.082 21773.726
688.374 21727.284
688.665 21665.362
688.957 21627.176
689.249 21633.365
689.540 21597.243
689.832 21577.633
690.124 21543.104
690.415 21500.746
690.707 21503.329
690.998 21454.253
691.290 21433.004
691.582 21415.422
691.873 21378.191
692.165 21339.926
692.457 21298.867
692.748 21270.634
693.040 21274.302
693.332 21232.607
693.623 21172.742
693.915 21127.144
694.207 21140.759
694.498 21076.283
694.790 21045.272
695.082 21056.727
695.373 20983.073
695.665 20968.548
695.957 20911.583
696.248 20875.311
696.540 20849.246
696.836 20796.550
697.133 20792.187
697.429 20721.933
697.725 20713.344
698.021 20680.478
698.318 20625.165
698.614 20604.608
698.910 20586.170
699.207 20531.730
699.503 20487.214
699.799 20436.036
700.095 20395.702
700.392 20400.871
700.688 20340.889
700.984 20284.455
701.281 20247.301
701.577 20187.636
701.873 20199.203
702.169 20148.222
702.466 20088.364
702.762 20054.250
703.058 20047.031
703.355 19983.128
703.651 19932.662
703.947 19902.894
704.243 19839.270
704.540 19798.365
704.836 19750.879
705.132 19741.131
705.428 19675.154
705.725 19645.741
706.021 19594.263
706.317 19545.689
706.614 19543.170
706.910 19487.309
707.206 19426.979
707.502 19447.426
707.799 19323.702
708.095 19276.100
708.391 19218.954
708.688 19230.961
708.984 19170.816
709.280 19113.497
709.576 19054.547
709.873 19006.669
710.169 18948.740
710.465 18889.906
710.762 18849.294
711.058 18786.781
711.354 18749.036
711.650 18725.250
711.947 18677.677
712.243 18620.750
712.539 18587.414
712.836 18523.246
713.132 18440.055
713.428 18438.036
713.724 18361.421
714.021 18332.857
714.317 18281.495
714.613 18198.514
714.910 18118.995
715.206 18093.798
715.502 18064.773
715.798 17974.486
716.095 17939.326
716.391 17888.394
716.687 17822.326
716.984 17800.301
717.280 17752.250
717.576 17699.495
717.872 17652.145
718.169 17617.490
718.465 17527.487
718.761 17505.485
719.058 17431.482
719.354 17388.091
719.650 17365.843
719.946 17278.474
720.243 17273.017
720.539 17227.469
720.835 17146.613
721.131 17083.463
721.428 17066.527
721.724 17025.509
722.020 16936.392
722.317 16901.354
722.613 16874.198
722.909 16843.290
723.205 16795.035
723.502 16711.442
723.798 16686.125
724.094 16642.436
724.391 16611.434
724.687 16592.838
724.983 16508.411
725.279 16446.639
725.576 16417.171
725.872 16358.984
726.168 16317.148
726.465 16278.024
726.761 16242.954
727.057 16146.384
727.353 16103.577
727.650 16111.622
727.946 16026.217
728.242 15992.458
728.539 15926.979
728.835 15869.566
729.131 15828.108
729.427 15788.711
729.724 15721.448
730.020 15663.420
730.316 15638.713
730.613 15603.137
730.909 15550.319
731.205 15458.410
731.501 15370.184
731.798 15324.816
732.094 15318.224
732.390 15233.620
732.687 15210.410
732.983 15133.221
733.279 15063.336
733.575 15021.010
733.872 14988.527
734.168 14939.312
734.464 14865.490
734.761 14776.361
735.057 14755.489
735.353 14709.272
735.649 14660.754
735.946 14600.514
736.242 14494.917
736.538 14486.560
736.835 14410.918
737.131 14335.271
737.427 14320.891
737.723 14286.574
738.020 14225.249
738.316 14141.332
738.612 14077.666
738.909 14050.288
739.205 13963.067
739.501 13959.106
739.797 13869.164
740.094 13838.986
740.390 13782.074
740.686 13698.217
740.982 13682.264
741.279 13606.325
741.575 13576.168
741.871 13503.194
742.168 13406.720
742.464 13394.964
742.760 13344.031
743.056 13305.449
743.353 13243.860
743.649 13173.771
743.945 13162.162
744.242 13105.344
744.538 13052.347
744.834 12975.720
745.130 12906.907
745.427 12892.169
745.723 12826.351
746.019 12803.561
746.316 12722.929
746.612 12730.527
746.908 12625.209
747.204 12568.544
747.501 12537.149
747.797 12480.515
748.093 12435.109
748.390 12406.506
748.686 12324.969
748.982 12311.825
749.278 12223.506
749.575 12200.775
749.871 12150.675
750.167 12098.196
750.464 12051.710
750.760 12008.099
751.056 11911.058
751.352 11871.324
751.649 11828.364
751.945 11794.597
752.241 11763.575
752.538 11695.286
752.834 11643.930
753.130 11580.245
753.426 11577.411
753.723 11504.124
754.019 11421.294
754.315 11408.317
754.611 11384.131
754.908 11299.828
755.204 11258.124
755.500 11201.121
755.797 11151.572
756.093 11101.114
756.389 11049.210
756.685 11004.116
756.982 10941.931
757.278 10900.804
757.574 10845.480
757.871 10827.405
758.167 10751.096
758.463 10703.198
758.759 10632.984
759.056 10604.500
759.352 10535.219
759.648 10512.124
759.945 10441.839
760.241 10415.562
760.537 10374.688
760.833 10297.849
761.130 10248.550
761.426 10196.035
761.722 10150.958
762.019 10117.992
762.315 10027.208
762.611 10037.303
762.907 9952.707
763.204 9911.236
763.500 9867.709
763.802 9817.200
764.104 9738.144
764.406 9744.208
764.708 9703.159
765.010 9618.822
765.312 9573.466
765.615 9564.785
765.917 9498.990
766.219 9438.260
766.521 9367.406
766.823 9334.002
767.125 9307.994
767.427 9264.693
767.729 9209.120
768.031 9176.630
768.333 9130.058
768.635 9076.115
768.937 9022.350
769.239 8993.862
769.542 8931.873
769.844 8892.235
770.146 8813.979
770.448 8797.510
770.750 8747.402
771.052 8685.600
771.354 8665.588
771.656 8600.140
771.958 8574.857
772.260 8530.001
772.562 8449.467
772.864 8429.076
773.166 8409.520
773.468 8380.916
773.771 8305.637
774.073 8257.051
774.375 8217.695
774.677 8181.904
774.979 8121.573
775.281 8059.137
775.583 8053.168
775.885 7997.838
776.187 7946.548
776.489 7903.566
776.791 7866.541
777.093 7852.026
777.395 7785.287
777.698 7748.064
778.000 7693.589
778.302 7662.406
778.604 7637.995
778.906 7598.199
779.208 7524.585
779.510 7477.159
779.812 7460.103
780.114 7419.419
780.416 7370.313
780.718 7343.123
781.020 7300.129
781.322 7259.113
781.625 7219.046
781.927 7161.831
782.229 7121.831
782.531 7098.042
782.833 7055.697
783.135 7002.895
783.437 6954.287
783.739 6929.318
784.041 6888.784
784.343 6844.174
784.645 6787.116
784.947 6760.931
785.249 6717.019
785.552 6684.134
785.854 6630.620
786.156 6594.120
786.458 6555.650
786.760 6509.156
787.062 6468.291
787.364 6426.805
787.666 6390.254
787.968 6374.067
788.270 6318.285
788.572 6257.099
788.874 6240.980
789.176 6203.096
789.478 6164.419
789.781 6141.185
790.083 6112.818
790.385 6062.654
790.687 6008.247
790.989 5994.330
791.291 5954.608
791.593 5931.073
791.895 5900.738
792.197 5862.321
792.499 5826.536
792.801 5790.198
793.103 5732.479
793.405 5718.527
793.708 5703.501
794.010 5670.588
794.312 5597.061
794.614 5551.866
794.916 5538.577
795.218 5481.535
795.520 5457.549
795.822 5412.563
796.124 5375.006
796.426 5348.811
796.728 5330.817
797.030 5298.435
797.332 5257.760
797.635 5201.483
797.937 5190.963
798.239 5166.424
798.541 5131.654
798.843 5093.619
799.145 5051.817
799.447 5014.151
799.749 4983.955
800.051 4943.603
800.353 4908.460
800.655 4863.473
800.957 4857.430
801.259 4795.844
801.562 4775.725
801.864 4745.442
802.166 4706.081
802.468 4673.003
802.770 4639.042
803.072 4614.990
803.374 4566.596
803.676 4555.189
803.978 4513.167
804.280 4492.457
804.582 4458.725
804.884 4436.254
805.186 4403.312
805.488 4373.128
805.791 4342.811
806.093 4297.706
806.395 4261.656
806.697 4249.240
806.999 4223.026
807.301 4191.790
807.603 4176.006
807.905 4131.106
808.207 4112.438
808.509 4088.684
808.811 4053.281
809.113 4017.999
809.415 3991.653
809.718 3975.184
810.020 3938.227
810.322 3915.146
810.624 3894.895
810.926 3874.683
811.228 3833.415
811.530 3804.830
811.834 3775.177
812.139 3756.392
812.443 3750.384
812.748 3711.788
813.052 3681.757
813.357 3658.416
813.661 3633.858
813.966 3599.787
814.270 3600.739
814.574 3571.916
814.879 3556.221
815.183 3525.604
815.488 3485.099
815.792 3473.717
816.097 3442.764
816.401 3428.080
816.706 3385.884
817.010 3378.642
817.314 3353.923
817.619 3342.838
817.923 3313.990
818.228 3270.439
818.532 3264.552
818.837 3239.150
819.141 3233.680
819.445 3197.810
819.750 3161.872
820.054 3157.766
820.359 3135.119
820.663 3112.322
820.968 3100.163
821.272 3068.694
821.577 3035.420
821.881 3032.594
822.185 3022.187
822.490 2988.785
822.794 2969.726
823.099 2953.471
823.403 2928.452
823.708 2897.066
824.012 2888.252
824.317 2877.721
824.621 2838.482
824.925 2834.332
825.230 2810.359
825.534 2797.126
825.839 2777.538
826.143 2757.146
826.448 2735.500
826.752 2707.584
827.057 2700.941
827.361 2683.562
827.665 2662.635
827.970 2651.992
828.274 2628.417
828.579 2619.563
828.883 2604.024
829.188 2583.227
829.492 2558.067
829.796 2550.371
830.101 2526.027
830.405 2517.730
830.710 2499.622
831.014 2468.214
831.319 2456.797
831.623 2439.075
831.928 2424.576
832.232 2413.712
832.536 2403.645
832.841 2382.257
833.145 2351.265
833.450 2356.288
833.754 2329.418
834.059 2335.055
834.363 2316.422
834.668 2287.337
834.972 2265.842
835.276 2266.104
835.581 2236.453
835.885 2237.932
836.190 2232.817
836.494 2208.521
836.799 2205.298
837.103 2202.244
837.407 2176.354
837.712 2157.140
838.016 2140.074
838.321 2137.141
838.625 2113.945
838.930 2120.346
839.234 2098.010
839.539 2076.332
839.843 2070.353
840.147 2059.021
840.452 2052.908
840.756 2031.128
841.061 2015.562
841.365 2014.530
841.670 1998.880
841.974 1983.184
842.279 1977.878
842.583 1967.311
842.887 1951.481
843.192 1946.042
843.496 1935.409
843.801 1925.574
844.105 1893.495
844.410 1901.896
844.714 1885.550
845.019 1885.176
845.323 1869.746
845.627 1858.531
845.932 1852.495
846.236 1835.704
846.541 1817.313
846.845 1819.402
847.150 1811.968
847.454 1796.698
847.758 1793.095
848.063 1780.061
848.367 1779.694
848.672 1775.795
848.976 1760.269
849.281 1760.855
849.585 1740.623
849.890 1724.635
850.194 1712.557
850.498 1716.803
850.803 1711.554
851.107 1693.530
851.412 1692.819
851.716 1668.287
852.021 1663.693
852.325 1664.456
852.630 1648.833
852.934 1641.646
853.238 1632.936
853.543 1640.990
853.847 1624.102
854.152 1601.014
854.456 1600.331
854.761 1594.066
855.065 1572.191
855.370 1580.108
855.674 1566.341
855.978 1574.358
856.283 1554.939
856.587 1544.684
856.892 1538.664
857.196 1532.445
857.501 1522.094
857.805 1505.463
858.109 1518.670
858.414 1503.279
858.718 1482.822
859.023 1476.227
859.327 1478.342
859.632 1472.348
859.936 1457.102
860.241 1452.368
860.545 1433.915
860.849 1436.187
861.154 1444.564
861.458 1433.391
861.763 1423.738
862.067 1433.608
862.372 1421.531
862.676 1416.699
862.981 1403.817
863.285 1394.121
863.589 1402.230
863.894 1391.875
864.198 1380.842
864.503 1377.257
864.807 1379.840
865.112 1375.574
865.416 1375.215
865.721 1374.037
866.025 1360.585
866.329 1365.418
866.634 1366.252
866.938 1371.023
867.243 1354.917
867.547 1350.583
867.852 1347.500
868.156 1344.393
868.460 1324.877
868.765 1328.852
869.069 1340.986
869.374 1328.853
869.678 1319.483
869.983 1313.185
870.287 1318.932
870.592 1318.599
870.896 1318.633
871.200 1320.430
871.505 1301.130
871.809 1303.286
872.114 1300.575
872.418 1299.128
872.723 1295.788
873.027 1296.951
873.332 1276.455
873.636 1293.332
873.940 1279.548
874.245 1287.910
874.549 1285.199
874.854 1282.742
875.158 1275.359
875.463 1270.339
875.767 1265.816
876.072 1268.101
876.376 1258.811
876.680 1265.374
876.985 1253.374
877.289 1260.837
877.594 1244.985
877.898 1244.757
878.203 1239.316
878.507 1248.143
878.811 1242.460
879.116 1227.728
879.420 1235.402
879.725 1230.436
880.029 1232.178
880.334 1234.262
880.638 1213.773
880.943 1227.196
881.247 1216.488
881.551 1204.477
881.856 1205.030
882.160 1206.281
882.465 1201.191
882.769 1202.452
883.074 1196.450
883.378 1196.265
883.683 1189.901
883.987 1180.067
884.291 1194.429
884.596 1190.617
884.900 1204.779
885.205 1192.593
885.509 1196.577
885.814 1195.128
886.118 1202.024
886.423 1204.375
886.727 1210.200
887.031 1210.193
887.336 1224.244
887.640 1223.122
887.945 1227.380
888.249 1223.312
888.554 1226.453
888.858 1223.299
889.162 1226.647
889.467 1238.960
889.771 1244.448
890.076 1245.132
890.380 1250.158
890.685 1258.164
890.989 1246.478
891.294 1247.161
891.598 1243.244
891.902 1250.354
892.207 1244.842
892.511 1253.092
892.816 1259.746
893.120 1251.017
893.425 1255.845
893.729 1259.964
894.034 1255.831
894.338 1251.220
894.642 1252.599
894.947 1252.360
895.251 1256.512
895.556 1250.273
895.860 1261.598
896.165 1256.040
896.469 1256.270
896.774 1256.951
897.078 1255.567
897.382 1258.580
897.687 1256.027
897.991 1239.529
898.296 1254.629
898.600 1250.900
898.905 1249.265
899.209 1254.149
899.513 1238.299
899.818 1242.245
900.122 1251.102
900.427 1245.029
900.731 1248.051
901.036 1247.110
901.340 1245.924
901.645 1241.010
901.949 1247.077
902.253 1257.379
902.558 1262.550
902.862 1254.791
903.167 1240.451
903.471 1248.676
903.776 1253.142
904.080 1241.596
904.385 1244.413
904.689 1238.263
904.993 1250.048
905.298 1250.040
905.602 1244.108
905.907 1244.101
906.211 1239.847
906.516 1238.172
906.820 1229.564
907.125 1230.799
907.429 1237.878
907.733 1230.491
908.038 1238.769
908.342 1232.088
908.647 1235.668
908.951 1235.436
909.256 1228.469
909.560 1222.735
909.864 1235.075
910.169 1226.013
910.473 1225.264
910.778 1223.771
911.082 1209.737
911.387 1230.245
911.691 1233.334
911.996 1229.932
912.300 1220.529
912.609 1225.763
912.918 1225.972
913.227 1214.185
913.537 1211.491
913.846 1221.876
914.155 1207.252
914.464 1209.380
914.773 1214.073
915.082 1209.973
915.391 1215.028
915.700 1217.935
916.010 1214.665
916.319 1217.580
916.628 1211.367
916.937 1215.268
917.246 1204.707
917.555 1203.521
917.864 1209.013
918.174 1200.180
918.483 1203.893
918.792 1197.609
919.101 1197.005
919.410 1198.965
919.719 1198.558
920.028 1209.408
920.337 1197.150
920.647 1208.238
920.956 1204.874
921.265 1196.522
921.574 1201.079
921.883 1192.115
922.192 1194.483
922.501 1193.670
922.811 1202.048
923.120 1198.436
923.429 1194.613
923.738 1192.405
924.047 1201.218
924.356 1191.148
924.665 1192.727
924.974 1188.872
925.284 1195.317
925.593 1189.235
925.902 1193.437
926.211 1183.244
926.520 1189.730
926.829 1188.700
927.138 1189.076
927.448 1183.307
927.757 1186.945
928.066 1171.343
928.375 1174.952
928.684 1182.527
928.993 1173.408
929.302 1169.617
929.611 1168.058
929.921 1170.657
930.230 1175.855
930.539 1187.694
930.848 1173.432
931.157 1169.593
931.466 1172.948
931.775 1165.363
932.085 1163.751
932.394 1171.744
932.703 1166.926
933.012 1165.660
933.321 1158.050
933.630 1166.353
933.939 1169.816
934.248 1168.360
934.558 1159.066
934.867 1161.793
935.176 1170.264
935.485 1173.714
935.794 1164.509
936.103 1175.418
936.412 1182.883
936.721 1180.806
937.031 1183.884
937.340 1178.287
937.649 1183.226
937.958 1197.424
938.267 1212.802
938.576 1203.068
938.885 1209.431
939.195 1208.150
939.504 1225.330
939.813 1223.678
940.122 1217.057
940.431 1222.437
940.740 1244.678
941.049 1236.794
941.359 1230.540
941.668 1241.624
941.977 1237.551
942.286 1234.538
942.595 1240.314
942.904 1252.063
943.213 1239.870
943.522 1238.026
943.832 1242.031
944.141 1243.136
944.450 1234.940
944.759 1219.436
945.068 1225.004
945.377 1221.872
945.686 1212.747
945.995 1236.582
946.305 1208.262
946.614 1226.483
946.923 1218.587
947.232 1204.937
947.541 1212.593
947.850 1184.460
948.159 1178.274
948.469 1166.956
948.778 1182.092
949.087 1170.145
949.396 1155.458
949.705 1142.104
950.014 1144.995
950.323 1139.411
950.632 1132.171
950.942 1130.129
951.251 1125.304
951.560 1107.033
951.869 1094.667
952.178 1090.066
952.487 1102.248
952.796 1085.087
953.106 1085.689
953.415 1081.181
953.724 1069.669
954.033 1071.874
954.342 1069.928
954.651 1053.699
954.960 1046.077
955.269 1040.715
955.579 1031.071
955.888 1027.236
956.197 1030.639
956.506 1023.395
956.815 1009.247
957.124 1009.159
957.433 999.854
957.743 989.556
958.052 989.555
958.361 995.265
958.670 987.345
958.979 978.467
959.288 977.356
959.597 956.385
959.906 964.277
960.216 942.536
960.525 952.476
960.834 937.422
961.143 926.959
961.452 933.819
961.761 925.409
962.070 914.109
962.380 910.202
962.689 918.080
962.998 907.767
963.307 889.447
963.616 889.665
963.925 894.394
964.234 875.497
964.543 879.620
964.853 870.568
965.162 872.638
965.471 875.311
965.780 858.562
966.095 858.693
966.410 847.449
966.725 846.429
967.040 839.331
967.356 832.479
967.671 841.466
967.986 831.453
968.301 830.440
968.616 829.427
968.931 834.414
969.246 828.401
969.561 829.388
969.876 831.375
970.192 842.362
970.507 830.349
970.822 822.336
971.137 814.323
971.452 824.310
971.767 822.296
972.082 822.283
972.397 820.270
972.712 811.257
973.028 810.243
973.343 817.230
973.658 804.216
973.973 803.203
974.288 796.190
974.603 797.176
974.918 803.162
975.233 815.149
975.548 799.135
975.864 801.122
976.179 793.108
976.494 798.094
976.809 797.081
977.124 803.067
977.439 793.053
977.754 786.039
978.069 789.025
978.384 791.011
978.700 780.997
979.015 780.983
979.330 789.969
979.645 782.955
979.960 782.941
980.275 779.927
980.590 771.913
980.905 764.899
981.221 770.885
981.536 766.870
981.851 764.856
982.166 769.842
982.481 756.827
982.796 759.813
983.111 764.799
983.426 770.784
983.741 754.770
984.057 749.755
984.372 746.741
984.687 747.726
985.002 752.711
985.317 745.697
985.632 743.682
985.947 734.667
986.262 735.653
986.577 736.638
986.893 735.623
987.208 730.608
987.523 732.593
987.838 731.578
988.153 725.563
988.468 728.548
988.783 728.533
989.098 731.518
989.413 726.503
989.729 731.488
990.044 735.472
990.359 735.457
990.674 725.442
990.989 731.427
991.304 727.411
991.619 735.396
991.934 728.380
992.249 736.365
992.565 729.349
992.880 726.334
993.195 724.318
993.510 733.303
993.825 724.287
994.140 722.271
994.455 724.256
994.770 736.240
995.085 740.224
995.401 734.208
995.716 725.192
996.031 730.176
996.346 731.160
996.661 727.144
996.976 731.128
997.291 730.112
997.606 726.096
997.921 723.080
998.237 723.064
998.552 729.047
998.867 733.031
999.182 741.015
999.497 737.998
999.812 738.982
1000.127 737.966
1000.442 734.949
1000.757 743.932
1001.073 744.916
1001.388 755.899
1001.703 758.883
1002.018 745.866
1002.333 761.849
1002.648 752.832
1002.963 773.816
1003.278 764.799
1003.593 759.782
1003.909 760.765
1004.224 771.748
1004.539 777.731
1004.854 772.714
1005.169 775.697
1005.484 788.679
1005.799 790.662
1006.114 784.645
1006.429 786.628
1006.745 790.610
1007.060 804.593
1007.375 794.576
1007.690 800.558
1008.005 791.541
1008.320 808.523
1008.635 813.505
1008.950 813.488
1009.265 825.470
1009.581 821.452
1009.896 815.435
1010.211 830.417
1010.526 833.399
1010.841 823.381
1011.156 833.363
1011.471 833.345
1011.786 837.327
1012.102 845.309
1012.417 841.291
1012.732 847.272
1013.047 847.254
1013.362 850.236
1013.677 856.218
1013.992 855.199
1014.307 856.181
1014.622 863.162
1014.938 868.144
1015.253 869.125
1015.568 871.107
1015.883 869.088
1016.198 880.069
1016.513 884.051
1016.828 890.032
1017.143 896.013
1017.458 896.994
1017.774 902.975
1018.089 902.956
1018.404 907.937
1018.719 893.918
1019.034 904.899
1019.349 911.880
1019.664 931.861
1019.979 914.841
1020.294 921.822
1020.610 927.803
1020.925 925.783
1021.240 937.764
1021.555 938.744
1021.870 943.725
1022.185 957.705
1022.500 951.685
1022.815 945.666
1023.130 963.646
1023.446 956.626
1023.761 968.606
1024.076 973.586
1024.391 972.566
1024.706 972.546
1025.021 978.526
1025.336 993.506
1025.651 987.486
1025.966 1002.466
1026.282 991.445
1026.597 1006.425
1026.912 1004.405
1027.227 1017.384
1027.542 1014.364
1027.857 1022.343
1028.172 1020.323
1028.487 1024.302
1028.802 1051.281
1029.118 1045.261
1029.433 1046.240
1029.748 1044.219
1030.063 1060.198
1030.378 1049.177
1030.693 1057.156
1031.008 1059.135
1031.323 1057.114
1031.638 1067.093
1031.954 1077.071
1032.269 1078.050
1032.584 1071.029
1032.899 1081.007
1033.214 1077.986
1033.529 1079.964
1033.844 1081.943
1034.159 1089.921
1034.474 1089.900
1034.790 1101.878
1035.105 1093.856
1035.420 1096.834
1035.735 1112.812
1036.050 1112.790
1036.365 1097.768
1036.680 1102.746
1036.995 1108.724
1037.310 1101.702
1037.626 1112.680
1037.941 1114.657
1038.256 1111.635
1038.571 1117.613
1038.886 1108.590
1039.201 1101.568
1039.516 1114.545
1039.831 1123.522
1040.146 1121.500
1040.462 1122.477
1040.777 1130.454
1041.092 1122.431
1041.407 1116.408
1041.722 1122.385
1042.037 1127.362
1042.352 1120.339
1042.667 1120.316
1042.982 1122.293
1043.298 1122.269
1043.613 1116.246
1043.928 1117.223
1044.243 1123.199
1044.558 1122.176
1044.873 1127.152
1045.188 1124.128
1045.503 1121.105
1045.819 1117.081
1046.134 1106.057
1046.449 1116.033
1046.764 1111.009
1047.079 1110.985
1047.394 1107.961
1047.709 1108.937
1048.024 1111.913
1048.339 1107.888
1048.655 1109.864
1048.970 1101.840
1049.285 1090.815
1049.600 1103.791
1049.915 1094.766
1050.230 1089.741
1050.545 1100.717
1050.860 1105.692
1051.175 1104.667
1051.491 1104.642
1051.806 1091.617
1052.121 1094.592
1052.436 1091.567
1052.751 1083.542
1053.066 1090.516
1053.381 1097.491
1053.696 1087.466
1054.011 1086.440
1054.327 1077.415
1054.642 1083.389
1054.957 1073.364
1055.272 1087.338
1055.587 1081.312
1055.902 1076.286
1056.217 1067.260
1056.532 1075.234
1056.847 1059.208
1057.163 1064.182
1057.478 1066.156
1057.793 1056.130
1058.108 1051.104
1058.423 1055.077
1058.738 1053.051
1059.053 1058.024
1059.368 1046.998
1059.683 1045.971
1059.999 1055.944
1060.314 1051.917
1060.629 1056.891
1060.944 1052.864
1061.259 1043.837
1061.574 1053.810
1061.889 1033.782
1062.204 1027.755
1062.519 1048.728
1062.835 1049.701
1063.150 1045.673
1063.465 1054.646
1063.780 1042.618
1064.095 1038.590
1064.410 1037.563
1064.725 1033.535
1065.040 1037.507
1065.355 1034.479
1065.671 1027.451
1065.986 1045.423
1066.301 1025.395
1066.616 1035.367
1066.931 1033.338
1067.246 1029.310
1067.561 1030.281
1067.876 1031.253
1068.191 1026.224
1068.507 1008.196
1068.822 1022.167
1069.137 1025.138
1069.452 1020.109
1069.767 1032.080
1070.082 1011.051
1070.397 1018.022
1070.712 1013.993
1071.027 1006.964
1071.343 1005.934
1071.658 1017.905
1071.973 1004.875
1072.288 1006.846
1072.603 1005.816
1072.918 1012.786
1073.233 1013.757
1073.548 1006.727
1073.863 1004.697
1074.179 999.667
1074.494 993.637
1074.809 994.607
1075.124 993.576
1075.439 996.546
1075.754 992.515
1076.069 994.485
1076.384 998.454
1076.699 1004.424
1077.015 989.393
1077.330 988.362
1077.645 984.331
1077.960 982.300
1078.275 982.269
1078.590 984.238
1078.905 995.207
1079.220 989.176
1079.536 976.144
1079.851 989.113
1080.166 987.081
1080.481 971.050
1080.796 979.018
1081.111 980.986
1081.426 976.954
1081.741 977.922
1082.056 974.890
1082.372 984.858
1082.687 980.826
1083.002 976.794
1083.317 962.761
1083.632 983.729
1083.947 973.696
1084.262 980.664
1084.577 970.631
1084.892 969.598
1085.208 963.565
1085.523 968.532
1085.838 960.499
1086.153 973.466
1086.468 974.433
1086.783 959.400
1087.098 958.366
1087.413 963.333
1087.728 964.299
1088.044 964.266
1088.359 958.232
1088.674 971.198
1088.989 972.164
1089.304 962.130
1089.619 963.096
1089.934 966.062
1090.249 965.028
1090.564 957.994
1090.880 956.959
1091.195 951.925
1091.510 961.890
1091.825 953.856
1092.140 949.821
1092.467 959.786
1092.794 952.751
1093.121 952.716
1093.448 951.681
1093.775 946.646
1094.102 938.611
1094.429 947.575
1094.756 937.540
1095.083 950.504
1095.410 937.469
1095.737 942.433
1096.064 941.397
1096.391 936.361
1096.718 936.325
1097.045 938.289
1097.372 938.253
1097.699 939.217
1098.026 936.180
1098.353 933.144
1098.680 937.107
1099.007 941.071
1099.334 942.034
1099.661 935.997
1099.988 928.960
1100.315 932.923
1100.642 935.886
1100.969 932.849
1101.296 937.812
1101.623 941.774
1101.950 926.737
1102.277 931.699
1102.604 930.662
1102.931 939.624
1103.258 933.586
1103.585 929.548
1103.912 929.510
1104.239 927.472
1104.566 933.434
1104.893 943.395
1105.220 934.357
1105.547 928.319
1105.874 929.280
1106.201 930.241
1106.528 927.203
1106.855 930.164
1107.182 932.125
1107.509 923.086
1107.836 930.047
1108.163 920.007
1108.490 930.968
1108.817 924.929
1109.144 921.889
1109.470 921.849
1109.797 927.810
1110.124 925.770
1110.451 927.730
1110.778 928.690
1111.105 935.650
1111.432 933.610
1111.759 920.569
1112.086 915.529
1112.413 921.489
1112.740 938.448
1113.067 938.407
1113.394 929.367
1113.721 922.326
1114.048 928.285
1114.375 928.244
1114.702 930.202
1115.029 929.161
1115.356 926.120
1115.683 930.078
1116.010 929.037
1116.337 907.995
1116.664 912.953
1116.991 909.912
1117.318 910.870
1117.645 918.828
1117.972 904.785
1118.299 903.743
1118.626 903.701
1118.953 906.658
1119.280 903.616
1119.607 908.573
1119.934 887.531
1120.261 899.488
1120.588 894.445
1120.915 894.402
1121.242 897.359
1121.569 905.315
1121.896 902.272
1122.223 900.229
1122.550 903.185
1122.877 905.142
1123.204 895.098
1123.531 901.054
1123.858 906.010
1124.185 899.966
1124.512 897.922
1124.839 893.878
1125.166 888.833
1125.493 891.789
1125.820 892.745
1126.147 886.700
1126.474 895.655
1126.801 884.610
1127.128 891.565
1127.455 893.520
1127.782 886.475
1128.109 878.430
1128.436 878.385
1128.763 885.339
1129.090 880.294
1129.417 882.248
1129.744 888.203
1130.071 875.157
1130.398 870.111
1130.725 868.065
1131.052 871.019
1131.379 870.973
1131.706 873.926
1132.033 879.880
1132.360 863.834
1132.687 862.787
1133.014 861.740
1133.341 855.693
1133.668 864.647
1133.995 855.600
1134.322 867.552
1134.649 851.505
1134.976 860.458
1135.303 839.411
1135.630 838.363
1135.957 854.316
1136.284 854.268
1136.611 845.220
1136.938 837.172
1137.265 823.124
1137.592 835.076
1137.919 824.028
1138.246 824.980
1138.573 818.931
1138.900 807.883
1139.227 814.834
1139.554 810.786
1139.881 807.737
1140.208 798.688
1140.535 800.639
1140.862 804.590
1141.189 786.541
1141.516 798.492
1141.843 789.443
1142.170 770.393
1142.497 779.344
1142.824 778.294
1143.151 768.244
1143.478 769.194
1143.805 771.145
1144.131 778.095
1144.458 786.044
1144.785 766.994
1145.112 775.944
1145.439 764.894
1145.766 767.843
1146.093 769.793
1146.420 770.742
1146.747 760.691
1147.074 750.640
1147.401 758.589
1147.728 749.538
1148.055 764.487
1148.382 757.436
1148.709 759.385
1149.036 762.333
1149.363 753.282
1149.690 754.230
1150.017 759.179
1150.344 763.127
1150.671 741.075
1150.998 751.023
1151.325 765.971
1151.652 745.919
1151.979 751.867
1152.306 740.814
1152.633 752.762
1152.960 733.710
1153.287 739.657
1153.614 741.604
1153.941 736.552
1154.268 748.499
1154.595 745.446
1154.922 742.393
1155.249 742.340
1155.576 742.287
1155.903 755.233
1156.230 751.180
1156.557 747.127
1156.884 750.073
1157.211 747.020
1157.538 743.966
1157.865 746.912
1158.192 741.858
1158.519 743.804
1158.846 750.750
1159.173 743.696
1159.500 738.642
1159.827 751.588
1160.154 738.534
1160.481 737.479
1160.808 738.425
1161.135 739.370
1161.462 736.315
1161.789 741.261
1162.116 744.206
1162.443 724.151
1162.770 720.096
1163.097 725.041
1163.424 725.986
1163.751 736.931
1164.078 730.876
1164.405 713.820
1164.732 726.765
1165.059 733.710
1165.386 729.654
1165.713 729.598
1166.040 725.543
1166.367 730.487
1166.694 722.431
1167.021 726.375
1167.348 729.319
1167.675 712.263
1168.002 722.207
1168.329 708.151
1168.656 717.095
1168.983 700.039
1169.310 707.983
1169.637 701.926
1169.964 704.870
1170.291 697.813
1170.618 690.757
1170.945 671.700
1171.272 668.643
1171.599 673.587
1171.926 661.530
1172.253 658.473
1172.580 649.416
1172.907 655.359
1173.234 640.302
1173.561 646.245
1173.888 631.188
1174.215 626.131
1174.542 624.073
1174.869 632.016
1175.196 625.959
1175.523 621.901
1175.850 628.844
1176.177 641.786
1176.504 631.729
1176.831 630.671
1177.158 621.614
1177.485 621.556
1177.812 626.498
1178.139 626.441
1178.465 623.383
1178.792 620.325
1179.119 607.267
1179.446 617.209
1179.773 602.151
1180.100 610.093
1180.427 599.035
1180.754 601.977
1181.081 599.919
1181.408 590.861
1181.735 590.803
1182.062 583.745
1182.389 585.686
1182.716 579.628
1183.043 579.570
1183.370 571.512
1183.697 580.453
1184.024 569.395
1184.351 573.337
1184.678 566.278
1185.005 569.220
1185.332 569.161
1185.659 577.103
1185.986 571.044
1186.313 569.986
1186.640 573.927
1186.967 565.869
1187.294 564.810
1187.621 571.752
1187.948 567.693
1188.275 553.635
1188.602 547.576
1188.929 549.518
1189.256 561.459
1189.583 552.400
1189.910 557.342
1190.237 546.283
1190.564 552.225
1190.891 540.166
1191.218 552.108
1191.545 539.049
1191.872 541.990
1192.199 532.932
1192.526 543.873
1192.853 540.815
1193.180 541.756
1193.507 536.698
1193.834 540.639
1194.161 527.581
1194.488 530.522
1194.815 530.464
1195.142 539.405
1195.469 533.347
1195.796 523.288
1196.123 525.230
1196.450 518.172
1196.777 516.113
1197.104 518.055
1197.431 519.997
1197.758 513.938
1198.085 501.880
1198.412 513.822
1198.739 507.764
1199.066 512.706
1199.393 513.647
1199.720 509.589
1200.047 496.531
1200.374 503.473
1200.701 498.416
1201.028 484.358
1201.355 502.300
1201.682 489.242
1202.009 489.184
1202.336 485.127
1202.663 488.069
1202.990 492.011
1203.317 475.954
1203.644 480.896
1203.971 477.839
1204.298 473.782
1204.625 473.724
1204.952 466.667
1205.279 469.610
1205.606 473.553
1205.933 461.496
1206.260 463.439
1206.587 448.382
1206.914 458.325
1207.241 456.269
1207.568 457.212
1207.895 456.155
1208.222 450.099
1208.549 444.042
1208.876 446.986
1209.203 434.930
1209.530 438.874
1209.857 432.818
1210.184 434.762
1210.511 440.706
1210.838 429.650
1211.165 426.594
1211.492 426.539
1211.819 427.483
1212.146 424.428
1212.473 415.373
1212.799 419.318
1213.126 419.263
1213.453 411.208
1213.780 411.153
1214.107 416.098
1214.434 399.044
1214.761 404.989
1215.088 395.935
1215.415 397.881
1215.742 410.826
1216.069 394.772
1216.396 390.719
1216.723 394.665
1217.050 395.611
1217.377 392.558
1217.704 378.505
1218.031 384.451
1218.358 378.398
1218.685 374.345
1219.012 359.293
1219.339 376.240
1219.666 373.188
1219.993 369.135
1220.320 367.083
1220.647 363.031
1220.974 358.979
1221.301 340.928
1221.628 348.876
1221.955 342.825
1222.282 347.774
1222.609 351.722
1222.936 355.672
1223.263 353.621
1223.590 342.570
1223.917 339.520
1224.244 342.470
1224.571 347.420
1224.898 338.370
1225.225 329.320
1225.552 329.271
1225.879 325.222
1226.206 316.173
1226.533 322.124
1226.860 327.075
1227.187 316.026
1227.514 316.978
1227.841 316.930
1228.168 314.882
1228.495 319.834
1228.822 319.787
1229.149 316.740
1229.476 310.692
1229.803 307.646
1230.130 306.599
1230.457 299.552
1230.784 297.506
1231.111 310.460
1231.438 304.414
1231.765 304.369
1232.092 302.323
1232.419 303.278
1232.746 298.233
