168.180 12.474
168.450 48.474
168.720 69.473
168.990 66.473
169.260 76.473
169.530 64.473
169.799 57.472
170.069 67.472
170.339 77.472
170.609 73.472
170.879 69.471
171.149 74.471
171.418 68.471
171.688 69.470
171.958 67.470
172.228 70.470
172.498 63.470
172.768 73.469
173.037 61.469
173.307 70.469
173.577 65.468
173.847 66.468
174.117 62.468
174.387 70.468
174.656 66.467
174.926 64.467
175.196 74.467
175.466 69.466
175.736 73.466
176.006 71.466
176.275 70.466
176.545 70.465
176.815 76.465
177.085 75.465
177.355 68.465
177.625 72.464
177.894 68.464
178.164 71.464
178.434 75.463
178.704 64.463
178.974 74.463
179.244 74.463
179.513 68.462
179.783 74.462
180.053 74.462
180.323 69.461
180.593 65.461
180.863 70.461
181.132 68.461
181.402 72.460
181.672 77.460
181.942 78.460
182.212 69.459
182.482 67.459
182.751 66.459
183.021 66.459
183.291 70.458
183.561 78.458
183.831 76.458
184.101 70.457
184.370 67.457
184.640 68.457
184.910 70.457
185.164 72.456
185.417 68.456
185.671 79.456
185.925 68.455
186.178 70.455
186.432 78.455
186.686 69.455
186.939 70.454
187.193 74.454
187.447 74.454
187.700 70.453
187.954 72.453
188.207 73.453
188.461 68.453
188.715 59.452
188.968 75.452
189.222 75.452
189.476 73.451
189.729 73.451
189.983 68.451
190.237 75.450
190.490 67.450
190.744 66.450
190.998 74.450
191.251 77.449
191.505 68.449
191.759 63.449
192.012 70.448
192.266 67.448
192.520 63.448
192.773 70.448
193.027 69.447
193.281 75.447
193.534 68.447
193.788 72.446
194.042 73.446
194.295 72.446
194.549 73.445
194.802 66.445
195.056 70.445
195.310 81.445
195.563 72.444
195.817 76.444
196.071 73.444
196.324 74.443
196.578 67.443
196.832 68.443
197.085 75.442
197.339 80.442
197.593 79.442
197.846 73.442
198.100 69.441
198.354 68.441
198.607 76.441
198.861 70.440
199.115 67.440
199.368 72.440
199.622 72.439
199.876 78.439
200.129 83.439
200.383 81.439
200.636 76.438
200.890 60.438
201.144 77.438
201.397 75.437
201.651 68.437
201.905 72.437
202.158 75.436
202.412 77.436
202.666 76.436
202.919 72.436
203.173 69.435
203.427 79.435
203.680 71.435
203.934 72.434
204.188 72.434
204.441 69.434
204.695 65.433
204.949 67.433
205.202 82.433
205.456 78.433
205.710 75.432
205.963 70.432
206.217 73.432
206.471 75.431
206.724 76.431
206.978 84.431
207.231 79.430
207.485 83.430
207.739 77.430
207.992 68.429
208.246 76.429
208.500 72.429
208.753 80.428
209.007 77.428
209.261 74.428
209.514 75.428
209.768 69.427
210.022 77.427
210.275 79.427
210.529 82.426
210.783 71.426
211.036 75.426
211.290 74.425
211.544 77.425
211.797 75.425
212.051 78.424
212.305 72.424
212.558 76.424
212.812 73.423
213.065 72.423
213.319 68.423
213.573 73.423
213.826 74.422
214.080 68.422
214.334 76.422
214.587 75.421
214.841 74.421
215.095 76.421
215.348 71.420
215.602 77.420
215.856 81.420
216.109 83.419
216.363 75.419
216.617 85.419
216.870 77.418
217.124 76.418
217.378 70.418
217.631 80.417
217.885 72.417
218.139 75.417
218.392 73.417
218.646 78.416
218.900 78.416
219.153 71.416
219.407 82.415
219.660 77.415
219.914 76.415
220.168 71.414
220.421 71.414
220.675 74.414
220.929 79.413
221.182 78.413
221.436 76.413
221.690 83.412
221.943 73.412
222.197 68.412
222.451 80.411
222.704 77.411
222.958 78.411
223.212 72.410
223.465 79.410
223.719 73.410
223.973 77.409
224.226 78.409
224.480 88.409
224.734 83.408
224.987 82.408
225.241 75.408
225.494 75.407
225.748 88.407
226.002 83.407
226.255 78.406
226.509 78.406
226.763 81.406
227.016 83.405
227.270 74.405
227.524 74.405
227.777 72.405
228.031 85.404
228.285 74.404
228.538 80.404
228.792 84.403
229.046 83.403
229.299 73.403
229.553 79.402
229.807 76.402
230.060 83.402
230.314 74.401
230.568 83.401
230.821 83.401
231.075 85.400
231.329 86.400
231.582 85.400
231.836 86.399
232.089 74.399
232.343 82.399
232.597 73.398
232.850 76.398
233.104 79.398
233.358 84.397
233.611 72.397
233.865 84.397
234.119 84.396
234.372 89.396
234.626 79.396
234.880 82.395
235.133 81.395
235.387 76.394
235.641 86.394
235.894 76.394
236.148 82.393
236.402 81.393
236.655 86.393
236.909 87.392
237.163 84.392
237.416 86.392
237.670 81.391
237.924 82.391
238.177 80.391
238.431 93.390
238.684 78.390
238.938 81.390
239.192 83.389
239.445 83.389
239.699 81.389
239.953 79.388
240.206 78.388
240.460 85.388
240.714 74.387
240.967 75.387
241.221 80.387
241.475 78.386
241.728 90.386
241.982 80.386
242.236 78.385
242.489 78.385
242.743 83.385
242.997 79.384
243.250 91.384
243.504 84.384
243.758 80.383
244.011 88.383
244.265 87.382
244.518 84.382
244.772 81.382
245.026 86.381
245.279 84.381
245.533 85.381
245.787 73.380
246.040 87.380
246.294 88.380
246.548 78.379
246.801 87.379
247.055 74.379
247.309 83.378
247.562 87.378
247.816 91.378
248.070 81.377
248.323 81.377
248.577 78.377
248.831 76.376
249.084 88.376
249.338 92.375
249.592 89.375
249.845 87.375
250.099 82.374
250.353 87.374
250.606 89.374
250.860 89.373
251.113 89.373
251.367 81.373
251.621 88.372
251.874 89.372
252.128 82.372
252.382 82.371
252.635 97.371
252.889 85.370
253.143 84.370
253.396 76.370
253.650 81.369
253.911 85.369
254.172 75.369
254.433 82.368
254.694 89.368
254.955 81.368
255.216 85.367
255.477 92.367
255.738 93.367
255.999 89.366
256.261 96.366
256.522 94.365
256.783 92.365
257.044 90.365
257.305 97.364
257.566 90.364
257.827 86.364
258.088 88.363
258.349 91.363
258.610 93.363
258.871 86.362
259.132 88.362
259.393 92.361
259.654 81.361
259.915 92.361
260.176 97.360
260.437 80.360
260.698 89.360
260.959 87.359
261.221 91.359
261.482 83.358
261.743 85.358
262.004 90.358
262.265 86.357
262.526 86.357
262.787 88.357
263.048 89.356
263.309 87.356
263.570 83.356
263.831 90.355
264.092 91.355
264.353 87.354
264.614 89.354
264.875 85.354
265.136 100.353
265.397 91.353
265.658 92.353
265.919 92.352
266.181 94.352
266.442 90.351
266.703 96.351
266.964 94.351
267.225 96.350
267.486 96.350
267.747 95.350
268.008 89.349
268.269 87.349
268.530 89.348
268.791 100.348
269.052 89.348
269.313 92.347
269.574 93.347
269.835 94.347
270.096 95.346
270.357 90.346
270.618 88.345
270.879 89.345
271.141 90.345
271.402 90.344
271.663 98.344
271.924 97.344
272.185 85.343
272.446 94.343
272.707 87.342
272.968 94.342
273.229 90.342
273.490 97.341
273.751 91.341
274.012 90.340
274.273 92.340
274.534 93.340
274.795 95.339
275.056 96.339
275.317 87.339
275.578 92.338
275.839 99.338
276.101 91.337
276.362 87.337
276.623 97.337
276.884 91.336
277.145 93.336
277.406 93.335
277.667 94.335
277.928 87.335
278.189 94.334
278.450 95.334
278.711 91.333
278.972 101.333
279.233 96.333
279.494 98.332
279.755 94.332
280.016 98.332
280.277 98.331
280.538 87.331
280.799 94.330
281.061 97.330
281.322 101.330
281.583 99.329
281.844 106.329
282.105 95.328
282.366 96.328
282.627 95.328
282.888 103.327
283.149 98.327
283.410 104.326
283.671 90.326
283.932 102.326
284.193 108.325
284.454 94.325
284.715 95.324
284.976 100.324
285.237 89.324
285.498 103.323
285.759 100.323
286.021 101.322
286.282 109.322
286.543 103.322
286.804 101.321
287.065 95.321
287.326 95.320
287.587 94.320
287.848 110.320
288.109 95.319
288.370 103.319
288.631 103.318
288.892 90.318
289.153 99.318
289.414 108.317
289.675 104.317
289.936 107.316
290.197 101.316
290.458 98.316
290.719 97.315
290.981 96.315
291.242 99.314
291.503 106.314
291.764 99.314
292.025 98.313
292.286 109.313
292.547 98.312
292.808 95.312
293.069 86.311
293.330 96.311
293.591 103.311
293.852 97.310
294.113 99.310
294.374 100.309
294.635 100.309
294.896 100.309
295.157 101.308
295.418 102.308
295.679 107.307
295.941 109.307
296.202 102.307
296.463 105.306
296.724 99.306
296.985 96.305
297.246 98.305
297.507 99.304
297.768 105.304
298.029 99.304
298.290 102.303
298.551 108.303
298.812 113.302
299.073 106.302
299.334 97.302
299.595 106.301
299.856 94.301
300.117 103.300
300.378 103.300
300.639 103.299
300.901 106.299
301.162 107.299
301.423 105.298
301.684 98.298
301.945 103.297
302.206 112.297
302.467 109.297
302.728 104.296
302.989 110.296
303.250 112.295
303.511 102.295
303.772 100.294
304.033 112.294
304.294 111.294
304.555 105.293
304.816 106.293
305.077 102.292
305.338 106.292
305.599 100.291
305.861 104.291
306.122 103.291
306.383 108.290
306.644 101.290
306.905 108.289
307.166 107.289
307.427 109.288
307.688 108.288
307.949 109.288
308.210 106.287
308.471 102.287
308.732 107.286
308.993 105.286
309.254 105.285
309.515 116.285
309.776 116.285
310.037 114.284
310.298 111.284
310.559 113.283
310.821 111.283
311.082 112.282
311.343 105.282
311.604 110.281
311.865 102.281
312.126 102.281
312.387 100.280
312.648 99.280
312.909 106.279
313.170 111.279
313.437 109.278
313.704 115.278
313.971 107.278
314.238 109.277
314.504 106.277
314.771 112.276
315.038 112.276
315.305 105.275
315.572 108.275
315.839 109.274
316.106 102.274
316.373 107.274
316.640 110.273
316.906 116.273
317.173 109.272
317.440 103.272
317.707 104.271
317.974 109.271
318.241 114.270
318.508 113.270
318.775 105.270
319.042 113.269
319.308 110.269
319.575 109.268
319.842 110.268
320.109 121.267
320.376 111.267
320.643 112.266
320.910 114.266
321.177 116.266
321.444 106.265
321.710 108.265
321.977 109.264
322.244 111.264
322.511 115.263
322.778 112.263
323.045 107.262
323.312 117.262
323.579 119.261
323.846 112.261
324.112 110.261
324.379 117.260
324.646 122.260
324.913 111.259
325.180 117.259
325.447 120.258
325.714 114.258
325.981 115.257
326.248 118.257
326.514 116.256
326.781 111.256
327.048 110.256
327.315 113.255
327.582 116.255
327.849 117.254
328.116 120.254
328.383 113.253
328.649 122.253
328.916 118.252
329.183 113.252
329.450 120.251
329.717 117.251
329.984 113.250
330.251 114.250
330.518 113.249
330.785 119.249
331.051 121.249
331.318 114.248
331.585 119.248
331.852 124.247
332.119 135.247
332.386 131.246
332.653 132.246
332.920 125.245
333.187 128.245
333.453 138.244
333.720 134.244
333.987 128.243
334.254 133.243
334.521 129.242
334.788 127.242
335.055 139.242
335.322 147.241
335.589 138.241
335.855 146.240
336.122 148.240
336.389 147.239
336.656 161.239
336.923 146.238
337.190 149.238
337.457 156.237
337.724 159.237
337.991 165.236
338.257 170.236
338.524 181.235
338.791 181.235
339.058 185.234
339.325 187.234
339.592 190.233
339.859 197.233
340.126 200.232
340.393 203.232
340.659 221.231
340.926 230.231
341.193 226.231
341.460 235.230
341.727 246.230
341.994 244.229
342.261 253.229
342.528 262.228
342.795 271.228
343.061 275.227
343.328 288.227
343.595 299.226
343.862 305.226
344.129 320.225
344.396 328.225
344.663 333.224
344.930 337.224
345.197 351.223
345.463 358.223
345.730 377.222
345.997 375.222
346.264 399.221
346.531 397.221
346.798 420.220
347.065 428.220
347.332 432.219
347.599 458.219
347.865 468.218
348.132 485.218
348.399 493.217
348.666 507.217
348.933 519.216
349.200 530.216
349.467 539.215
349.734 555.215
350.001 573.214
350.267 582.214
350.534 588.213
350.801 617.213
351.068 616.212
351.335 635.212
351.602 648.211
351.869 660.211
352.136 677.210
352.402 688.210
352.669 697.209
352.936 721.209
353.203 725.208
353.470 745.208
353.737 758.207
354.004 775.207
354.271 799.206
354.538 809.206
354.804 828.205
355.071 841.205
355.338 851.204
355.605 858.204
355.872 888.203
356.139 899.203
356.406 920.202
356.673 937.202
356.940 948.201
357.206 976.900
357.473 997.155
357.740 1011.359
358.007 1041.061
358.274 1059.265
358.541 1072.429
358.808 1090.372
359.075 1129.036
359.342 1129.660
359.608 1157.504
359.875 1171.279
360.142 1193.184
360.409 1215.221
360.676 1252.527
360.943 1268.518
361.210 1291.952
361.477 1316.537
361.744 1345.389
362.010 1348.432
362.277 1371.687
362.544 1409.434
362.811 1407.722
363.078 1417.299
363.345 1460.684
363.612 1490.646
363.879 1510.317
364.146 1517.696
364.412 1548.551
364.679 1575.925
364.946 1590.913
365.213 1611.431
365.480 1631.036
365.748 1642.361
366.017 1671.224
366.285 1694.949
366.553 1709.349
366.822 1729.663
367.090 1732.731
367.358 1761.115
367.627 1794.252
367.895 1802.844
368.164 1817.378
368.432 1837.201
368.700 1871.595
368.969 1888.715
369.237 1906.656
369.505 1920.108
369.774 1920.461
370.042 1955.652
370.310 1971.178
370.579 1991.276
370.847 2011.419
371.115 2022.667
371.384 2033.713
371.652 2049.190
371.921 2064.707
372.189 2084.260
372.457 2105.219
372.726 2125.330
372.994 2128.791
373.262 2137.007
373.531 2154.201
373.799 2177.498
374.067 2159.876
374.336 2183.297
374.604 2211.172
374.872 2235.606
375.141 2238.693
375.409 2242.505
375.678 2252.902
375.946 2273.004
376.214 2274.771
376.483 2304.618
376.751 2317.670
377.019 2301.573
377.288 2334.942
377.556 2366.158
377.824 2378.666
378.093 2368.085
378.361 2399.528
378.629 2425.679
378.898 2436.532
379.166 2465.907
379.435 2466.478
379.703 2487.867
379.971 2514.574
380.240 2518.367
380.508 2540.763
380.776 2558.925
381.045 2581.633
381.313 2612.343
381.581 2617.840
381.850 2645.772
382.118 2660.377
382.386 2692.139
382.655 2681.736
382.923 2745.595
383.192 2755.786
383.460 2777.579
383.728 2779.004
383.997 2817.362
384.265 2855.761
384.533 2886.767
384.802 2913.857
385.070 2948.320
385.338 3001.245
385.607 3013.142
385.875 3021.729
386.143 3058.723
386.412 3101.131
386.680 3129.361
386.948 3140.693
387.217 3180.087
387.485 3224.309
387.754 3255.586
388.022 3279.803
388.290 3293.309
388.559 3347.975
388.827 3390.553
389.095 3412.362
389.364 3451.021
389.632 3499.603
389.900 3536.016
390.169 3557.149
390.437 3595.357
390.705 3606.204
390.974 3668.982
391.242 3706.216
391.511 3746.088
391.779 3783.312
392.047 3823.225
392.316 3844.057
392.584 3919.879
392.852 3939.923
393.121 3982.951
393.389 4032.429
393.657 4082.665
393.926 4101.848
394.194 4149.867
394.462 4179.237
394.731 4229.588
394.999 4266.089
395.268 4322.471
395.536 4376.726
395.804 4401.612
396.073 4440.340
396.341 4483.249
396.609 4526.442
396.878 4574.414
397.146 4627.493
397.414 4656.276
397.683 4716.510
397.951 4773.470
398.219 4822.787
398.488 4871.055
398.756 4894.472
399.025 4975.961
399.293 5010.579
399.561 5061.705
399.830 5112.043
400.098 5180.600
400.366 5208.058
400.635 5262.668
400.903 5304.191
401.171 5336.924
401.440 5404.926
401.708 5452.569
401.976 5520.532
402.245 5550.216
402.513 5616.866
402.782 5651.055
403.050 5694.265
403.318 5744.368
403.587 5831.523
403.855 5869.492
404.123 5918.518
404.392 5955.175
404.660 6016.825
404.934 6081.696
405.207 6119.352
405.481 6181.447
405.754 6242.243
406.028 6312.079
406.301 6348.111
406.575 6410.817
406.848 6427.327
407.122 6493.812
407.395 6568.976
407.669 6590.866
407.942 6647.528
408.216 6731.678
408.489 6754.815
408.763 6824.677
409.036 6892.841
409.310 6924.624
409.583 6984.372
409.857 7026.355
410.130 7086.319
410.404 7139.360
410.677 7166.237
410.951 7253.761
411.224 7296.542
411.498 7349.049
411.771 7394.662
412.045 7423.166
412.318 7507.365
412.592 7528.585
412.865 7560.128
413.139 7620.953
413.412 7717.769
413.686 7747.246
413.959 7794.929
414.233 7852.812
414.506 7894.441
414.780 7942.704
415.053 8052.388
415.327 8076.688
415.600 8163.511
415.874 8187.260
416.147 8223.427
416.421 8301.599
416.694 8346.580
416.968 8408.383
417.241 8490.965
417.515 8525.275
417.788 8576.105
418.062 8625.826
418.335 8665.398
418.609 8706.189
418.882 8791.653
419.156 8791.694
419.429 8865.472
419.703 8935.132
419.976 9015.037
420.250 9051.807
420.524 9124.692
420.797 9173.199
421.071 9220.740
421.344 9231.214
421.618 9291.729
421.891 9346.940
422.165 9437.872
422.438 9467.323
422.712 9518.947
422.985 9536.234
423.259 9594.305
423.532 9655.128
423.806 9680.296
424.079 9788.480
424.353 9857.057
424.626 9876.427
424.900 9886.509
425.173 9976.102
425.447 10009.054
425.720 10029.053
425.994 10095.148
426.267 10159.691
426.541 10197.644
426.814 10214.265
427.088 10263.102
427.361 10350.503
427.635 10373.288
427.908 10428.476
428.182 10431.203
428.455 10506.606
428.729 10522.179
429.002 10583.127
429.276 10614.964
429.549 10674.439
429.823 10688.172
430.096 10702.555
430.370 10744.252
430.643 10795.405
430.917 10829.850
431.190 10877.056
431.464 10923.427
431.737 10947.725
432.011 11015.159
432.284 11073.552
432.558 11084.459
432.831 11113.718
433.105 11126.288
433.378 11185.964
433.652 11208.660
433.925 11227.488
434.199 11305.644
434.472 11337.694
434.746 11411.031
435.019 11475.506
435.293 11482.582
435.566 11512.977
435.840 11545.212
436.119 11608.766
436.398 11644.515
436.677 11647.551
436.956 11710.917
437.235 11701.606
437.514 11706.717
437.793 11740.181
438.073 11785.667
438.352 11813.565
438.631 11862.766
438.910 11903.057
439.189 11906.270
439.468 11957.986
439.747 11995.140
440.026 12036.115
440.305 12081.968
440.584 12092.339
440.863 12160.521
441.142 12204.295
441.421 12260.715
441.700 12284.756
441.979 12322.343
442.258 12364.707
442.538 12408.175
442.817 12448.119
443.096 12464.608
443.375 12499.040
443.654 12538.321
443.933 12573.794
444.212 12677.709
444.491 12667.968
444.770 12745.868
445.049 12805.074
445.328 12861.333
445.607 12877.934
445.886 12924.587
446.165 12945.262
446.444 13002.940
446.723 13036.311
447.003 13052.994
447.282 13092.338
447.561 13145.525
447.840 13229.021
448.119 13254.938
448.398 13297.722
448.677 13360.473
448.956 13349.202
449.235 13393.030
449.514 13493.514
449.793 13518.955
450.072 13594.587
450.351 13661.978
450.630 13629.250
450.909 13720.874
451.188 13774.964
451.468 13822.391
451.747 13851.503
452.026 13890.786
452.305 13921.039
452.584 13979.722
452.863 14068.075
453.142 14061.851
453.421 14119.007
453.700 14217.108
453.979 14237.495
454.258 14312.226
454.537 14352.741
454.816 14450.799
455.095 14460.020
455.374 14507.150
455.653 14613.544
455.933 14614.966
456.212 14687.540
456.491 14756.399
456.770 14805.730
457.049 14907.381
457.328 14939.336
457.607 15039.107
457.886 15066.844
458.165 15091.440
458.444 15208.003
458.723 15269.516
459.002 15322.682
459.281 15399.352
459.560 15485.064
459.839 15535.900
460.119 15635.489
460.398 15679.965
460.677 15751.759
460.956 15864.717
461.235 15896.690
461.514 16007.119
461.793 16084.741
462.072 16208.762
462.351 16256.082
462.630 16341.099
462.909 16413.400
463.188 16501.994
463.467 16641.504
463.746 16693.357
464.025 16782.916
464.304 16892.449
464.584 16975.687
464.863 17068.640
465.142 17183.790
465.421 17247.176
465.700 17396.920
465.979 17473.263
466.258 17566.348
466.537 17732.073
466.816 17747.189
467.095 17884.485
467.374 17971.862
467.653 18060.066
467.932 18176.121
468.211 18312.944
468.490 18376.320
468.769 18494.943
469.049 18608.550
469.328 18752.941
469.607 18863.940
469.886 18988.939
470.165 19072.939
470.444 19166.104
470.723 19303.544
471.002 19438.251
471.281 19525.461
471.560 19625.560
471.839 19743.421
472.118 19890.605
472.397 19969.842
472.676 20117.401
472.955 20237.355
473.234 20351.036
473.514 20438.561
473.793 20588.638
474.072 20648.467
474.351 20789.028
474.630 20899.925
474.909 21072.725
475.188 21142.492
475.467 21254.983
475.746 21303.873
476.025 21475.580
476.304 21627.969
476.583 21713.334
476.862 21810.509
477.141 21959.143
477.420 22096.031
477.699 22161.140
477.979 22269.578
478.258 22420.589
478.537 22560.938
478.816 22618.373
479.095 22742.211
479.374 22844.720
479.653 22974.162
479.932 23064.723
480.211 23177.227
480.490 23304.344
480.769 23391.434
481.048 23483.875
481.327 23593.492
481.606 23704.872
481.885 23838.244
482.165 23915.963
482.444 24043.468
482.723 24182.661
483.002 24268.849
483.281 24395.318
483.560 24444.803
483.839 24576.378
484.118 24713.734
484.397 24772.243
484.676 24881.266
484.955 25019.663
485.234 25106.141
485.513 25245.723
485.792 25358.223
486.071 25394.489
486.350 25563.429
486.630 25593.442
486.909 25702.589
487.188 25800.508
487.467 25949.988
487.746 25934.599
488.025 26112.953
488.304 26182.265
488.583 26266.202
488.862 26350.449
489.141 26498.844
489.420 26597.604
489.699 26634.176
489.978 26730.805
490.257 26840.083
490.536 26922.715
490.815 27025.622
491.095 27110.871
491.374 27228.034
491.653 27282.660
491.932 27397.202
492.211 27524.999
492.490 27619.502
492.769 27692.413
493.048 27793.747
493.327 27874.614
493.606 28023.313
493.885 28057.853
494.164 28206.377
494.443 28278.038
494.722 28333.875
495.001 28450.725
495.280 28576.942
495.560 28652.036
495.839 28782.470
496.118 28806.117
496.397 28876.752
496.676 29006.916
496.955 29080.423
497.234 29181.127
497.513 29289.887
497.792 29385.168
498.071 29461.626
498.350 29558.205
498.629 29658.807
498.908 29731.241
499.187 29778.746
499.466 29875.228
499.745 29959.649
500.025 30103.471
500.304 30130.502
500.583 30197.639
500.862 30370.441
501.141 30426.834
501.420 30480.730
501.699 30549.593
501.978 30663.149
502.257 30725.925
502.536 30827.462
502.815 30954.477
503.094 31005.899
503.373 31064.484
503.652 31101.857
503.931 31213.183
504.211 31329.115
504.490 31402.063
504.769 31440.116
505.048 31556.627
505.327 31579.953
505.606 31670.896
505.885 31786.414
506.164 31797.592
506.443 31882.838
506.722 31961.129
507.001 32040.599
507.280 32085.450
507.559 32188.791
507.838 32259.801
508.117 32333.495
508.396 32385.065
508.676 32462.382
508.955 32480.350
509.234 32585.031
509.513 32628.533
509.792 32658.276
510.071 32751.608
510.350 32850.941
510.629 32898.168
510.908 32958.785
511.187 33012.117
511.466 33078.702
511.745 33170.064
512.024 33225.679
512.303 33268.997
512.582 33278.946
512.861 33354.610
513.141 33409.405
513.420 33475.313
513.699 33437.239
513.978 33535.915
514.257 33672.232
514.536 33603.249
514.815 33699.901
515.094 33714.662
515.373 33769.728
515.652 33820.543
515.931 33858.952
516.210 33982.711
516.489 33880.677
516.768 34004.791
517.047 34041.753
517.326 34018.700
517.606 34175.738
517.885 34199.198
518.164 34237.652
518.443 34307.408
518.722 34360.463
519.001 34386.379
519.280 34458.452
519.559 34516.014
519.838 34481.162
520.117 34577.653
520.396 34599.984
520.675 34691.194
520.954 34705.440
521.233 34773.133
521.512 34809.309
521.791 34878.426
522.071 34913.544
522.350 34985.249
522.629 34997.849
522.908 35011.354
523.187 35079.897
523.466 35166.448
523.745 35208.635
524.024 35222.642
524.303 35264.654
524.582 35283.303
524.861 35386.163
525.140 35454.758
525.419 35479.700
525.698 35488.325
525.977 35525.990
526.257 35571.203
526.536 35628.345
526.815 35686.737
527.094 35662.319
527.373 35707.551
527.652 35801.290
527.931 35819.504
528.210 35886.865
528.489 35911.616
528.768 35953.321
529.047 36045.264
529.326 36112.561
529.605 36103.931
529.884 36079.234
530.163 36209.043
530.442 36224.193
530.722 36288.313
531.001 36329.305
531.280 36350.752
531.559 36337.187
531.838 36376.884
532.117 36448.195
532.396 36480.361
532.675 36512.042
532.954 36570.236
533.233 36680.623
533.512 36661.057
533.791 36675.247
534.070 36746.202
534.349 36806.383
534.628 36804.671
534.907 36885.054
535.187 36863.252
535.466 36910.560
535.745 36952.305
536.024 36970.330
536.303 37046.274
536.582 37064.378
536.861 37142.459
537.140 37120.575
537.419 37218.784
537.698 37265.002
537.977 37238.056
538.256 37296.488
538.535 37284.083
538.814 37278.622
539.093 37326.377
539.372 37294.183
539.652 37402.026
539.931 37360.837
540.210 37458.457
540.489 37503.562
540.768 37497.803
541.047 37553.996
541.326 37593.950
541.605 37599.143
541.884 37639.141
542.163 37646.152
542.442 37639.139
542.721 37718.404
543.000 37700.098
543.279 37707.804
543.558 37729.961
543.837 37728.736
544.117 37789.284
544.396 37824.828
544.675 37787.351
544.954 37815.164
545.233 37900.091
545.512 37848.832
545.791 37873.009
546.070 37843.028
546.351 37839.158
546.632 37838.190
546.912 37846.893
547.193 37889.338
547.474 37872.880
547.755 37906.671
548.036 37860.563
548.317 37907.727
548.597 37936.768
548.878 37839.149
549.159 37874.931
549.440 37883.521
549.721 37919.416
550.001 37912.646
550.282 37912.644
550.563 37844.129
550.844 37904.997
551.125 37926.181
551.406 37913.774
551.686 37969.728
551.967 37934.106
552.248 37880.218
552.529 37911.924
552.810 37940.853
553.090 37867.819
553.371 37901.409
553.652 37928.452
553.933 37900.539
554.214 37889.202
554.495 37888.240
554.775 37894.963
555.056 37901.687
555.337 37921.858
555.618 37908.409
555.899 37918.974
556.179 37891.116
556.460 37930.433
556.741 37932.290
557.022 37886.309
557.303 37866.007
557.584 37890.796
557.864 37911.904
558.145 37860.794
558.426 37926.153
558.707 37959.962
558.988 37974.433
559.268 37896.837
559.549 37908.208
559.830 37874.283
560.111 37853.446
560.392 37825.645
560.673 37924.001
560.953 37922.866
561.234 38050.031
561.515 38014.471
561.796 37953.144
562.077 37847.156
562.357 37833.790
562.638 37863.036
562.919 37859.764
563.200 37954.487
563.481 37955.399
563.762 37948.363
564.042 37867.959
564.323 37830.942
564.604 37785.545
564.885 37775.268
565.166 37809.088
565.446 37832.103
565.727 37856.174
566.008 37845.219
566.289 37810.909
566.570 37710.583
566.851 37771.552
567.131 37744.821
567.412 37714.895
567.693 37714.462
567.974 37657.893
568.255 37671.617
568.535 37637.514
568.816 37618.838
569.097 37653.212
569.378 37616.831
569.659 37580.337
569.940 37553.255
570.220 37551.248
570.501 37599.591
570.782 37460.975
571.063 37438.467
571.344 37432.888
571.624 37386.361
571.905 37361.672
572.186 37374.710
572.467 37281.711
572.748 37335.260
573.029 37319.499
573.309 37344.649
573.590 37378.227
573.871 37289.314
574.152 37261.144
574.433 37239.010
574.713 37237.475
574.994 37179.652
575.275 37160.859
575.556 37080.052
575.837 37108.438
576.118 37080.210
576.398 37005.618
576.679 37043.962
576.960 37010.672
577.252 37003.600
577.543 36935.922
577.835 36900.567
578.127 36860.162
578.418 36836.928
578.710 36756.884
579.002 36699.552
579.293 36649.046
579.585 36707.459
579.877 36670.612
580.168 36659.443
580.460 36597.104
580.752 36578.382
581.043 36504.631
581.335 36487.815
581.627 36418.497
581.918 36460.679
582.210 36320.596
582.502 36283.785
582.793 36246.708
583.085 36256.200
583.376 36119.649
583.668 36225.296
583.960 36128.520
584.251 36115.221
584.543 36006.756
584.835 35944.707
585.126 35922.829
585.418 35866.731
585.710 35803.248
586.001 35765.864
586.293 35687.331
586.585 35673.122
586.876 35611.193
587.168 35540.210
587.460 35497.927
587.751 35445.570
588.043 35409.777
588.335 35342.979
588.626 35312.516
588.918 35249.752
589.210 35151.066
589.501 35124.880
589.793 35073.323
590.085 35079.819
590.376 34951.911
590.668 34918.968
590.960 34864.798
591.251 34858.284
591.543 34735.140
591.835 34781.384
592.126 34670.394
592.418 34619.934
592.710 34593.914
593.001 34552.880
593.293 34441.170
593.585 34393.041
593.876 34328.868
594.168 34278.898
594.460 34189.163
594.751 34140.930
595.043 34070.265
595.334 33983.353
595.626 33922.109
595.918 33875.921
596.209 33849.818
596.501 33758.581
596.793 33724.654
597.084 33583.309
597.376 33562.407
597.668 33499.973
597.959 33455.251
598.251 33326.665
598.543 33245.932
598.834 33156.419
599.126 33163.044
599.418 33082.311
599.709 33037.139
600.001 32919.767
600.293 32815.154
600.584 32834.549
600.876 32775.280
601.168 32683.684
601.459 32560.837
601.751 32526.921
602.043 32424.438
602.334 32378.051
602.626 32252.370
602.918 32230.011
603.209 32187.984
603.501 32168.586
603.793 32080.309
604.084 31959.575
604.376 31852.090
604.668 31827.357
604.959 31729.506
605.251 31649.237
605.543 31574.664
605.834 31552.563
606.126 31488.640
606.418 31398.962
606.709 31318.402
607.001 31248.316
607.292 31183.061
607.584 31122.909
607.876 31030.534
608.167 30922.214
608.459 30867.408
608.751 30764.906
609.042 30710.301
609.334 30683.533
609.626 30613.282
609.917 30509.517
610.209 30431.607
610.501 30438.009
610.792 30359.715
611.084 30308.212
611.376 30242.731
611.667 30122.384
611.959 30052.283
612.251 29966.673
612.542 29904.736
612.834 29775.055
613.126 29659.083
613.417 29672.633
613.709 29611.409
614.001 29531.951
614.292 29437.650
614.584 29375.789
614.876 29315.330
615.167 29247.601
615.459 29181.753
615.751 29089.101
616.042 29068.800
616.334 29001.388
616.626 28922.462
616.917 28887.831
617.209 28777.164
617.501 28758.041
617.792 28716.069
618.084 28664.741
618.376 28624.510
618.667 28566.902
618.959 28471.583
619.250 28473.584
619.542 28384.601
619.834 28302.299
620.125 28213.741
620.417 28184.284
620.709 28174.602
621.000 28135.878
621.292 28036.132
621.584 27995.516
621.875 27903.727
622.167 27838.991
622.459 27793.579
622.750 27715.592
623.042 27692.127
623.334 27617.730
623.625 27555.463
623.917 27476.664
624.209 27401.688
624.500 27326.252
624.792 27292.968
625.084 27289.090
625.375 27176.857
625.667 27147.901
625.959 27043.045
626.250 27017.818
626.542 26980.869
626.834 26901.005
627.125 26779.835
627.417 26811.053
627.709 26710.975
628.000 26662.098
628.292 26636.948
628.584 26570.905
628.875 26499.825
629.167 26441.375
629.459 26369.408
629.750 26296.572
630.042 26270.261
630.334 26150.063
630.625 26165.328
630.917 26148.822
631.208 26027.039
631.500 25921.096
631.792 25922.769
632.083 25852.191
632.375 25824.007
632.667 25734.831
632.958 25673.300
633.250 25658.957
633.542 25582.043
633.833 25539.995
634.125 25475.144
634.417 25404.121
634.708 25343.381
635.000 25323.524
635.292 25229.815
635.583 25156.001
635.875 25184.498
636.167 25140.689
636.458 25104.429
636.750 25074.954
637.042 24910.832
637.333 24903.891
637.625 24876.150
637.917 24842.744
638.208 24799.275
638.500 24755.470
638.792 24703.822
639.083 24642.346
639.375 24606.142
639.667 24559.281
639.958 24536.697
640.250 24464.468
640.542 24440.943
640.833 24395.640
641.125 24357.454
641.417 24324.694
641.708 24310.485
642.000 24290.132
642.292 24231.654
642.583 24222.349
642.875 24213.114
643.166 24150.924
643.458 24101.432
643.750 24107.630
644.041 24088.021
644.333 24059.204
644.625 24060.990
644.916 24014.001
645.208 24015.824
645.500 24001.129
645.791 23993.788
646.083 23958.083
646.375 23930.609
646.666 23924.197
646.958 23903.134
647.250 23923.279
647.541 23877.377
647.833 23843.605
648.125 23829.555
648.416 23809.370
648.708 23802.584
649.000 23752.031
649.291 23750.882
649.583 23758.938
649.875 23702.219
650.166 23726.873
650.458 23744.867
650.750 23742.778
651.041 23686.931
651.333 23641.517
651.625 23576.782
651.916 23605.761
652.208 23629.256
652.500 23597.567
652.791 23567.869
653.083 23484.315
653.375 23495.499
653.666 23452.931
653.958 23464.087
654.250 23468.273
654.541 23447.115
654.833 23439.075
655.124 23379.732
655.416 23391.344
655.708 23403.934
655.999 23348.272
656.291 23352.377
656.583 23337.585
656.874 23334.435
657.166 23280.456
657.458 23296.167
657.749 23297.114
658.041 23244.213
658.333 23291.299
658.624 23230.622
658.916 23223.001
659.208 23236.558
659.499 23219.607
659.791 23177.620
660.083 23170.147
660.374 23138.759
660.666 23179.082
660.958 23143.811
661.249 23112.093
661.541 23104.636
661.833 23081.624
662.124 23097.148
662.416 23092.432
662.708 23097.332
662.999 23070.381
663.291 23062.740
663.583 23054.172
663.874 23040.657
664.166 23037.796
664.458 22974.968
664.749 23015.585
665.041 22980.730
665.333 22963.322
665.624 22990.407
665.916 22958.398
666.208 22927.287
666.499 22933.046
666.791 22921.229
667.082 22882.508
667.374 22898.830
667.666 22869.617
667.957 22843.020
668.249 22848.871
668.541 22891.479
668.832 22834.887
669.124 22830.810
669.416 22828.515
669.707 22792.035
669.999 22779.276
670.291 22780.039
670.582 22772.715
670.874 22748.844
671.166 22732.093
671.457 22719.716
671.749 22737.483
672.041 22699.673
672.332 22697.695
672.624 22657.490
672.916 22649.567
673.207 22655.815
673.499 22642.561
673.791 22623.318
674.082 22633.256
674.374 22585.711
674.666 22587.701
674.957 22568.912
675.249 22492.064
675.541 22510.026
675.832 22492.551
676.124 22511.554
676.416 22514.068
676.707 22467.974
676.999 22462.962
677.291 22444.814
677.582 22439.792
677.874 22421.136
678.166 22437.654
678.457 22419.382
678.749 22385.105
679.040 22363.292
679.332 22333.354
679.624 22327.623
679.915 22338.074
680.207 22314.098
680.499 22288.767
680.790 22254.833
681.082 22240.618
681.374 22208.340
681.665 22172.945
681.957 22147.511
682.249 22149.696
682.540 22115.188
682.832 22065.170
683.124 22091.925
683.415 22102.138
683.707 22055.262
683.999 22057.307
684.290 22004.085
684.582 22026.624
684.874 21970.239
685.165 21902.644
685.457 21935.297
685.749 21912.707
686.040 21892.061
686.332 21845.968
686.624 21845.649
686.915 21753.308
687.207 21807.381
687.499 21752.021
687.790 21780.147
688.082 21753.313
688.374 21686.232
688.665 21667.654
688.957 21641.852
689.249 21596.442
689.540 21562.384
689.832 21562.382
690.124 21548.498
690.415 21526.802
690.707 21493.218
690.998 21454.483
691.290 21417.723
691.582 21415.652
691.873 21364.978
692.165 21329.816
692.457 21316.697
692.748 21284.310
693.040 21241.373
693.332 21192.467
693.623 21213.390
693.915 21172.973
694.207 21123.358
694.498 21078.587
694.790 21044.469
695.082 21054.887
695.373 20977.083
695.665 20977.081
695.957 20877.621
696.248 20867.256
696.540 20830.809
696.836 20812.329
697.133 20785.161
697.429 20725.278
697.725 20706.319
698.021 20679.678
698.318 20655.485
698.614 20600.708
698.910 20563.609
699.207 20519.545
699.503 20494.698
699.799 20450.751
700.095 20369.053
700.392 20390.767
700.688 20335.956
700.984 20297.077
701.281 20227.931
701.577 20200.272
701.873 20178.760
702.169 20142.269
702.466 20081.379
702.762 20065.829
703.058 20025.621
703.355 19979.248
703.651 19950.410
703.947 19881.528
704.243 19832.316
704.540 19784.231
704.836 19759.341
705.132 19729.063
705.428 19703.115
705.725 19621.366
706.021 19577.103
706.317 19540.807
706.614 19513.667
706.910 19460.964
707.206 19399.612
707.502 19391.430
707.799 19323.943
708.095 19275.320
708.391 19262.053
708.688 19204.699
708.984 19147.612
709.280 19073.047
709.576 19032.386
709.873 18989.635
710.169 18953.047
710.465 18878.981
710.762 18849.537
711.058 18788.036
711.354 18776.662
711.650 18727.517
711.947 18662.737
712.243 18590.689
712.539 18564.424
712.836 18502.298
713.132 18460.459
713.428 18420.134
713.724 18400.978
714.021 18363.311
714.317 18298.858
714.613 18195.742
714.910 18147.350
715.206 18082.005
715.502 18036.904
715.798 17956.711
716.095 17943.582
716.391 17884.634
716.687 17820.567
716.984 17789.534
717.280 17715.458
717.576 17696.740
717.872 17640.378
718.169 17600.735
718.465 17508.733
718.761 17522.730
719.058 17425.728
719.354 17381.344
719.650 17344.067
719.946 17308.721
720.243 17254.227
720.539 17202.716
720.835 17139.853
721.131 17109.711
721.428 17065.774
721.724 17010.727
722.020 16937.641
722.317 16917.619
722.613 16859.418
722.909 16810.507
723.205 16779.252
723.502 16724.691
723.798 16689.378
724.094 16655.686
724.391 16605.684
724.687 16565.116
724.983 16494.690
725.279 16450.873
725.576 16392.497
725.872 16347.282
726.168 16323.376
726.465 16287.230
726.761 16202.449
727.057 16119.823
727.353 16092.916
727.650 16091.019
727.946 16045.337
728.242 15969.892
728.539 15914.334
728.835 15882.702
729.131 15821.430
729.427 15785.006
729.724 15729.613
730.020 15646.874
730.316 15621.180
730.613 15571.770
730.909 15518.921
731.205 15456.689
731.501 15385.230
731.798 15353.670
732.094 15287.876
732.390 15196.472
732.687 15196.857
732.983 15121.664
733.279 15087.213
733.575 15020.281
733.872 14970.082
734.168 14945.473
734.464 14893.305
734.761 14816.891
735.057 14789.177
735.353 14720.344
735.649 14638.373
735.946 14609.612
736.242 14520.689
736.538 14477.976
736.835 14420.999
737.131 14357.076
737.427 14307.423
737.723 14257.420
738.020 14224.525
738.316 14143.549
738.612 14089.678
738.909 14087.802
739.205 13977.038
739.501 13976.032
739.797 13864.530
740.094 13805.032
740.390 13766.678
740.686 13726.825
740.982 13680.567
741.279 13575.305
741.575 13564.676
741.871 13502.477
742.168 13448.118
742.464 13390.329
742.760 13343.314
743.056 13312.581
743.353 13265.734
743.649 13225.015
743.945 13132.004
744.242 13096.768
744.538 13053.596
744.834 12988.729
745.130 12935.659
745.427 12881.629
745.723 12849.210
746.019 12791.045
746.316 12734.012
746.612 12700.283
746.908 12631.382
747.204 12579.628
747.501 12537.418
747.797 12472.910
748.093 12449.185
748.390 12397.900
748.686 12329.188
748.982 12281.524
749.278 12235.635
749.575 12191.165
749.871 12167.779
750.167 12090.548
750.464 12041.081
750.760 11983.596
751.056 11908.362
751.352 11890.428
751.649 11821.688
751.945 11788.914
752.241 11721.107
752.538 11693.576
752.834 11638.237
753.130 11584.503
753.426 11576.692
753.723 11512.370
754.019 11454.507
754.315 11406.600
754.611 11345.411
754.908 11305.103
755.204 11277.405
755.500 11207.402
755.797 11176.930
756.093 11082.396
756.389 11052.498
756.685 11008.407
756.982 10954.250
757.278 10911.118
757.574 10834.720
757.871 10822.669
758.167 10752.385
758.463 10726.552
758.759 10658.344
759.056 10597.757
759.352 10527.473
759.648 10478.274
759.945 10439.114
760.241 10425.910
760.537 10374.976
760.833 10305.180
761.130 10260.911
761.426 10199.339
761.722 10169.356
762.019 10136.428
762.315 10023.474
762.611 10004.361
762.907 9911.709
763.204 9880.246
763.500 9868.001
763.802 9793.251
764.104 9747.538
764.406 9705.068
764.708 9689.269
765.010 9612.038
765.312 9596.051
765.615 9553.947
765.917 9501.315
766.219 9434.508
766.521 9387.946
766.823 9370.736
767.125 9314.371
767.427 9257.892
767.729 9197.236
768.031 9176.929
768.333 9113.081
768.635 9089.613
768.937 9027.737
769.239 9013.492
769.542 8931.158
769.844 8889.488
770.146 8834.606
770.448 8777.466
770.750 8725.302
771.052 8693.025
771.354 8648.563
771.656 8586.202
771.958 8569.045
772.260 8525.209
772.562 8462.005
772.864 8417.150
773.166 8407.784
773.468 8352.623
773.771 8330.485
774.073 8266.542
774.375 8229.251
774.677 8180.168
774.979 8115.748
775.281 8077.833
775.583 8042.208
775.885 7978.702
776.187 7970.450
776.489 7917.198
776.791 7853.520
777.093 7836.939
777.395 7780.467
777.698 7750.434
778.000 7701.098
778.302 7681.240
778.604 7615.631
778.906 7574.829
779.208 7551.706
779.510 7502.218
779.812 7455.262
780.114 7401.181
780.416 7375.791
780.718 7326.947
781.020 7301.481
781.322 7255.301
781.625 7196.617
781.927 7161.120
782.229 7127.323
782.531 7088.023
782.833 7051.879
783.135 7011.491
783.437 6943.235
783.739 6923.424
784.041 6877.698
784.343 6820.641
784.645 6792.629
784.947 6763.334
785.249 6713.189
785.552 6661.546
785.854 6637.206
786.156 6591.321
786.458 6551.801
786.760 6515.764
787.062 6482.250
787.364 6429.237
787.666 6404.273
787.968 6372.299
788.270 6308.072
788.572 6275.368
788.874 6248.725
789.176 6192.841
789.478 6163.697
789.781 6135.144
790.083 6122.766
790.385 6059.795
790.687 6016.086
790.989 5980.771
791.291 5962.465
791.593 5908.911
791.895 5896.785
792.197 5857.303
792.499 5819.358
792.801 5779.806
793.103 5729.609
793.405 5689.906
793.708 5662.005
794.010 5637.711
794.312 5602.763
794.614 5539.422
794.916 5511.178
795.218 5474.436
795.520 5453.638
795.822 5420.343
796.124 5387.019
796.426 5341.752
796.728 5320.584
797.030 5293.504
797.332 5249.678
797.635 5207.088
797.937 5177.641
798.239 5142.637
798.541 5121.519
798.843 5067.843
799.145 5044.851
799.447 5004.082
799.749 4965.572
800.051 4942.913
800.353 4899.490
800.655 4870.003
800.957 4830.998
801.259 4806.477
801.562 4758.616
801.864 4755.008
802.166 4700.291
802.468 4667.225
802.770 4634.294
803.072 4597.022
803.374 4571.005
803.676 4557.556
803.978 4509.465
804.280 4482.719
804.582 4471.152
804.884 4426.556
805.186 4390.627
805.488 4366.476
805.791 4335.168
806.093 4305.004
806.395 4273.913
806.697 4254.536
806.999 4205.561
807.301 4196.074
807.603 4180.291
807.905 4138.321
808.207 4112.777
808.509 4078.238
808.811 4058.512
809.113 4037.849
809.415 4004.674
809.718 3968.725
810.020 3942.452
810.322 3923.235
810.624 3903.945
810.926 3861.481
811.228 3838.578
811.530 3814.801
811.834 3800.538
812.139 3754.808
812.443 3727.645
812.748 3690.074
813.052 3694.571
813.357 3653.964
813.661 3631.325
813.966 3614.465
814.270 3592.473
814.574 3572.254
814.879 3550.829
815.183 3525.943
815.488 3486.391
815.792 3471.203
816.097 3433.589
816.401 3408.458
816.706 3390.022
817.010 3378.982
817.314 3363.769
817.619 3340.324
817.923 3306.727
818.228 3275.519
818.532 3264.894
818.837 3237.596
819.141 3227.381
819.445 3201.003
819.750 3178.376
820.054 3157.161
820.359 3123.118
820.663 3117.416
820.968 3108.121
821.272 3075.694
821.577 3050.975
821.881 3018.670
822.185 3012.040
822.490 2975.776
822.794 2956.729
823.099 2938.554
823.403 2928.804
823.708 2906.969
824.012 2887.648
824.317 2868.505
824.621 2843.620
824.925 2832.770
825.230 2804.961
825.534 2787.902
825.839 2774.055
826.143 2754.622
826.448 2737.783
826.752 2713.717
827.057 2689.718
827.361 2681.027
827.665 2669.767
827.970 2654.289
828.274 2611.355
828.579 2607.307
828.883 2595.652
829.188 2585.536
829.492 2558.435
829.796 2544.886
830.101 2532.261
830.405 2499.510
830.710 2498.032
831.014 2473.493
831.319 2464.060
831.623 2449.292
831.928 2430.875
832.232 2405.204
832.536 2394.132
832.841 2372.735
833.145 2359.581
833.450 2362.640
833.754 2337.760
834.059 2330.453
834.363 2316.806
834.668 2296.732
834.972 2270.241
835.276 2267.496
835.581 2240.866
835.885 2237.315
836.190 2229.162
836.494 2204.865
836.799 2206.710
837.103 2190.445
837.407 2179.809
837.712 2172.845
838.016 2156.834
838.321 2123.213
838.625 2115.374
838.930 2100.174
839.234 2093.255
839.539 2083.963
839.843 2065.585
840.147 2048.031
840.452 2051.241
840.756 2036.737
841.061 2014.933
841.365 2011.815
841.670 1983.605
841.974 1999.290
842.279 1984.592
842.583 1971.936
842.887 1958.218
843.192 1945.408
843.496 1919.976
843.801 1916.446
844.105 1903.497
844.410 1887.414
844.714 1893.459
845.019 1873.818
845.323 1878.782
845.627 1850.337
845.932 1839.932
846.236 1836.144
846.541 1811.199
846.845 1820.949
847.150 1806.892
847.454 1789.381
847.758 1801.372
848.063 1777.155
848.367 1771.126
848.672 1764.946
848.976 1759.600
849.281 1737.431
849.585 1735.385
849.890 1737.662
850.194 1723.326
850.498 1711.549
850.803 1712.028
851.107 1687.123
851.412 1677.203
851.716 1685.965
852.021 1665.317
852.325 1667.221
852.630 1644.738
852.934 1630.719
853.238 1632.273
853.543 1621.033
853.847 1601.951
854.152 1603.739
854.456 1590.680
854.761 1577.776
855.065 1570.429
855.370 1571.697
855.674 1574.524
855.978 1560.537
856.283 1551.022
856.587 1541.887
856.892 1518.517
857.196 1517.833
857.501 1521.479
857.805 1513.372
858.109 1503.232
858.414 1497.419
858.718 1485.367
859.023 1478.749
859.327 1476.714
859.632 1466.623
859.936 1457.542
860.241 1455.851
860.545 1451.523
860.849 1446.682
861.154 1437.997
861.458 1432.827
861.763 1429.124
862.067 1431.083
862.372 1427.846
862.676 1414.200
862.981 1406.184
863.285 1399.379
863.589 1395.908
863.894 1398.992
864.198 1388.886
864.503 1393.850
864.807 1382.148
865.112 1376.932
865.416 1375.630
865.721 1362.279
866.025 1356.322
866.329 1352.795
866.634 1357.378
866.938 1358.494
867.243 1347.961
867.547 1339.044
867.852 1338.727
868.156 1342.057
868.460 1338.997
868.765 1328.350
869.069 1345.037
869.374 1333.798
869.678 1313.544
869.983 1323.538
870.287 1313.924
870.592 1316.295
870.896 1312.729
871.200 1308.215
871.505 1299.733
871.809 1301.892
872.114 1297.378
872.418 1298.638
872.723 1293.496
873.027 1289.247
873.332 1288.600
873.636 1282.023
873.940 1279.961
874.245 1280.209
874.549 1276.596
874.854 1279.548
875.158 1266.727
875.463 1264.433
875.767 1259.911
876.072 1262.186
876.376 1259.231
876.680 1248.600
876.985 1251.987
877.289 1253.114
877.594 1244.501
877.898 1247.897
878.203 1237.928
878.507 1234.087
878.811 1244.701
879.116 1234.501
879.420 1234.013
879.725 1220.890
880.029 1220.779
880.334 1229.246
880.638 1226.021
880.943 1219.452
881.247 1206.919
881.551 1198.551
881.856 1207.285
882.160 1199.448
882.465 1204.355
882.769 1191.088
883.074 1197.794
883.378 1188.526
883.683 1192.153
883.987 1185.049
884.291 1187.600
884.596 1189.239
884.900 1202.489
885.205 1193.941
885.509 1198.837
885.814 1195.568
886.118 1214.294
886.423 1203.908
886.727 1213.373
887.031 1217.916
887.336 1220.131
887.640 1219.924
887.945 1216.868
888.249 1228.317
888.554 1220.509
888.858 1231.951
889.162 1235.324
889.467 1238.496
889.771 1243.984
890.076 1240.095
890.380 1246.029
890.685 1254.955
890.989 1253.350
891.294 1243.954
891.598 1245.538
891.902 1237.967
892.207 1244.383
892.511 1254.469
892.816 1245.513
893.120 1257.918
893.425 1255.387
893.729 1257.669
894.034 1246.167
894.338 1242.477
894.642 1254.911
894.947 1257.435
895.251 1251.440
895.556 1249.818
895.860 1253.743
896.165 1262.062
896.469 1247.483
896.774 1251.873
897.078 1250.480
897.382 1250.706
897.687 1244.433
897.991 1252.089
898.296 1259.758
898.600 1256.961
898.905 1253.469
899.209 1257.427
899.513 1241.577
899.818 1249.258
900.122 1252.521
900.427 1249.245
900.731 1245.736
901.036 1252.266
901.340 1247.350
901.645 1246.176
901.949 1252.254
902.253 1255.996
902.558 1242.386
902.862 1247.780
903.167 1233.421
903.471 1232.255
903.776 1244.215
904.080 1246.803
904.385 1246.796
904.689 1238.764
904.993 1244.879
905.298 1237.311
905.602 1236.083
905.907 1245.555
906.211 1237.515
906.516 1241.520
906.820 1235.778
907.125 1235.100
907.429 1233.640
907.733 1231.003
908.038 1224.984
908.342 1230.696
908.647 1222.851
908.951 1228.340
909.256 1236.620
909.560 1225.163
909.864 1229.849
910.169 1232.271
910.473 1231.529
910.778 1225.254
911.082 1218.865
911.387 1219.276
911.691 1230.026
911.996 1222.775
912.300 1223.944
912.609 1215.697
912.918 1229.398
913.227 1214.719
913.537 1209.133
913.846 1219.521
914.155 1209.724
914.464 1215.728
914.773 1222.390
915.082 1212.457
915.391 1210.713
915.700 1207.790
916.010 1207.415
916.319 1221.052
916.628 1214.850
916.937 1217.775
917.246 1205.260
917.555 1199.186
917.864 1207.607
918.174 1213.482
918.483 1198.573
918.792 1206.027
919.101 1210.361
919.410 1206.416
919.719 1193.199
920.028 1201.089
920.337 1204.648
920.647 1206.825
920.956 1192.523
921.265 1187.173
921.574 1191.703
921.883 1192.690
922.192 1185.090
922.501 1192.252
922.811 1189.629
923.120 1193.006
923.429 1190.183
923.738 1201.006
924.047 1197.782
924.356 1186.707
924.665 1188.273
924.974 1174.313
925.284 1185.791
925.593 1179.709
925.902 1185.890
926.211 1179.772
926.520 1171.967
926.829 1185.223
927.138 1176.391
927.448 1190.063
927.757 1178.307
928.066 1182.222
928.375 1179.687
928.684 1160.441
928.993 1172.994
929.302 1169.203
929.611 1179.066
929.921 1172.325
930.230 1159.816
930.539 1165.360
930.848 1157.328
931.157 1164.986
931.466 1169.364
931.775 1167.069
932.085 1160.139
932.394 1164.916
932.703 1156.862
933.012 1160.931
933.321 1158.714
933.630 1151.771
933.939 1154.025
934.248 1166.823
934.558 1156.409
934.867 1154.605
935.176 1165.279
935.485 1158.386
935.794 1160.583
936.103 1180.836
936.412 1169.338
936.721 1175.552
937.031 1179.763
937.340 1165.495
937.649 1175.259
937.958 1188.068
938.267 1198.186
938.576 1206.500
938.885 1206.301
939.195 1214.309
939.504 1224.832
939.813 1227.280
940.122 1242.902
940.431 1228.902
940.740 1242.755
941.049 1227.744
941.359 1231.457
941.668 1228.117
941.977 1237.028
942.286 1253.020
942.595 1242.730
942.904 1244.186
943.213 1237.868
943.522 1224.229
943.832 1234.100
944.141 1230.781
944.450 1234.419
944.759 1215.959
945.068 1215.626
945.377 1234.558
945.686 1213.703
945.995 1209.838
946.305 1201.947
946.614 1220.188
946.923 1203.641
947.232 1187.281
947.541 1185.042
947.850 1196.728
948.159 1179.209
948.469 1170.686
948.778 1181.622
949.087 1161.394
949.396 1152.252
949.705 1144.378
950.014 1143.192
950.323 1140.307
950.632 1114.398
950.942 1124.388
951.251 1120.920
951.560 1100.089
951.869 1107.199
952.178 1092.221
952.487 1092.896
952.796 1094.831
953.106 1078.988
953.415 1070.794
953.724 1060.567
954.033 1080.155
954.342 1046.227
954.651 1059.419
954.960 1042.056
955.269 1046.335
955.579 1030.698
955.888 1035.181
956.197 1026.728
956.506 1018.332
956.815 1011.230
957.124 1008.803
957.433 986.815
957.743 991.495
958.052 983.502
958.361 984.683
958.670 975.680
958.979 968.030
959.288 957.964
959.597 947.156
959.906 969.493
960.216 944.413
960.525 940.066
960.834 933.824
961.143 915.785
961.452 928.107
961.761 913.258
962.070 914.872
962.380 916.288
962.689 900.829
962.998 903.244
963.307 898.594
963.616 888.324
963.925 878.477
964.234 874.175
964.543 886.572
964.853 884.731
965.162 867.239
965.471 872.995
965.780 856.258
966.095 853.352
966.410 850.199
966.725 846.159
967.040 849.073
967.356 828.213
967.671 837.201
967.986 846.189
968.301 839.178
968.616 823.166
968.931 829.154
969.246 832.143
969.561 838.131
969.876 823.119
970.192 842.107
970.507 822.096
970.822 820.084
971.137 817.072
971.452 811.060
971.767 822.048
972.082 813.036
972.397 814.024
972.712 816.012
973.028 810.000
973.343 814.988
973.658 800.976
973.973 794.964
974.288 794.952
974.603 808.939
974.918 798.927
975.233 800.915
975.548 808.903
975.864 798.890
976.179 796.878
976.494 792.866
976.809 800.853
977.124 794.841
977.439 788.828
977.754 787.816
978.069 788.803
978.384 777.791
978.700 786.778
979.015 784.766
979.330 789.753
979.645 777.740
979.960 775.728
980.275 777.715
980.590 771.702
980.905 768.689
981.221 768.676
981.536 763.664
981.851 754.651
982.166 766.638
982.481 768.625
982.796 762.612
983.111 759.599
983.426 756.586
983.741 747.573
984.057 750.560
984.372 744.546
984.687 740.533
985.002 742.520
985.317 748.507
985.632 745.494
985.947 735.480
986.262 737.467
986.577 730.454
986.893 734.440
987.208 730.427
987.523 736.413
987.838 740.400
988.153 728.386
988.468 726.373
988.783 721.359
989.098 727.346
989.413 718.332
989.729 730.318
990.044 726.304
990.359 723.291
990.674 736.277
990.989 727.263
991.304 724.249
991.619 727.235
991.934 714.221
992.249 724.207
992.565 729.193
992.880 718.179
993.195 722.165
993.510 734.151
993.825 731.137
994.140 727.123
994.455 726.109
994.770 724.094
995.085 721.080
995.401 729.066
995.716 719.052
996.031 730.037
996.346 727.023
996.661 723.008
996.976 720.994
997.291 736.979
997.606 723.965
997.921 725.950
998.237 717.935
998.552 729.921
998.867 724.906
999.182 737.891
999.497 744.877
999.812 736.862
1000.127 743.847
1000.442 737.832
1000.757 748.817
1001.073 749.802
1001.388 748.787
1001.703 740.772
1002.018 749.757
1002.333 753.742
1002.648 750.727
1002.963 769.712
1003.278 762.696
1003.593 759.681
1003.909 758.666
1004.224 766.650
1004.539 776.635
1004.854 780.620
1005.169 779.604
1005.484 781.589
1005.799 784.573
1006.114 781.558
1006.429 786.542
1006.745 781.526
1007.060 793.511
1007.375 796.495
1007.690 805.479
1008.005 797.463
1008.320 803.448
1008.635 812.432
1008.950 808.416
1009.265 811.400
1009.581 817.384
1009.896 816.368
1010.211 822.352
1010.526 841.336
1010.841 824.319
1011.156 831.303
1011.471 836.287
1011.786 832.271
1012.102 832.254
1012.417 844.238
1012.732 852.222
1013.047 846.205
1013.362 849.189
1013.677 847.172
1013.992 858.155
1014.307 858.139
1014.622 866.122
1014.938 859.105
1015.253 863.089
1015.568 871.072
1015.883 874.055
1016.198 877.038
1016.513 886.021
1016.828 892.004
1017.143 882.987
1017.458 886.970
1017.774 891.953
1018.089 897.936
1018.404 910.919
1018.719 906.902
1019.034 908.884
1019.349 910.867
1019.664 904.850
1019.979 925.832
1020.294 917.815
1020.610 928.797
1020.925 911.780
1021.240 926.762
1021.555 941.745
1021.870 938.727
1022.185 946.709
1022.500 952.692
1022.815 957.674
1023.130 952.656
1023.446 956.638
1023.761 963.620
1024.076 973.602
1024.391 967.584
1024.706 972.566
1025.021 982.548
1025.336 980.530
1025.651 981.512
1025.966 1000.493
1026.282 995.475
1026.597 998.457
1026.912 1010.438
1027.227 1011.420
1027.542 1004.401
1027.857 1010.383
1028.172 1024.364
1028.487 1030.346
1028.802 1035.327
1029.118 1033.308
1029.433 1033.290
1029.748 1039.271
1030.063 1050.252
1030.378 1047.233
1030.693 1053.214
1031.008 1059.195
1031.323 1064.176
1031.638 1064.157
1031.954 1065.138
1032.269 1086.118
1032.584 1078.099
1032.899 1073.080
1033.214 1077.060
1033.529 1075.041
1033.844 1081.022
1034.159 1072.002
1034.474 1088.983
1034.790 1099.963
1035.105 1077.943
1035.420 1091.924
1035.735 1098.904
1036.050 1095.884
1036.365 1097.864
1036.680 1107.844
1036.995 1106.824
1037.310 1098.804
1037.626 1100.784
1037.941 1111.764
1038.256 1101.744
1038.571 1118.724
1038.886 1118.703
1039.201 1114.683
1039.516 1121.663
1039.831 1120.642
1040.146 1128.622
1040.462 1114.601
1040.777 1115.581
1041.092 1106.560
1041.407 1113.539
1041.722 1111.518
1042.037 1123.498
1042.352 1119.477
1042.667 1121.456
1042.982 1116.435
1043.298 1124.414
1043.613 1113.393
1043.928 1117.372
1044.243 1121.350
1044.558 1120.329
1044.873 1127.308
1045.188 1127.287
1045.503 1120.265
1045.819 1117.244
1046.134 1128.222
1046.449 1115.201
1046.764 1111.179
1047.079 1114.157
1047.394 1120.136
1047.709 1099.114
1048.024 1102.092
1048.339 1099.070
1048.655 1097.048
1048.970 1105.026
1049.285 1106.004
1049.600 1092.982
1049.915 1101.960
1050.230 1102.937
1050.545 1097.915
1050.860 1097.893
1051.175 1100.870
1051.491 1091.848
1051.806 1087.825
1052.121 1082.803
1052.436 1094.780
1052.751 1090.757
1053.066 1079.734
1053.381 1086.712
1053.696 1083.689
1054.011 1072.666
1054.327 1082.643
1054.642 1082.620
1054.957 1078.596
1055.272 1077.573
1055.587 1072.550
1055.902 1070.527
1056.217 1070.503
1056.532 1064.480
1056.847 1068.456
1057.163 1066.433
1057.478 1067.409
1057.793 1066.385
1058.108 1049.362
1058.423 1053.338
1058.738 1048.314
1059.053 1057.290
1059.368 1046.266
1059.683 1047.242
1059.999 1051.218
1060.314 1055.194
1060.629 1043.170
1060.944 1052.145
1061.259 1054.121
1061.574 1052.096
1061.889 1043.072
1062.204 1047.047
1062.519 1042.023
1062.835 1048.998
1063.150 1038.973
1063.465 1033.948
1063.780 1042.924
1064.095 1034.899
1064.410 1030.874
1064.725 1036.849
1065.040 1031.823
1065.355 1043.798
1065.671 1029.773
1065.986 1031.748
1066.301 1020.722
1066.616 1025.697
1066.931 1025.671
1067.246 1035.646
1067.561 1027.620
1067.876 1020.594
1068.191 1026.568
1068.507 1021.542
1068.822 1023.517
1069.137 1025.491
1069.452 1013.464
1069.767 1024.438
1070.082 1012.412
1070.397 1019.386
1070.712 1012.359
1071.027 1017.333
1071.343 1014.307
1071.658 1014.280
1071.973 1004.253
1072.288 1002.227
1072.603 1008.200
1072.918 1018.173
1073.233 1008.146
1073.548 999.119
1073.863 1003.092
1074.179 999.065
1074.494 997.038
1074.809 997.011
1075.124 989.983
1075.439 988.956
1075.754 994.929
1076.069 992.901
1076.384 989.873
1076.699 997.846
1077.015 990.818
1077.330 997.790
1077.645 989.762
1077.960 984.734
1078.275 981.706
1078.590 978.678
1078.905 998.650
1079.220 977.622
1079.536 967.594
1079.851 981.565
1080.166 982.537
1080.481 970.508
1080.796 973.480
1081.111 969.451
1081.426 978.422
1081.741 969.393
1082.056 973.364
1082.372 974.335
1082.687 976.306
1083.002 969.277
1083.317 973.248
1083.632 979.219
1083.947 969.189
1084.262 983.160
1084.577 971.130
1084.892 974.101
1085.208 968.071
1085.523 977.041
1085.838 969.012
1086.153 972.982
1086.468 961.952
1086.783 965.922
1087.098 964.892
1087.413 971.861
1087.728 957.831
1088.044 956.801
1088.359 960.770
1088.674 961.740
1088.989 956.709
1089.304 959.679
1089.619 959.648
1089.934 962.617
1090.249 959.586
1090.564 958.555
1090.880 953.524
1091.195 949.493
1091.510 955.462
1091.825 955.431
1092.140 943.399
1092.467 965.368
1092.794 955.336
1093.121 949.305
1093.448 940.273
1093.775 954.241
1094.102 940.209
1094.429 945.178
1094.756 944.146
1095.083 937.114
1095.410 928.081
1095.737 937.049
1096.064 936.017
1096.391 935.984
1096.718 932.952
1097.045 945.919
1097.372 934.887
1097.699 941.854
1098.026 937.821
1098.353 944.788
1098.680 934.755
1099.007 934.722
1099.334 943.689
1099.661 933.656
1099.988 936.623
1100.315 932.589
1100.642 935.556
1100.969 917.522
1101.296 929.489
1101.623 927.455
1101.950 928.421
1102.277 937.387
1102.604 935.353
1102.931 931.319
1103.258 929.285
1103.585 932.251
1103.912 933.216
1104.239 937.182
1104.566 933.148
1104.893 943.113
1105.220 933.078
1105.547 936.044
1105.874 936.009
1106.201 925.974
1106.528 926.939
1106.855 926.904
1107.182 919.869
1107.509 908.833
1107.836 923.798
1108.163 919.763
1108.490 923.727
1108.817 915.692
1109.144 920.656
1109.470 923.620
1109.797 926.584
1110.124 915.548
1110.451 925.512
1110.778 924.476
1111.105 933.440
1111.432 931.404
1111.759 926.368
1112.086 934.331
1112.413 932.295
1112.740 928.258
1113.067 922.221
1113.394 923.184
1113.721 935.148
1114.048 932.111
1114.375 918.073
1114.702 916.036
1115.029 924.999
1115.356 925.962
1115.683 913.924
1116.010 927.887
1116.337 911.849
1116.664 911.812
1116.991 914.774
1117.318 915.736
1117.645 915.698
1117.972 906.660
1118.299 916.622
1118.626 914.584
1118.953 906.545
1119.280 909.507
1119.607 907.469
1119.934 898.430
1120.261 902.391
1120.588 903.353
1120.915 896.314
1121.242 900.275
1121.569 896.236
1121.896 895.197
1122.223 897.158
1122.550 885.118
1122.877 894.079
1123.204 895.039
1123.531 901.000
1123.858 896.960
1124.185 886.921
1124.512 904.881
1124.839 902.841
1125.166 894.801
1125.493 884.761
1125.820 889.721
1126.147 897.680
1126.474 895.640
1126.801 887.600
1127.128 889.559
1127.455 880.518
1127.782 899.478
1128.109 879.437
1128.436 890.396
1128.763 879.355
1129.090 876.314
1129.417 881.273
1129.744 883.232
1130.071 863.190
1130.398 880.149
1130.725 864.107
1131.052 876.066
1131.379 865.024
1131.706 860.982
1132.033 863.940
1132.360 848.899
1132.687 847.856
1133.014 848.814
1133.341 853.772
1133.668 859.730
1133.995 860.687
1134.322 863.645
1134.649 859.602
1134.976 857.560
1135.303 853.517
1135.630 846.474
1135.957 834.431
1136.284 841.388
1136.611 847.345
1136.938 848.302
1137.265 827.259
1137.592 824.215
1137.919 828.172
1138.246 822.128
1138.573 821.084
1138.900 815.041
1139.227 811.997
1139.554 797.953
1139.881 811.909
1140.208 799.865
1140.535 797.821
1140.862 794.777
1141.189 798.732
1141.516 792.688
1141.843 780.643
1142.170 784.599
1142.497 780.554
1142.824 786.509
1143.151 769.464
1143.478 771.419
1143.805 774.374
1144.131 767.329
1144.458 773.284
1144.785 775.239
1145.112 770.193
1145.439 762.148
1145.766 764.102
1146.093 766.057
1146.420 769.011
1146.747 760.965
1147.074 748.919
1147.401 755.873
1147.728 758.827
1148.055 765.781
1148.382 758.735
1148.709 754.689
1149.036 758.642
1149.363 757.596
1149.690 753.549
1150.017 751.503
1150.344 752.456
1150.671 738.409
1150.998 754.362
1151.325 753.315
1151.652 751.268
1151.979 747.221
1152.306 747.174
1152.633 750.127
1152.960 743.079
1153.287 745.032
1153.614 744.984
1153.941 748.937
1154.268 744.889
1154.595 742.841
1154.922 738.794
1155.249 754.746
1155.576 742.698
1155.903 739.650
1156.230 741.601
1156.557 729.553
1156.884 741.505
1157.211 748.457
1157.538 750.408
1157.865 747.360
1158.192 748.311
1158.519 750.262
1158.846 743.214
1159.173 746.165
1159.500 736.116
1159.827 738.067
1160.154 739.018
1160.481 734.969
1160.808 743.920
1161.135 732.871
1161.462 736.821
1161.789 731.772
1162.116 739.722
1162.443 731.673
1162.770 713.623
1163.097 724.574
1163.424 724.524
1163.751 718.474
1164.078 720.424
1164.405 726.375
1164.732 720.325
1165.059 726.275
1165.386 727.224
1165.713 732.174
1166.040 739.124
1166.367 726.074
1166.694 714.023
1167.021 724.973
1167.348 729.922
1167.675 712.872
1168.002 720.821
1168.329 712.771
1168.656 714.720
1168.983 701.669
1169.310 707.618
1169.637 701.567
1169.964 699.517
1170.291 702.466
1170.618 683.415
1170.945 674.363
1171.272 678.312
1171.599 674.261
1171.926 662.210
1172.253 656.158
1172.580 656.107
1172.907 646.056
1173.234 641.004
1173.561 641.953
1173.888 629.901
1174.215 632.850
1174.542 629.798
1174.869 631.746
1175.196 624.694
1175.523 624.643
1175.850 624.591
1176.177 621.539
1176.504 623.487
1176.831 624.435
1177.158 623.383
1177.485 621.331
1177.812 616.279
1178.139 623.227
1178.465 617.175
1178.792 617.122
1179.119 607.070
1179.446 612.018
1179.773 615.966
1180.100 602.913
1180.427 592.861
1180.754 595.809
1181.081 601.756
1181.408 594.704
1181.735 590.651
1182.062 587.599
1182.389 583.546
1182.716 582.494
1183.043 583.441
1183.370 581.388
1183.697 580.336
1184.024 571.283
1184.351 576.231
1184.678 574.178
1185.005 566.125
1185.332 562.072
1185.659 577.020
1185.986 574.967
1186.313 575.914
1186.640 567.861
1186.967 574.809
1187.294 564.756
1187.621 560.703
1187.948 565.650
1188.275 557.597
1188.602 547.544
1188.929 555.491
1189.256 552.439
1189.583 547.386
1189.910 555.333
1190.237 547.280
1190.564 547.227
1190.891 550.174
1191.218 554.121
1191.545 550.069
1191.872 542.016
1192.199 540.963
1192.526 543.910
1192.853 543.857
1193.180 540.804
1193.507 542.751
1193.834 540.699
1194.161 530.646
1194.488 536.593
1194.815 520.540
1195.142 538.488
1195.469 530.435
1195.796 531.382
1196.123 532.329
1196.450 520.277
1196.777 526.224
1197.104 521.171
1197.431 515.119
1197.758 517.066
1198.085 522.014
1198.412 520.961
1198.739 510.909
1199.066 520.856
1199.393 510.804
1199.720 498.751
1200.047 499.699
1200.374 498.647
1200.701 502.594
1201.028 489.542
1201.355 499.490
1201.682 486.438
1202.009 499.386
1202.336 491.334
1202.663 488.282
1202.990 493.230
1203.317 472.178
1203.644 475.126
1203.971 482.074
1204.298 470.022
1204.625 467.971
1204.952 468.919
1205.279 472.868
1205.606 479.816
1205.933 456.765
1206.260 461.713
1206.587 454.662
1206.914 451.611
1207.241 449.559
1207.568 456.508
1207.895 453.457
1208.222 450.406
1208.549 445.355
1208.876 445.305
1209.203 445.254
1209.530 444.203
1209.857 437.153
1210.184 433.102
1210.511 431.052
1210.838 432.001
1211.165 426.951
1211.492 417.901
1211.819 421.851
1212.146 419.801
1212.473 410.751
1212.799 416.701
1213.126 417.652
1213.453 409.602
1213.780 407.553
1214.107 405.503
1214.434 408.454
1214.761 400.405
1215.088 402.356
1215.415 393.307
1215.742 400.258
1216.069 395.209
1216.396 391.161
1216.723 391.112
1217.050 387.064
1217.377 392.016
1217.704 377.968
1218.031 381.920
1218.358 372.872
1218.685 375.824
1219.012 375.776
1219.339 380.729
1219.666 373.682
1219.993 371.634
1220.320 359.587
1220.647 369.540
1220.974 358.494
1221.301 357.447
1221.628 353.400
1221.955 346.354
1222.282 343.308
1222.609 347.262
1222.936 341.216
1223.263 352.170
1223.590 340.124
1223.917 344.079
1224.244 336.034
1224.571 341.989
1224.898 336.944
1225.225 326.899
1225.552 331.854
1225.879 322.810
1226.206 329.765
1226.533 326.721
1226.860 324.677
1227.187 314.634
1227.514 320.590
1227.841 316.547
1228.168 317.503
1228.495 315.460
1228.822 315.417
1229.149 313.375
1229.476 314.332
1229.803 321.290
1230.130 310.248
1230.457 308.206
1230.784 304.164
1231.111 308.123
1231.438 303.081
1231.765 301.040
1232.092 300.999
1232.419 288.958
1232.746 293.918
