168.180 3.460
168.450 54.459
168.720 71.459
168.990 71.459
169.260 71.459
169.530 69.458
169.799 61.458
170.069 62.458
170.339 76.458
170.609 69.457
170.879 70.457
171.149 75.457
171.418 70.456
171.688 74.456
171.958 73.456
172.228 68.456
172.498 66.455
172.768 74.455
173.037 71.455
173.307 63.454
173.577 65.454
173.847 62.454
174.117 65.454
174.387 68.453
174.656 70.453
174.926 72.453
175.196 69.452
175.466 66.452
175.736 71.452
176.006 66.452
176.275 68.451
176.545 73.451
176.815 71.451
177.085 64.450
177.355 68.450
177.625 70.450
177.894 70.449
178.164 69.449
178.434 66.449
178.704 67.449
178.974 73.448
179.244 68.448
179.513 63.448
179.783 72.447
180.053 77.447
180.323 69.447
180.593 73.447
180.863 74.446
181.132 63.446
181.402 68.446
181.672 63.445
181.942 69.445
182.212 65.445
182.482 70.445
182.751 69.444
183.021 67.444
183.291 66.444
183.561 69.443
183.831 72.443
184.101 65.443
184.370 65.442
184.640 76.442
184.910 58.442
185.164 73.442
185.417 75.441
185.671 70.441
185.925 68.441
186.178 66.440
186.432 74.440
186.686 76.440
186.939 74.440
187.193 70.439
187.447 70.439
187.700 68.439
187.954 62.438
188.207 65.438
188.461 71.438
188.715 64.437
188.968 69.437
189.222 80.437
189.476 69.437
189.729 70.436
189.983 72.436
190.237 70.436
190.490 64.435
190.744 64.435
190.998 67.435
191.251 73.434
191.505 71.434
191.759 68.434
192.012 68.434
192.266 72.433
192.520 70.433
192.773 72.433
193.027 66.432
193.281 70.432
193.534 65.432
193.788 66.431
194.042 62.431
194.295 61.431
194.549 74.430
194.802 68.430
195.056 69.430
195.310 71.430
195.563 69.429
195.817 71.429
196.071 71.429
196.324 80.428
196.578 68.428
196.832 67.428
197.085 79.427
197.339 75.427
197.593 76.427
197.846 75.427
198.100 68.426
198.354 57.426
198.607 67.426
198.861 66.425
199.115 72.425
199.368 77.425
199.622 71.424
199.876 68.424
200.129 74.424
200.383 73.423
200.636 72.423
200.890 69.423
201.144 74.422
201.397 69.422
201.651 64.422
201.905 69.422
202.158 73.421
202.412 77.421
202.666 68.421
202.919 68.420
203.173 69.420
203.427 74.420
203.680 70.419
203.934 71.419
204.188 76.419
204.441 68.418
204.695 67.418
204.949 67.418
205.202 72.417
205.456 69.417
205.710 74.417
205.963 79.417
206.217 72.416
206.471 75.416
206.724 76.416
206.978 80.415
207.231 78.415
207.485 77.415
207.739 75.414
207.992 69.414
208.246 78.414
208.500 68.413
208.753 75.413
209.007 73.413
209.261 74.412
209.514 73.412
209.768 78.412
210.022 79.411
210.275 63.411
210.529 77.411
210.783 71.410
211.036 73.410
211.290 70.410
211.544 81.410
211.797 80.409
212.051 73.409
212.305 71.409
212.558 66.408
212.812 65.408
213.065 74.408
213.319 66.407
213.573 71.407
213.826 78.407
214.080 75.406
214.334 76.406
214.587 83.406
214.841 68.405
215.095 68.405
215.348 77.405
215.602 79.404
215.856 75.404
216.109 71.404
216.363 74.403
216.617 80.403
216.870 79.403
217.124 65.402
217.378 72.402
217.631 79.402
217.885 75.401
218.139 75.401
218.392 80.401
218.646 73.400
218.900 80.400
219.153 72.400
219.407 83.399
219.660 73.399
219.914 73.399
220.168 72.398
220.421 71.398
220.675 69.398
220.929 73.397
221.182 80.397
221.436 76.397
221.690 75.396
221.943 74.396
222.197 79.396
222.451 75.395
222.704 83.395
222.958 76.395
223.212 65.394
223.465 73.394
223.719 76.394
223.973 72.393
224.226 72.393
224.480 77.393
224.734 80.392
224.987 73.392
225.241 72.392
225.494 76.391
225.748 83.391
226.002 74.391
226.255 72.390
226.509 84.390
226.763 76.390
227.016 69.389
227.270 75.389
227.524 80.389
227.777 75.388
228.031 74.388
228.285 72.388
228.538 77.387
228.792 80.387
229.046 68.387
229.299 71.386
229.553 80.386
229.807 79.386
230.060 80.385
230.314 74.385
230.568 73.385
230.821 81.384
231.075 82.384
231.329 81.384
231.582 74.383
231.836 77.383
232.089 77.383
232.343 79.382
232.597 83.382
232.850 79.382
233.104 82.381
233.358 89.381
233.611 75.381
233.865 83.380
234.119 82.380
234.372 83.380
234.626 71.379
234.880 80.379
235.133 79.378
235.387 79.378
235.641 81.378
235.894 80.377
236.148 76.377
236.402 83.377
236.655 93.376
236.909 84.376
237.163 87.376
237.416 81.375
237.670 67.375
237.924 84.375
238.177 79.374
238.431 89.374
238.684 79.374
238.938 83.373
239.192 78.373
239.445 82.373
239.699 80.372
239.953 81.372
240.206 89.371
240.460 78.371
240.714 78.371
240.967 86.370
241.221 82.370
241.475 82.370
241.728 90.369
241.982 80.369
242.236 82.369
242.489 78.368
242.743 86.368
242.997 82.368
243.250 85.367
243.504 88.367
243.758 82.367
244.011 82.366
244.265 90.366
244.518 83.365
244.772 83.365
245.026 85.365
245.279 85.364
245.533 82.364
245.787 72.364
246.040 89.363
246.294 86.363
246.548 85.363
246.801 87.362
247.055 86.362
247.309 81.361
247.562 85.361
247.816 84.361
248.070 84.360
248.323 77.360
248.577 86.360
248.831 81.359
249.084 81.359
249.338 82.359
249.592 96.358
249.845 88.358
250.099 82.357
250.353 83.357
250.606 88.357
250.860 84.356
251.113 86.356
251.367 81.356
251.621 85.355
251.874 76.355
252.128 85.355
252.382 91.354
252.635 89.354
252.889 86.353
253.143 89.353
253.396 82.353
253.650 79.352
253.911 90.352
254.172 86.352
254.433 88.351
254.694 89.351
254.955 85.351
255.216 83.350
255.477 90.350
255.738 85.349
255.999 88.349
256.261 99.349
256.522 82.348
256.783 86.348
257.044 95.348
257.305 87.347
257.566 87.347
257.827 92.346
258.088 93.346
258.349 87.346
258.610 91.345
258.871 89.345
259.132 90.345
259.393 90.344
259.654 85.344
259.915 96.343
260.176 96.343
260.437 88.343
260.698 86.342
260.959 81.342
261.221 85.342
261.482 88.341
261.743 94.341
262.004 89.340
262.265 85.340
262.526 84.340
262.787 88.339
263.048 94.339
263.309 97.338
263.570 95.338
263.831 95.338
264.092 96.337
264.353 88.337
264.614 90.337
264.875 84.336
265.136 98.336
265.397 87.335
265.658 85.335
265.919 87.335
266.181 101.334
266.442 92.334
266.703 90.334
266.964 91.333
267.225 92.333
267.486 99.332
267.747 96.332
268.008 92.332
268.269 96.331
268.530 92.331
268.791 97.330
269.052 87.330
269.313 84.330
269.574 94.329
269.835 91.329
270.096 97.328
270.357 88.328
270.618 90.328
270.879 93.327
271.141 85.327
271.402 93.327
271.663 94.326
271.924 96.326
272.185 87.325
272.446 93.325
272.707 89.325
272.968 93.324
273.229 100.324
273.490 90.323
273.751 87.323
274.012 96.323
274.273 86.322
274.534 91.322
274.795 91.321
275.056 90.321
275.317 87.321
275.578 90.320
275.839 92.320
276.101 93.319
276.362 90.319
276.623 94.319
276.884 90.318
277.145 96.318
277.406 93.317
277.667 98.317
277.928 91.317
278.189 94.316
278.450 97.316
278.711 98.315
278.972 94.315
279.233 86.315
279.494 95.314
279.755 99.314
280.016 91.313
280.277 94.313
280.538 98.313
280.799 95.312
281.061 94.312
281.322 105.311
281.583 104.311
281.844 107.311
282.105 97.310
282.366 96.310
282.627 95.309
282.888 102.309
283.149 99.309
283.410 113.308
283.671 97.308
283.932 99.307
284.193 98.307
284.454 100.307
284.715 84.306
284.976 91.306
285.237 91.305
285.498 90.305
285.759 93.305
286.021 101.304
286.282 99.304
286.543 94.303
286.804 97.303
287.065 95.302
287.326 95.302
287.587 98.302
287.848 106.301
288.109 103.301
288.370 95.300
288.631 99.300
288.892 90.300
289.153 98.299
289.414 94.299
289.675 100.298
289.936 95.298
290.197 97.297
290.458 96.297
290.719 92.297
290.981 98.296
291.242 95.296
291.503 101.295
291.764 88.295
292.025 99.295
292.286 105.294
292.547 103.294
292.808 93.293
293.069 100.293
293.330 97.292
293.591 98.292
293.852 96.292
294.113 99.291
294.374 107.291
294.635 105.290
294.896 98.290
295.157 96.290
295.418 97.289
295.679 104.289
295.941 103.288
296.202 102.288
296.463 105.287
296.724 99.287
296.985 104.287
297.246 100.286
297.507 97.286
297.768 103.285
298.029 97.285
298.290 105.284
298.551 110.284
298.812 100.284
299.073 99.283
299.334 100.283
299.595 101.282
299.856 103.282
300.117 101.281
300.378 97.281
300.639 100.281
300.901 95.280
301.162 107.280
301.423 97.279
301.684 107.279
301.945 107.278
302.206 103.278
302.467 98.278
302.728 105.277
302.989 107.277
303.250 105.276
303.511 100.276
303.772 97.275
304.033 99.275
304.294 104.274
304.555 108.274
304.816 110.274
305.077 108.273
305.338 101.273
305.599 110.272
305.861 104.272
306.122 107.271
306.383 105.271
306.644 108.271
306.905 106.270
307.166 107.270
307.427 104.269
307.688 100.269
307.949 105.268
308.210 106.268
308.471 103.267
308.732 103.267
308.993 115.267
309.254 106.266
309.515 116.266
309.776 112.265
310.037 111.265
310.298 105.264
310.559 101.264
310.821 106.263
311.082 104.263
311.343 110.263
311.604 108.262
311.865 106.262
312.126 106.261
312.387 105.261
312.648 114.260
312.909 107.260
313.170 113.259
313.437 107.259
313.704 103.258
313.971 106.258
314.238 107.258
314.504 111.257
314.771 108.257
315.038 106.256
315.305 110.256
315.572 115.255
315.839 113.255
316.106 104.254
316.373 113.254
316.640 108.253
316.906 106.253
317.173 103.253
317.440 117.252
317.707 113.252
317.974 109.251
318.241 111.251
318.508 106.250
318.775 108.250
319.042 120.249
319.308 109.249
319.575 111.248
319.842 107.248
320.109 116.248
320.376 107.247
320.643 111.247
320.910 118.246
321.177 115.246
321.444 102.245
321.710 111.245
321.977 108.244
322.244 109.244
322.511 110.243
322.778 111.243
323.045 113.242
323.312 124.242
323.579 116.241
323.846 113.241
324.112 106.241
324.379 117.240
324.646 112.240
324.913 117.239
325.180 107.239
325.447 115.238
325.714 117.238
325.981 115.237
326.248 112.237
326.514 106.236
326.781 114.236
327.048 111.235
327.315 113.235
327.582 116.234
327.849 120.234
328.116 116.233
328.383 112.233
328.649 114.233
328.916 118.232
329.183 111.232
329.450 115.231
329.717 121.231
329.984 115.230
330.251 116.230
330.518 109.229
330.785 114.229
331.051 119.228
331.318 121.228
331.585 116.227
331.852 128.227
332.119 122.226
332.386 126.226
332.653 123.225
332.920 132.225
333.187 120.224
333.453 122.224
333.720 132.223
333.987 129.223
334.254 123.222
334.521 131.222
334.788 130.221
335.055 146.221
335.322 142.221
335.589 143.220
335.855 142.220
336.122 153.219
336.389 149.219
336.656 157.218
336.923 152.218
337.190 147.217
337.457 164.217
337.724 167.216
337.991 170.216
338.257 171.215
338.524 179.215
338.791 182.214
339.058 177.214
339.325 188.213
339.592 190.213
339.859 193.212
340.126 201.212
340.393 214.211
340.659 218.211
340.926 221.210
341.193 219.210
341.460 237.209
341.727 246.209
341.994 253.208
342.261 253.208
342.528 259.207
342.795 266.207
343.061 274.206
343.328 288.206
343.595 297.205
343.862 295.205
344.129 307.204
344.396 327.204
344.663 332.203
344.930 349.203
345.197 344.202
345.463 357.202
345.730 383.201
345.997 387.201
346.264 399.200
346.531 408.200
346.798 422.199
347.065 433.199
347.332 443.198
347.599 444.198
347.865 460.197
348.132 477.197
348.399 486.196
348.666 503.196
348.933 523.195
349.200 536.195
349.467 533.194
349.734 565.194
350.001 576.193
350.267 582.193
350.534 591.192
350.801 615.192
351.068 625.191
351.335 634.191
351.602 648.190
351.869 657.189
352.136 677.189
352.402 689.188
352.669 706.188
352.936 727.187
353.203 721.187
353.470 740.186
353.737 759.186
354.004 780.185
354.271 790.185
354.538 814.184
354.804 834.184
355.071 841.183
355.338 851.183
355.605 862.182
355.872 883.182
356.139 898.181
356.406 930.181
356.673 933.180
356.940 956.180
357.206 975.865
357.473 995.100
357.740 1016.408
358.007 1044.104
358.274 1051.097
358.541 1071.390
358.808 1105.548
359.075 1121.856
359.342 1145.948
359.608 1168.717
359.875 1176.348
360.142 1213.801
360.409 1213.141
360.676 1255.607
360.943 1266.431
361.210 1290.898
361.477 1308.190
361.744 1338.044
362.010 1348.409
362.277 1372.704
362.544 1399.967
362.811 1396.205
363.078 1420.404
363.345 1454.338
363.612 1483.191
363.879 1506.034
364.146 1515.552
364.412 1543.214
364.679 1580.198
364.946 1594.129
365.213 1614.647
365.480 1626.669
365.748 1643.418
366.017 1665.753
366.285 1687.266
366.553 1707.146
366.822 1737.305
367.090 1750.174
367.358 1766.549
367.627 1787.619
367.895 1798.410
368.164 1822.860
368.432 1836.076
368.700 1873.787
368.969 1902.069
369.237 1887.700
369.505 1913.409
369.774 1927.081
370.042 1948.946
370.310 1958.876
370.579 1984.562
370.847 2024.862
371.115 2031.630
371.384 2030.336
371.652 2051.392
371.921 2068.019
372.189 2066.536
372.457 2091.786
372.726 2133.126
372.994 2128.766
373.262 2152.555
373.531 2150.876
373.799 2159.852
374.067 2175.270
374.336 2189.851
374.604 2197.960
374.872 2227.880
375.141 2244.139
375.409 2257.831
375.678 2257.235
375.946 2275.153
376.214 2277.990
376.483 2306.761
376.751 2307.926
377.019 2314.466
377.288 2339.223
377.556 2356.445
377.824 2379.717
378.093 2380.895
378.361 2392.009
378.629 2424.582
378.898 2452.551
379.166 2471.236
379.435 2468.592
379.703 2482.495
379.971 2501.742
380.240 2532.261
380.508 2546.081
380.776 2548.217
381.045 2564.569
381.313 2612.318
381.581 2616.751
381.850 2646.819
382.118 2688.310
382.386 2683.559
382.655 2693.426
382.923 2731.607
383.192 2750.403
383.460 2772.178
383.728 2787.526
383.997 2822.714
384.265 2863.280
384.533 2889.981
384.802 2927.856
385.070 2948.296
385.338 3003.396
385.607 3016.364
385.875 3015.232
386.143 3048.936
386.412 3093.506
386.680 3131.507
386.948 3149.316
387.217 3186.605
387.485 3218.843
387.754 3235.995
388.022 3274.336
388.290 3305.228
388.559 3353.385
388.827 3400.342
389.095 3433.057
389.364 3441.171
389.632 3488.696
389.900 3520.773
390.169 3547.351
390.437 3597.508
390.705 3599.685
390.974 3666.785
391.242 3719.206
391.511 3735.251
391.779 3764.948
392.047 3816.727
392.316 3850.491
392.584 3926.361
392.852 3958.177
393.121 3988.296
393.389 4042.092
393.657 4074.065
393.926 4109.317
394.194 4154.119
394.462 4179.212
394.731 4232.765
394.999 4291.595
395.268 4319.254
395.536 4361.807
395.804 4401.587
396.073 4438.198
396.341 4487.444
396.609 4504.312
396.878 4589.142
397.146 4622.205
397.414 4668.869
397.683 4720.687
397.951 4738.818
398.219 4801.776
398.488 4859.488
398.756 4889.217
399.025 4954.927
399.293 5022.061
399.561 5037.672
399.830 5107.833
400.098 5167.983
400.366 5209.078
400.635 5259.505
400.903 5291.626
401.171 5345.241
401.440 5423.729
401.708 5462.993
401.976 5515.271
402.245 5547.060
402.513 5611.605
402.782 5671.994
403.050 5714.072
403.318 5749.562
403.587 5814.744
403.855 5877.826
404.123 5916.401
404.392 5964.554
404.660 6019.935
404.934 6094.223
405.207 6123.511
405.481 6199.241
405.754 6246.410
406.028 6313.104
406.301 6354.375
406.575 6380.329
406.848 6449.291
407.122 6496.931
407.395 6556.332
407.669 6611.827
407.942 6666.390
408.216 6733.757
408.489 6767.368
408.763 6821.500
409.036 6892.816
409.310 6934.032
409.583 6968.623
409.857 7024.229
410.130 7117.839
410.404 7136.193
410.677 7191.289
410.951 7252.687
411.224 7289.209
411.498 7316.731
411.771 7405.074
412.045 7412.745
412.318 7491.746
412.592 7528.559
412.865 7580.806
413.139 7635.391
413.412 7683.617
413.686 7741.029
413.959 7819.645
414.233 7864.115
414.506 7901.595
414.780 7965.219
415.053 8028.773
415.327 8060.320
415.600 8142.035
415.874 8168.923
416.147 8248.783
416.421 8298.528
416.694 8335.410
416.968 8400.252
417.241 8494.988
417.515 8506.096
417.788 8567.016
418.062 8625.801
418.335 8691.503
418.609 8742.272
418.882 8794.634
419.156 8795.657
419.429 8863.453
419.703 8959.083
419.976 9016.010
420.250 9047.802
420.524 9115.693
420.797 9158.248
421.071 9192.882
421.344 9234.165
421.618 9295.672
421.891 9332.049
422.165 9416.952
422.438 9437.535
422.712 9547.749
422.985 9537.200
423.259 9584.359
423.532 9672.995
423.806 9708.076
424.079 9796.439
424.353 9845.031
424.626 9862.443
424.900 9885.488
425.173 9958.113
425.447 10013.028
425.720 10051.028
425.994 10102.129
426.267 10165.689
426.541 10207.649
426.814 10212.237
427.088 10279.141
427.361 10350.477
427.635 10354.148
427.908 10426.434
428.182 10440.223
428.455 10506.580
428.729 10528.189
429.002 10571.017
429.276 10625.019
429.549 10674.413
429.823 10676.074
430.096 10700.519
430.370 10759.331
430.643 10811.507
430.917 10855.000
431.190 10891.143
431.464 10922.392
431.737 10943.675
432.011 11001.020
432.284 11021.159
432.558 11085.438
432.831 11123.752
433.105 11126.262
433.378 11206.039
433.652 11216.658
433.925 11240.488
434.199 11312.632
434.472 11336.669
434.746 11430.005
435.019 11481.486
435.293 11451.649
435.566 11506.975
435.840 11547.172
436.119 11586.893
436.398 11647.469
436.677 11662.376
436.956 11676.237
437.235 11719.366
437.514 11708.659
437.793 11760.824
438.073 11772.858
438.352 11799.800
438.631 11856.858
438.910 11898.134
439.189 11898.431
439.468 11971.645
439.747 11994.139
440.026 12034.138
440.305 12087.796
440.584 12136.045
440.863 12165.359
441.142 12203.296
441.421 12252.907
441.700 12283.758
441.979 12328.142
442.258 12358.861
442.538 12392.600
442.817 12424.815
443.096 12452.942
443.375 12515.487
443.654 12549.934
443.933 12586.390
444.212 12669.894
444.491 12655.320
444.770 12735.131
445.049 12799.199
445.328 12857.400
445.607 12875.954
445.886 12943.170
446.165 12941.325
446.444 12990.181
446.723 13031.378
447.003 13043.154
447.282 13055.965
447.561 13156.315
447.840 13198.392
448.119 13238.113
448.398 13281.869
448.677 13359.453
448.956 13402.746
449.235 13428.824
449.514 13509.439
449.793 13530.904
450.072 13577.543
450.351 13627.848
450.630 13647.258
450.909 13694.742
451.188 13773.928
451.468 13837.499
451.747 13858.546
452.026 13899.859
452.305 13930.121
452.584 13976.655
452.863 14038.575
453.142 14085.149
453.421 14134.239
453.700 14199.751
453.979 14252.757
454.258 14271.382
454.537 14370.096
454.816 14422.083
455.095 14452.820
455.374 14535.811
455.653 14620.710
455.933 14633.419
456.212 14697.789
456.491 14755.342
456.770 14804.674
457.049 14917.641
457.328 14954.723
457.607 15050.407
457.886 15061.671
458.165 15120.189
458.444 15193.556
458.723 15258.171
459.002 15320.597
459.281 15366.469
459.560 15464.481
459.839 15528.685
460.119 15620.060
460.398 15671.731
460.677 15745.576
460.956 15834.975
461.235 15916.089
461.514 16005.045
461.793 16046.919
462.072 16181.098
462.351 16246.869
462.630 16331.906
462.909 16416.426
463.188 16534.552
463.467 16626.201
463.746 16708.556
464.025 16783.902
464.304 16894.449
464.584 16975.658
464.863 17057.500
465.142 17169.620
465.421 17254.211
465.700 17368.609
465.979 17452.086
466.258 17570.343
466.537 17667.593
466.816 17734.122
467.095 17866.384
467.374 17985.876
467.653 18051.019
467.932 18170.086
468.211 18270.916
468.490 18396.311
468.769 18479.914
469.049 18604.518
469.328 18721.912
469.607 18861.912
469.886 18954.911
470.165 19053.910
470.444 19198.107
470.723 19290.489
471.002 19448.252
471.281 19527.434
471.560 19642.548
471.839 19758.422
472.118 19867.507
472.397 19981.849
472.676 20094.280
472.955 20230.284
473.234 20321.832
473.514 20431.489
473.793 20567.439
474.072 20661.529
474.351 20818.262
474.630 20932.219
474.909 21018.095
475.188 21125.273
475.467 21285.318
475.746 21351.463
476.025 21492.792
476.304 21608.630
476.583 21716.353
476.862 21852.231
477.141 21988.674
477.420 22162.463
477.699 22174.376
477.979 22271.591
478.258 22400.088
478.537 22523.985
478.816 22615.266
479.095 22715.487
479.374 22855.995
479.653 22981.341
479.932 23043.088
480.211 23172.042
480.490 23284.706
480.769 23382.106
481.048 23522.108
481.327 23587.257
481.606 23713.123
481.885 23816.451
482.165 23905.570
482.444 24046.550
482.723 24166.016
483.002 24243.896
483.281 24404.653
483.560 24470.759
483.839 24597.159
484.118 24711.622
484.397 24788.844
484.676 24905.169
484.955 25013.388
485.234 25130.068
485.513 25201.942
485.792 25340.483
486.071 25379.920
486.350 25559.231
486.630 25609.003
486.909 25718.150
487.188 25759.979
487.467 25905.258
487.746 25962.547
488.025 26082.839
488.304 26162.545
488.583 26285.860
488.862 26352.486
489.141 26483.285
489.420 26568.617
489.699 26655.839
489.978 26710.155
490.257 26855.515
490.536 26915.483
490.815 27059.576
491.095 27098.507
491.374 27224.919
491.653 27304.145
491.932 27443.372
492.211 27551.635
492.490 27564.257
492.769 27718.940
493.048 27765.144
493.327 27860.326
493.606 28018.185
493.885 28080.202
494.164 28162.602
494.443 28281.053
494.722 28365.316
495.001 28450.694
495.280 28588.067
495.560 28655.039
495.839 28740.983
496.118 28818.195
496.397 28906.994
496.676 28984.707
496.955 29082.406
497.234 29166.997
497.513 29280.793
497.792 29360.992
498.071 29441.474
498.350 29526.986
498.629 29633.625
498.908 29750.325
499.187 29806.856
499.466 29920.423
499.745 29966.653
500.025 30115.512
500.304 30171.676
500.583 30187.567
500.862 30379.473
501.141 30461.043
501.420 30457.560
501.699 30515.391
501.978 30673.198
502.257 30744.020
502.536 30845.575
502.815 30874.808
503.094 30980.615
503.373 31089.705
503.652 31088.694
503.931 31223.262
504.211 31317.939
504.490 31364.544
504.769 31436.036
505.048 31539.354
505.327 31578.906
505.606 31671.879
505.885 31755.894
506.164 31813.820
506.443 31885.858
506.722 31938.694
507.001 32037.509
507.280 32079.302
507.559 32150.965
507.838 32275.121
508.117 32291.497
508.396 32375.811
508.676 32483.888
508.955 32500.809
509.234 32619.906
509.513 32645.936
509.792 32667.474
510.071 32746.447
510.350 32856.042
510.629 32907.376
510.908 32956.701
511.187 32987.469
511.466 33047.932
511.745 33139.262
512.024 33230.780
512.303 33179.916
512.582 33255.396
512.861 33359.690
513.141 33413.458
513.420 33464.056
513.699 33454.500
513.978 33531.813
514.257 33635.576
514.536 33614.372
514.815 33697.842
515.094 33740.919
515.373 33758.595
515.652 33782.243
515.931 33924.312
516.210 33940.467
516.489 33899.664
516.768 33999.763
517.047 34087.674
517.326 34058.469
517.606 34105.129
517.885 34135.674
518.164 34235.637
518.443 34290.561
518.722 34365.372
519.001 34417.905
519.280 34446.609
519.559 34495.333
519.838 34504.659
520.117 34568.806
520.396 34624.389
520.675 34697.021
520.954 34702.484
521.233 34733.217
521.512 34793.728
521.791 34862.860
522.071 34884.442
522.350 34997.813
522.629 34984.277
522.908 34988.179
523.187 35113.649
523.466 35114.393
523.745 35196.091
524.024 35247.586
524.303 35279.018
524.582 35298.597
524.861 35403.389
525.140 35445.147
525.419 35442.383
525.698 35444.400
525.977 35504.986
526.257 35584.504
526.536 35628.313
526.815 35657.210
527.094 35687.953
527.373 35723.648
527.652 35809.805
527.931 35837.499
528.210 35909.604
528.489 35882.200
528.768 35966.560
529.047 36059.450
529.326 36092.624
529.605 36122.838
529.884 36130.290
530.163 36199.541
530.442 36261.093
530.722 36239.085
531.001 36365.258
531.280 36370.588
531.559 36353.223
531.838 36418.440
532.117 36474.653
532.396 36499.250
532.675 36513.900
532.954 36593.855
533.233 36672.068
533.512 36686.569
533.791 36709.273
534.070 36719.679
534.349 36805.403
534.628 36800.851
534.907 36884.074
535.187 36899.239
535.466 36959.863
535.745 36963.657
536.024 36991.170
536.303 37055.738
536.582 37072.901
536.861 37112.931
537.140 37113.881
537.419 37205.417
537.698 37225.847
537.977 37208.471
538.256 37284.051
538.535 37243.973
538.814 37291.006
539.093 37314.883
539.372 37305.622
539.652 37402.950
539.931 37370.382
540.210 37474.739
540.489 37465.141
540.768 37493.931
541.047 37498.246
541.326 37566.994
541.605 37560.684
541.884 37637.184
542.163 37664.422
542.442 37645.836
542.721 37721.260
543.000 37689.467
543.279 37712.588
543.558 37670.197
543.837 37751.846
544.117 37785.389
544.396 37829.625
544.675 37762.221
544.954 37820.927
545.233 37901.024
545.512 37816.883
545.791 37860.402
546.070 37808.177
546.351 37816.880
546.632 37834.287
546.912 37828.483
547.193 37840.901
547.474 37855.421
547.755 37859.156
548.036 37818.983
548.317 37875.747
548.597 37935.765
548.878 37870.062
549.159 37864.258
549.440 37935.762
549.721 37861.355
550.001 37901.005
550.282 37913.577
550.563 37877.911
550.844 37899.166
551.125 37922.278
551.406 37912.774
551.686 37932.979
551.967 37936.000
552.248 37895.598
552.529 37930.212
552.810 37921.532
553.090 37865.859
553.371 37928.349
553.652 37911.092
553.933 37899.542
554.214 37851.703
554.495 37880.520
554.775 37875.716
555.056 37903.573
555.337 37890.123
555.618 37931.429
555.899 37941.994
556.179 37841.129
556.460 37901.552
556.741 37934.180
557.022 37932.384
557.303 37894.818
557.584 37908.101
557.864 37934.048
558.145 37883.902
558.426 37968.671
558.707 37960.895
558.988 37965.668
559.268 37935.599
559.549 37911.091
559.830 37856.754
560.111 37838.790
560.392 37903.810
560.673 37927.894
560.953 37967.121
561.234 38062.840
561.515 38010.478
561.796 37908.597
562.077 37930.288
562.357 37851.628
562.638 37910.856
562.919 37837.749
563.200 37974.509
563.481 38015.663
563.762 37989.531
564.042 37896.063
564.323 37842.953
564.604 37784.502
564.885 37787.303
565.166 37749.574
565.446 37827.020
565.727 37873.308
566.008 37868.390
566.289 37790.689
566.570 37779.025
566.851 37792.705
567.131 37739.747
567.412 37722.905
567.693 37659.204
567.974 37687.001
568.255 37652.522
568.535 37605.379
568.816 37572.707
569.097 37616.025
569.378 37559.679
569.659 37572.275
569.940 37576.286
570.220 37518.110
570.501 37581.462
570.782 37525.129
571.063 37479.511
571.344 37496.039
571.624 37395.341
571.905 37374.673
572.186 37363.638
572.467 37341.914
572.748 37359.342
573.029 37343.605
573.309 37383.846
573.590 37378.189
573.871 37332.535
574.152 37250.039
574.433 37281.225
574.713 37271.710
574.994 37203.758
575.275 37174.933
575.556 37054.862
575.837 37112.431
576.118 37079.163
576.398 37047.961
576.679 37020.714
576.960 37005.582
577.252 37024.773
577.543 36968.206
577.835 36930.831
578.127 36883.355
578.418 36799.515
578.710 36800.322
579.002 36738.907
579.293 36665.168
579.585 36693.220
579.877 36645.192
580.168 36596.459
580.460 36561.495
580.752 36579.359
581.043 36497.463
581.335 36490.833
581.627 36367.488
581.918 36408.492
582.210 36318.511
582.502 36275.565
582.793 36273.334
583.085 36283.881
583.376 36164.783
583.668 36177.832
583.960 36136.735
584.251 36128.610
584.543 36023.261
584.835 35988.099
585.126 35931.078
585.418 35874.989
585.710 35843.705
586.001 35739.862
586.293 35703.939
586.585 35685.594
586.876 35586.099
587.168 35513.029
587.460 35501.026
587.751 35453.905
588.043 35451.708
588.335 35351.341
588.626 35267.306
588.918 35262.328
589.210 35141.550
589.501 35121.677
589.793 35066.951
590.085 35117.831
590.376 34963.496
590.668 34977.188
590.960 34911.415
591.251 34835.948
591.543 34748.898
591.835 34746.234
592.126 34666.091
592.418 34610.296
592.710 34563.988
593.001 34523.990
593.293 34460.378
593.585 34372.676
593.876 34314.921
594.168 34271.359
594.460 34170.899
594.751 34130.168
595.043 34047.688
595.334 33997.258
595.626 33960.734
595.918 33844.728
596.209 33829.322
596.501 33731.655
596.793 33737.540
597.084 33580.039
597.376 33522.535
597.668 33464.406
597.959 33430.422
598.251 33300.786
598.543 33257.728
598.834 33140.245
599.126 33121.019
599.418 33080.113
599.709 33005.845
600.001 32900.347
600.293 32852.824
600.584 32822.650
600.876 32736.442
601.168 32640.535
601.459 32597.430
601.751 32552.766
602.043 32436.260
602.334 32358.588
602.626 32264.166
602.918 32237.509
603.209 32170.697
603.501 32162.075
603.793 32053.295
604.084 31958.453
604.376 31857.421
604.668 31829.462
604.959 31745.590
605.251 31648.117
605.543 31586.447
605.834 31567.556
606.126 31504.723
606.418 31419.325
606.709 31343.061
607.001 31250.417
607.292 31169.052
607.584 31104.603
607.876 31045.526
608.167 30929.671
608.459 30864.143
608.751 30761.649
609.042 30669.570
609.334 30653.509
609.626 30592.915
609.917 30528.681
610.209 30460.376
610.501 30429.425
610.792 30362.868
611.084 30282.607
611.376 30218.243
611.667 30167.938
611.959 30078.692
612.251 30005.657
612.542 29882.609
612.834 29832.662
613.126 29711.230
613.417 29644.492
613.709 29586.468
614.001 29557.760
614.292 29438.634
614.584 29379.847
614.876 29324.488
615.167 29266.885
615.459 29193.867
615.751 29093.090
616.042 29075.798
616.334 28940.222
616.626 28936.404
616.917 28885.796
617.209 28805.890
617.501 28771.846
617.792 28734.782
618.084 28677.493
618.376 28590.119
618.667 28545.333
618.959 28470.564
619.250 28436.540
619.542 28367.048
619.834 28343.033
620.125 28274.803
620.417 28210.378
620.709 28138.741
621.000 28103.889
621.292 28014.813
621.584 27975.183
621.875 27917.211
622.167 27859.238
622.459 27802.232
622.750 27737.750
623.042 27641.843
623.334 27607.058
623.625 27573.795
623.917 27501.741
624.209 27428.724
624.500 27351.353
624.792 27321.994
625.084 27271.605
625.375 27188.453
625.667 27132.323
625.959 27030.380
626.250 27022.634
626.542 26940.942
626.834 26898.040
627.125 26835.400
627.417 26786.618
627.709 26717.773
628.000 26644.458
628.292 26574.220
628.584 26512.037
628.875 26474.265
629.167 26439.366
629.459 26394.953
629.750 26342.787
630.042 26282.039
630.334 26176.619
630.625 26136.627
630.917 26127.985
631.208 25997.290
631.500 25918.081
631.792 25896.879
632.083 25849.163
632.375 25786.112
632.667 25748.758
632.958 25656.254
633.250 25651.904
633.542 25587.011
633.833 25546.984
634.125 25456.989
634.417 25421.194
634.708 25377.643
635.000 25302.265
635.292 25259.091
635.583 25196.399
635.875 25161.171
636.167 25088.117
636.458 25101.349
636.750 25089.034
637.042 24960.031
637.333 24939.989
637.625 24860.088
637.917 24822.758
638.208 24783.308
638.500 24736.593
638.792 24728.479
639.083 24621.651
639.375 24598.253
639.667 24544.601
639.958 24513.328
640.250 24461.521
640.542 24435.112
640.833 24385.997
641.125 24357.409
641.417 24337.018
641.708 24307.594
642.000 24265.536
642.292 24235.372
642.583 24246.672
642.875 24162.649
643.166 24140.647
643.458 24135.742
643.750 24116.845
644.041 24124.021
644.333 24069.299
644.625 24069.233
644.916 24049.803
645.208 24040.573
645.500 23990.076
645.791 23970.808
646.083 23952.545
646.375 23919.576
646.666 23926.901
646.958 23904.921
647.250 23891.183
647.541 23877.333
647.833 23859.129
648.125 23859.786
648.416 23809.326
648.708 23775.885
649.000 23774.046
649.291 23778.436
649.583 23764.418
649.875 23740.919
650.166 23715.748
650.458 23714.295
650.750 23715.881
651.041 23678.544
651.333 23673.909
651.625 23622.234
651.916 23626.181
652.208 23616.163
652.500 23564.903
652.791 23569.691
653.083 23482.404
653.375 23464.612
653.666 23492.174
653.958 23494.969
654.250 23484.175
654.541 23431.106
654.833 23424.931
655.124 23386.246
655.416 23398.802
655.708 23412.378
655.999 23366.150
656.291 23322.113
656.583 23328.087
656.874 23339.123
657.166 23256.735
657.458 23319.839
657.749 23249.629
658.041 23238.468
658.333 23276.979
658.624 23232.479
658.916 23234.382
659.208 23210.772
659.499 23191.887
659.791 23162.305
660.083 23158.638
660.374 23158.788
660.666 23169.464
660.958 23133.226
661.249 23130.226
661.541 23129.516
661.833 23115.132
662.124 23096.139
662.416 23108.730
662.708 23094.396
662.999 23056.858
663.291 23041.497
663.583 23061.845
663.874 23043.504
664.166 23024.220
664.458 23019.406
664.749 23002.964
665.041 23034.944
665.333 22971.017
665.624 22988.418
665.916 22967.077
666.208 22929.180
666.499 22945.630
666.791 22973.760
667.082 22895.092
667.374 22890.017
667.666 22867.620
667.957 22850.774
668.249 22851.748
668.541 22896.321
668.832 22838.747
669.124 22815.104
669.416 22811.798
669.707 22776.283
669.999 22778.244
670.291 22744.625
670.582 22811.050
670.874 22769.482
671.166 22756.672
671.457 22734.472
671.749 22704.855
672.041 22720.372
672.332 22711.477
672.624 22669.320
672.916 22633.674
673.207 22625.009
673.499 22635.558
673.791 22619.289
674.082 22635.192
674.374 22584.662
674.666 22574.700
674.957 22562.871
675.249 22555.883
675.541 22507.977
675.832 22513.478
676.124 22487.477
676.416 22535.057
676.707 22472.931
676.999 22468.921
677.291 22461.829
677.582 22455.802
677.874 22398.972
678.166 22401.384
678.457 22429.409
678.749 22374.971
679.040 22368.284
679.332 22329.260
679.624 22337.680
679.915 22311.704
680.207 22298.846
680.499 22259.330
680.790 22288.281
681.082 22235.487
681.374 22214.383
681.665 22236.980
681.957 22129.144
682.249 22143.531
682.540 22112.074
682.832 22069.188
683.124 22079.613
683.415 22070.418
683.707 22098.195
683.999 22067.487
684.290 21994.808
684.582 22013.248
684.874 21993.773
685.165 21937.425
685.457 21933.187
685.749 21914.705
686.040 21868.366
686.332 21834.618
686.624 21821.930
686.915 21794.362
687.207 21782.607
687.499 21747.850
687.790 21806.922
688.082 21755.320
688.374 21697.527
688.665 21685.141
688.957 21632.507
689.249 21644.889
689.540 21565.423
689.832 21588.125
690.124 21509.185
690.415 21495.753
690.707 21471.444
690.998 21437.897
691.290 21405.256
691.582 21406.288
691.873 21365.954
692.165 21345.270
692.457 21324.921
692.748 21273.911
693.040 21247.533
693.332 21215.183
693.623 21200.896
693.915 21156.335
694.207 21119.150
694.498 21074.388
694.790 21042.338
695.082 21057.940
695.373 21000.884
695.665 20993.620
695.957 20888.961
696.248 20860.980
696.540 20844.236
696.836 20814.343
697.133 20783.028
697.429 20732.473
697.725 20720.783
698.021 20674.437
698.318 20645.052
698.614 20590.308
698.910 20584.275
699.207 20536.049
699.503 20487.392
699.799 20488.954
700.095 20377.266
700.392 20374.162
700.688 20342.101
700.984 20250.578
701.281 20246.448
701.577 20206.411
701.873 20198.349
702.169 20173.169
702.466 20111.247
702.762 20045.151
703.058 20024.530
703.355 19966.830
703.651 19949.320
703.947 19913.361
704.243 19852.811
704.540 19795.465
704.836 19752.087
705.132 19704.388
705.428 19703.055
705.725 19641.819
706.021 19559.643
706.317 19557.140
706.614 19516.684
706.910 19461.927
707.206 19388.305
707.502 19361.717
707.799 19333.085
708.095 19284.444
708.391 19210.972
708.688 19214.832
708.984 19164.881
709.280 19075.021
709.576 19039.453
709.873 18973.314
710.169 18944.856
710.465 18877.905
710.762 18864.704
711.058 18783.923
711.354 18771.531
711.650 18675.837
711.947 18656.604
712.243 18592.649
712.539 18559.313
712.836 18499.210
713.132 18471.487
713.428 18436.202
713.724 18376.724
714.021 18310.884
714.317 18307.860
714.613 18199.701
714.910 18126.205
715.206 18085.956
715.502 18057.927
715.798 17979.673
716.095 17935.497
716.391 17909.598
716.687 17818.504
716.984 17790.474
717.280 17729.410
717.576 17694.679
717.872 17655.331
718.169 17578.674
718.465 17543.671
718.761 17492.669
719.058 17451.666
719.354 17379.285
719.650 17375.036
719.946 17302.659
720.243 17251.159
720.539 17174.654
720.835 17111.763
721.131 17072.649
721.428 17045.692
721.724 17024.693
722.020 16976.618
722.317 16875.515
722.613 16882.401
722.909 16823.457
723.205 16765.162
723.502 16710.629
723.798 16675.302
724.094 16670.624
724.391 16648.621
724.687 16577.042
724.983 16498.619
725.279 16428.898
725.576 16443.281
725.872 16384.072
726.168 16319.329
726.465 16275.227
726.761 16208.351
727.057 16149.551
727.353 16088.885
727.650 16076.061
727.946 16026.406
728.242 15978.758
728.539 15938.081
728.835 15898.496
729.131 15817.406
729.427 15775.052
729.724 15713.724
730.020 15646.811
730.316 15596.413
730.613 15558.861
730.909 15549.520
731.205 15456.626
731.501 15391.084
731.798 15372.344
732.094 15309.530
732.390 15238.732
732.687 15201.725
732.983 15147.191
733.279 15063.527
733.575 15009.391
733.872 14969.034
734.168 14937.535
734.464 14873.556
734.761 14801.110
735.057 14772.397
735.353 14694.715
735.649 14648.152
735.946 14602.671
736.242 14524.550
736.538 14491.664
736.835 14439.598
737.131 14354.073
737.427 14295.594
737.723 14263.238
738.020 14208.743
738.316 14137.608
738.612 14070.024
738.909 14023.032
739.205 13973.055
739.501 13973.026
739.797 13863.487
740.094 13814.742
740.390 13754.871
740.686 13701.345
740.982 13679.523
741.279 13594.790
741.575 13559.713
741.871 13484.799
742.168 13445.114
742.464 13407.893
742.760 13325.618
743.056 13303.683
743.353 13236.199
743.649 13187.694
743.945 13127.031
744.242 13091.790
744.538 13056.479
744.834 12968.075
745.130 12939.522
745.427 12884.510
745.723 12826.550
746.019 12781.146
746.316 12745.745
746.612 12705.137
746.908 12599.819
747.204 12573.661
747.501 12536.365
747.797 12472.843
748.093 12459.966
748.390 12392.902
748.686 12357.749
748.982 12286.387
749.278 12214.816
749.575 12195.050
749.871 12163.750
750.167 12117.213
750.464 12065.790
750.760 11984.518
751.056 11940.966
751.352 11869.547
751.649 11861.341
751.945 11816.651
752.241 11757.817
752.538 11670.667
752.834 11646.128
753.130 11558.563
753.426 11592.575
753.723 11522.260
754.019 11433.480
754.315 11404.535
754.611 11374.341
754.908 11299.039
755.204 11251.335
755.500 11192.332
755.797 11191.904
756.093 11096.326
756.389 11050.423
756.685 10997.314
756.982 10956.185
757.278 10914.056
757.574 10872.802
757.871 10804.526
758.167 10758.338
758.463 10714.445
758.759 10651.252
759.056 10577.606
759.352 10528.406
759.648 10481.214
759.945 10422.978
760.241 10411.754
760.537 10357.784
760.833 10291.023
761.130 10246.754
761.426 10189.217
761.722 10148.156
762.019 10127.283
762.315 10035.474
762.611 10003.281
762.907 9941.848
763.204 9907.419
763.500 9867.928
763.802 9793.177
764.104 9748.476
764.406 9717.128
764.708 9673.998
765.010 9620.054
765.312 9584.833
765.615 9521.485
765.917 9477.914
766.219 9446.579
766.521 9382.811
766.823 9337.261
767.125 9306.191
767.427 9259.845
767.729 9229.649
768.031 9153.504
768.333 9099.795
768.635 9065.172
768.937 9045.973
769.239 8996.122
769.542 8919.903
769.844 8862.990
770.146 8819.287
770.448 8791.633
770.750 8739.483
771.052 8713.295
771.354 8668.874
771.656 8623.766
771.958 8563.872
772.260 8536.346
772.562 8464.987
772.864 8432.364
773.166 8392.386
773.468 8367.868
773.771 8314.048
774.073 8257.281
774.375 8220.994
774.677 8181.114
774.979 8118.738
775.281 8086.948
775.583 8052.376
775.885 7985.789
776.187 7953.961
776.489 7921.218
776.791 7870.877
777.093 7823.514
777.395 7774.229
777.698 7745.216
778.000 7702.047
778.302 7661.614
778.604 7635.139
778.906 7572.690
779.208 7549.565
779.510 7491.830
779.812 7474.790
780.114 7399.039
780.416 7355.072
780.718 7315.527
781.020 7286.953
781.322 7258.320
781.625 7211.014
781.927 7166.199
782.229 7116.902
782.531 7074.499
782.833 7039.376
783.135 7004.171
783.437 6957.632
783.739 6917.126
784.041 6890.065
784.343 6837.157
784.645 6774.913
784.947 6777.790
785.249 6707.909
785.552 6697.922
785.854 6635.038
786.156 6600.624
786.458 6546.494
786.760 6524.049
787.062 6487.408
787.364 6441.746
787.666 6399.979
787.968 6343.824
788.270 6315.372
788.572 6260.516
788.874 6226.419
789.176 6207.587
789.478 6158.298
789.781 6137.186
790.083 6107.739
790.385 6069.314
790.687 6024.565
790.989 5984.963
791.291 5952.722
791.593 5922.758
791.895 5874.117
792.197 5865.800
792.499 5821.421
792.801 5796.904
793.103 5728.449
793.405 5702.694
793.708 5669.428
794.010 5640.839
794.312 5591.969
794.614 5560.656
794.916 5520.696
795.218 5480.732
795.520 5465.266
795.822 5407.517
796.124 5381.630
796.426 5346.956
796.728 5306.740
797.030 5275.465
797.332 5243.269
797.635 5216.465
797.937 5168.091
798.239 5147.797
798.541 5114.095
798.843 5084.475
799.145 5035.359
799.447 5014.411
799.749 4984.216
800.051 4942.826
800.353 4910.790
800.655 4864.762
800.957 4825.763
801.259 4801.247
801.562 4741.076
801.864 4737.504
802.166 4712.475
802.468 4672.241
802.770 4637.263
803.072 4598.971
803.374 4576.000
803.676 4552.409
803.978 4522.524
804.280 4487.674
804.582 4459.989
804.884 4420.446
805.186 4399.560
805.488 4367.389
805.791 4341.071
806.093 4300.943
806.395 4285.744
806.697 4257.424
806.999 4226.248
807.301 4184.154
807.603 4185.137
807.905 4141.183
808.207 4107.780
808.509 4083.055
808.811 4059.405
809.113 4015.325
809.415 4009.468
809.718 3957.961
810.020 3945.283
810.322 3908.616
810.624 3880.627
810.926 3870.100
811.228 3839.459
811.530 3795.448
811.834 3773.505
812.139 3757.605
812.443 3740.061
812.748 3697.660
813.052 3694.486
813.357 3666.332
813.661 3628.370
813.966 3613.425
814.270 3602.904
814.574 3560.719
814.879 3543.104
815.183 3527.765
815.488 3487.258
815.792 3462.564
816.097 3432.552
816.401 3413.126
816.706 3397.535
817.010 3372.243
817.314 3368.437
817.619 3336.433
817.923 3309.493
818.228 3282.069
818.532 3267.660
818.837 3246.042
819.141 3218.757
819.445 3189.521
819.750 3181.142
820.054 3151.382
820.359 3114.485
820.663 3108.783
820.968 3106.131
821.272 3067.053
821.577 3051.839
821.881 3032.855
822.185 3025.311
822.490 2993.818
822.794 2966.175
823.099 2938.467
823.403 2930.630
823.708 2904.015
824.012 2885.646
824.317 2865.546
824.621 2848.316
824.925 2824.052
825.230 2802.955
825.534 2772.488
825.839 2776.845
826.143 2741.084
826.448 2744.431
826.752 2713.628
827.057 2689.628
827.361 2662.597
827.665 2659.038
827.970 2655.165
828.274 2624.817
828.579 2609.157
828.883 2597.502
829.188 2595.163
829.492 2556.395
829.796 2541.867
830.101 2532.169
830.405 2502.352
830.710 2498.920
831.014 2482.233
831.319 2468.888
831.623 2440.340
831.928 2424.858
832.232 2403.135
832.536 2401.950
832.841 2382.541
833.145 2372.383
833.450 2359.560
833.754 2335.674
834.059 2329.360
834.363 2308.726
834.668 2282.621
834.972 2265.129
835.276 2276.435
835.581 2240.769
835.885 2237.217
836.190 2228.051
836.494 2214.888
836.799 2199.497
837.103 2194.411
837.407 2172.574
837.712 2164.582
838.016 2162.869
838.321 2119.018
838.625 2116.300
838.930 2110.361
839.234 2093.154
839.539 2077.669
839.843 2068.588
840.147 2057.255
840.452 2045.947
840.756 2032.476
841.061 2021.080
841.365 1999.199
841.670 1998.145
841.974 1991.864
842.279 1980.290
842.583 1961.316
842.887 1958.112
843.192 1935.799
843.496 1925.155
843.801 1921.647
844.105 1912.965
844.410 1901.152
844.714 1885.872
845.019 1885.500
845.323 1872.222
845.627 1862.094
845.932 1852.824
846.236 1836.034
846.541 1822.018
846.845 1819.737
847.150 1812.305
847.454 1788.158
847.758 1797.906
848.063 1783.767
848.367 1774.396
848.672 1758.043
848.976 1753.808
849.281 1739.590
849.585 1734.126
849.890 1730.695
850.194 1710.622
850.498 1712.576
850.803 1690.096
851.107 1701.913
851.412 1669.038
851.716 1667.497
852.021 1662.904
852.325 1641.930
852.630 1643.476
852.934 1636.301
853.238 1629.876
853.543 1623.185
853.847 1608.620
854.152 1612.629
854.456 1606.310
854.761 1589.949
855.065 1578.124
855.370 1573.800
855.674 1544.639
855.978 1565.915
856.283 1560.764
856.587 1536.343
856.892 1534.671
857.196 1524.177
857.501 1521.365
857.805 1500.479
858.109 1499.941
858.414 1500.461
858.718 1494.689
859.023 1485.906
859.327 1475.567
859.632 1469.596
859.936 1459.479
860.241 1452.696
860.545 1441.313
860.849 1448.586
861.154 1440.889
861.458 1425.754
861.763 1413.159
862.067 1413.260
862.372 1414.981
862.676 1412.145
862.981 1407.050
863.285 1400.241
863.589 1398.693
863.894 1389.318
864.198 1384.015
864.503 1386.133
864.807 1380.152
865.112 1373.058
865.416 1380.234
865.721 1371.538
866.025 1359.960
866.329 1355.486
866.634 1348.919
866.938 1356.543
867.243 1351.541
867.547 1347.213
867.852 1342.298
868.156 1326.401
868.460 1333.410
868.765 1328.248
869.069 1334.917
869.374 1324.621
869.678 1312.536
869.983 1308.066
870.287 1318.335
870.592 1312.576
870.896 1312.627
871.200 1313.523
871.505 1305.954
871.809 1298.183
872.114 1297.276
872.418 1294.935
872.723 1281.682
873.027 1282.832
873.332 1292.107
873.636 1296.347
873.940 1278.957
874.245 1283.712
874.549 1283.706
874.854 1274.029
875.158 1274.767
875.463 1270.652
875.767 1268.840
876.072 1272.941
876.376 1259.126
876.680 1262.975
876.985 1251.881
877.289 1254.819
877.594 1237.143
877.898 1239.640
878.203 1226.047
878.507 1237.601
878.811 1237.335
879.116 1232.581
879.420 1231.181
879.725 1218.064
880.029 1220.671
880.334 1218.250
880.638 1215.914
880.943 1218.437
881.247 1208.629
881.551 1198.443
881.856 1198.979
882.160 1198.431
882.465 1194.237
882.769 1188.258
883.074 1178.594
883.378 1190.233
883.683 1187.503
883.987 1188.576
884.291 1191.124
884.596 1188.222
884.900 1195.100
885.205 1189.290
885.509 1185.078
885.814 1200.903
886.118 1211.454
886.423 1210.156
886.727 1206.892
887.031 1209.616
887.336 1215.462
887.640 1217.081
887.945 1224.062
888.249 1224.559
888.554 1227.703
888.858 1218.166
889.162 1229.727
889.467 1236.552
889.771 1230.135
890.076 1243.642
890.380 1232.167
890.685 1249.347
890.989 1241.320
891.294 1240.177
891.598 1248.179
891.902 1252.532
892.207 1247.938
892.511 1260.776
892.816 1255.499
893.120 1250.443
893.425 1261.717
893.729 1254.796
894.034 1239.605
894.338 1253.411
894.642 1252.949
894.947 1249.945
895.251 1238.396
895.556 1248.776
895.860 1259.176
896.165 1252.693
896.469 1243.662
896.774 1252.680
897.078 1251.289
897.382 1249.660
897.687 1253.599
897.991 1251.969
898.296 1257.778
898.600 1255.911
898.905 1253.349
899.209 1249.851
899.513 1234.933
899.818 1252.869
900.122 1254.269
900.427 1247.258
900.731 1255.886
901.036 1258.680
901.340 1236.928
901.645 1246.989
901.949 1247.445
902.253 1254.936
902.558 1255.408
902.862 1245.780
903.167 1245.526
903.471 1239.649
903.776 1242.205
904.080 1236.320
904.385 1238.196
904.689 1239.582
904.993 1248.534
905.298 1239.076
905.602 1242.592
905.907 1238.793
906.211 1237.388
906.516 1229.083
906.820 1234.700
907.125 1228.338
907.429 1233.512
907.733 1234.678
908.038 1236.295
908.342 1228.661
908.647 1229.388
908.951 1220.599
909.256 1218.361
909.560 1235.529
909.864 1238.340
910.169 1221.624
910.473 1237.140
910.778 1225.123
911.082 1226.382
911.387 1230.639
911.691 1223.183
911.996 1227.446
912.300 1229.580
912.609 1217.491
912.918 1223.479
913.227 1217.476
913.537 1218.642
913.846 1216.497
914.155 1215.392
914.464 1222.369
914.773 1209.621
915.082 1217.176
915.391 1209.605
915.700 1212.512
916.010 1211.177
916.319 1213.118
916.628 1207.870
916.937 1212.749
917.246 1204.143
917.555 1208.823
917.864 1209.429
918.174 1200.598
918.483 1203.331
918.792 1203.922
919.101 1210.221
919.410 1200.370
919.719 1192.071
920.028 1202.922
920.337 1200.546
920.647 1201.727
920.956 1200.332
921.265 1198.935
921.574 1184.595
921.883 1180.606
922.192 1187.937
922.501 1183.126
922.811 1191.483
923.120 1188.853
923.429 1189.033
923.738 1193.845
924.047 1190.593
924.356 1184.548
924.665 1187.116
924.974 1179.215
925.284 1184.630
925.593 1180.573
925.902 1193.887
926.211 1182.676
926.520 1183.040
926.829 1184.052
927.138 1179.307
927.448 1180.690
927.757 1185.349
928.066 1182.069
928.375 1185.712
928.684 1175.766
928.993 1173.873
929.302 1178.364
929.611 1173.718
929.921 1168.002
930.230 1154.451
930.539 1172.509
930.848 1161.354
931.157 1167.972
931.466 1168.148
931.775 1169.031
932.085 1158.912
932.394 1157.275
932.703 1167.417
933.012 1165.076
933.321 1159.633
933.630 1160.318
933.939 1160.442
934.248 1171.092
934.558 1150.663
934.867 1152.179
935.176 1161.690
935.485 1165.082
935.794 1167.372
936.103 1158.380
936.412 1164.391
936.721 1166.961
937.031 1175.909
937.340 1181.332
937.649 1173.813
937.958 1195.483
938.267 1188.986
938.576 1203.684
938.885 1192.883
939.195 1199.472
939.504 1227.325
939.813 1216.119
940.122 1232.973
940.431 1232.865
940.740 1228.426
941.049 1227.517
941.359 1225.481
941.668 1233.658
941.977 1248.423
942.286 1244.014
942.595 1236.611
942.904 1226.302
943.213 1234.676
943.522 1226.941
943.832 1216.083
944.141 1229.062
944.450 1238.629
944.759 1223.115
945.068 1221.294
945.377 1225.522
945.686 1209.071
945.995 1209.600
946.305 1198.802
946.614 1208.356
946.923 1203.403
947.232 1198.491
947.541 1184.807
947.850 1193.661
948.159 1176.150
948.469 1181.658
948.778 1172.998
949.087 1159.784
949.396 1146.529
949.705 1134.601
950.014 1130.788
950.323 1132.051
950.632 1135.508
950.942 1137.428
951.251 1139.144
951.560 1112.907
951.869 1103.095
952.178 1104.857
952.487 1102.897
952.796 1076.850
953.106 1073.736
953.415 1066.837
953.724 1069.061
954.033 1067.552
954.342 1053.379
954.651 1056.768
954.960 1050.343
955.269 1040.134
955.579 1036.480
955.888 1032.601
956.197 1014.703
956.506 1024.005
956.815 1013.369
957.124 1010.925
957.433 982.001
957.743 991.296
958.052 983.302
958.361 979.934
958.670 970.952
958.979 970.078
959.288 974.584
959.597 956.971
959.906 958.211
960.216 944.219
960.525 940.971
960.834 930.352
961.143 923.193
961.452 927.915
961.761 922.754
962.070 923.237
962.380 904.383
962.689 901.699
962.998 896.719
963.307 881.617
963.616 883.947
963.925 888.706
964.234 872.954
964.543 873.976
964.853 888.672
965.162 869.101
965.471 859.572
965.780 853.031
966.095 855.194
966.410 851.022
966.725 839.932
967.040 844.886
967.356 827.029
967.671 825.017
967.986 833.005
968.301 827.993
968.616 823.981
968.931 827.969
969.246 818.957
969.561 831.945
969.876 828.933
970.192 821.921
970.507 821.909
970.822 809.897
971.137 818.885
971.452 806.872
971.767 812.860
972.082 824.848
972.397 812.836
972.712 810.823
973.028 807.811
973.343 814.798
973.658 804.786
973.973 797.774
974.288 798.761
974.603 793.749
974.918 797.736
975.233 800.723
975.548 807.711
975.864 799.698
976.179 792.685
976.494 791.673
976.809 796.660
977.124 797.647
977.439 792.634
977.754 793.622
978.069 785.609
978.384 786.596
978.700 776.583
979.015 789.570
979.330 778.557
979.645 780.544
979.960 780.531
980.275 768.518
980.590 770.505
980.905 774.492
981.221 768.478
981.536 761.465
981.851 751.452
982.166 754.439
982.481 763.425
982.796 749.412
983.111 761.399
983.426 762.385
983.741 762.372
984.057 753.359
984.372 754.345
984.687 746.331
985.002 744.318
985.317 735.304
985.632 749.291
985.947 736.277
986.262 735.263
986.577 737.250
986.893 742.236
987.208 733.222
987.523 737.208
987.838 723.194
988.153 725.181
988.468 745.167
988.783 728.153
989.098 728.139
989.413 723.125
989.729 727.111
990.044 725.096
990.359 722.082
990.674 729.068
990.989 726.054
991.304 722.040
991.619 731.025
991.934 727.011
992.249 734.997
992.565 722.982
992.880 723.968
993.195 719.954
993.510 728.939
993.825 715.925
994.140 717.910
994.455 724.895
994.770 725.881
995.085 722.866
995.401 736.851
995.716 720.837
996.031 732.822
996.346 726.807
996.661 726.792
996.976 727.777
997.291 726.762
997.606 719.748
997.921 722.733
998.237 729.718
998.552 726.702
998.867 727.687
999.182 737.672
999.497 740.657
999.812 742.642
1000.127 744.627
1000.442 734.611
1000.757 744.596
1001.073 738.581
1001.388 746.565
1001.703 741.550
1002.018 748.534
1002.333 755.519
1002.648 755.503
1002.963 781.488
1003.278 760.472
1003.593 756.456
1003.909 767.441
1004.224 769.425
1004.539 767.409
1004.854 766.393
1005.169 784.377
1005.484 780.361
1005.799 779.345
1006.114 786.329
1006.429 791.313
1006.745 780.297
1007.060 784.281
1007.375 798.265
1007.690 799.249
1008.005 793.233
1008.320 810.216
1008.635 803.200
1008.950 817.184
1009.265 817.167
1009.581 822.151
1009.896 828.134
1010.211 833.118
1010.526 831.101
1010.841 816.085
1011.156 828.068
1011.471 829.051
1011.786 835.035
1012.102 842.018
1012.417 850.001
1012.732 845.984
1013.047 851.967
1013.362 851.950
1013.677 855.933
1013.992 854.916
1014.307 849.899
1014.622 864.882
1014.938 865.865
1015.253 863.848
1015.568 869.831
1015.883 865.813
1016.198 869.796
1016.513 875.779
1016.828 881.761
1017.143 883.744
1017.458 886.726
1017.774 893.709
1018.089 895.691
1018.404 886.673
1018.719 902.656
1019.034 908.638
1019.349 921.620
1019.664 923.603
1019.979 919.585
1020.294 916.567
1020.610 927.549
1020.925 925.531
1021.240 930.513
1021.555 938.495
1021.870 945.477
1022.185 939.458
1022.500 941.440
1022.815 948.422
1023.130 957.403
1023.446 952.385
1023.761 961.367
1024.076 970.348
1024.391 963.330
1024.706 977.311
1025.021 966.293
1025.336 974.274
1025.651 996.255
1025.966 1000.236
1026.282 994.218
1026.597 998.199
1026.912 1011.180
1027.227 1016.161
1027.542 1014.142
1027.857 1015.123
1028.172 1034.104
1028.487 1023.085
1028.802 1042.066
1029.118 1030.046
1029.433 1042.027
1029.748 1046.008
1030.063 1051.988
1030.378 1051.969
1030.693 1061.949
1031.008 1056.930
1031.323 1049.910
1031.638 1060.891
1031.954 1072.871
1032.269 1077.851
1032.584 1079.832
1032.899 1073.812
1033.214 1075.792
1033.529 1078.772
1033.844 1084.752
1034.159 1083.732
1034.474 1088.712
1034.790 1092.692
1035.105 1084.671
1035.420 1092.651
1035.735 1093.631
1036.050 1098.611
1036.365 1103.590
1036.680 1099.570
1036.995 1102.549
1037.310 1101.529
1037.626 1105.508
1037.941 1110.487
1038.256 1103.467
1038.571 1115.446
1038.886 1109.425
1039.201 1108.404
1039.516 1105.383
1039.831 1102.362
1040.146 1124.341
1040.462 1118.320
1040.777 1114.299
1041.092 1099.278
1041.407 1113.256
1041.722 1124.235
1042.037 1120.214
1042.352 1118.192
1042.667 1120.171
1042.982 1127.149
1043.298 1124.128
1043.613 1120.106
1043.928 1121.084
1044.243 1121.063
1044.558 1119.041
1044.873 1127.019
1045.188 1123.997
1045.503 1109.975
1045.819 1114.953
1046.134 1108.931
1046.449 1118.909
1046.764 1108.887
1047.079 1110.864
1047.394 1115.842
1047.709 1104.820
1048.024 1103.797
1048.339 1112.775
1048.655 1099.752
1048.970 1092.729
1049.285 1101.707
1049.600 1095.684
1049.915 1100.661
1050.230 1096.638
1050.545 1098.615
1050.860 1092.592
1051.175 1093.569
1051.491 1100.546
1051.806 1093.523
1052.121 1091.500
1052.436 1085.477
1052.751 1087.453
1053.066 1087.430
1053.381 1089.406
1053.696 1072.383
1054.011 1072.359
1054.327 1078.336
1054.642 1083.312
1054.957 1073.288
1055.272 1079.264
1055.587 1090.241
1055.902 1071.217
1056.217 1066.193
1056.532 1067.168
1056.847 1073.144
1057.163 1071.120
1057.478 1063.096
1057.793 1062.072
1058.108 1055.047
1058.423 1060.023
1058.738 1051.998
1059.053 1061.974
1059.368 1055.949
1059.683 1056.924
1059.999 1050.900
1060.314 1050.875
1060.629 1056.850
1060.944 1043.825
1061.259 1050.800
1061.574 1053.775
1061.889 1043.750
1062.204 1032.724
1062.519 1039.699
1062.835 1029.674
1063.150 1034.648
1063.465 1038.623
1063.780 1032.597
1064.095 1031.572
1064.410 1030.546
1064.725 1037.520
1065.040 1034.494
1065.355 1034.468
1065.671 1033.442
1065.986 1027.416
1066.301 1022.390
1066.616 1026.364
1066.931 1031.338
1067.246 1031.312
1067.561 1022.285
1067.876 1031.259
1068.191 1025.232
1068.507 1017.206
1068.822 1020.179
1069.137 1030.152
1069.452 1015.126
1069.767 1012.099
1070.082 1016.072
1070.397 1023.045
1070.712 1015.018
1071.027 1015.991
1071.343 1013.964
1071.658 1009.936
1071.973 1004.909
1072.288 1003.882
1072.603 1012.854
1072.918 1010.827
1073.233 1013.799
1073.548 997.771
1073.863 1005.743
1074.179 1008.716
1074.494 995.688
1074.809 996.660
1075.124 991.632
1075.439 992.604
1075.754 991.575
1076.069 989.547
1076.384 1001.519
1076.699 995.490
1077.015 1001.462
1077.330 988.433
1077.645 982.405
1077.960 986.376
1078.275 979.347
1078.590 987.318
1078.905 978.289
1079.220 972.260
1079.536 982.231
1079.851 988.202
1080.166 973.173
1080.481 973.144
1080.796 974.114
1081.111 976.085
1081.426 984.055
1081.741 982.026
1082.056 977.996
1082.372 971.966
1082.687 973.936
1083.002 983.906
1083.317 974.876
1083.632 978.846
1083.947 963.816
1084.262 965.786
1084.577 960.756
1084.892 972.725
1085.208 969.695
1085.523 957.664
1085.838 951.634
1086.153 966.603
1086.468 966.572
1086.783 959.541
1087.098 957.510
1087.413 965.479
1087.728 953.448
1088.044 961.417
1088.359 960.386
1088.674 963.355
1088.989 959.323
1089.304 962.292
1089.619 955.260
1089.934 959.228
1090.249 955.197
1090.564 952.165
1090.880 953.133
1091.195 951.101
1091.510 938.069
1091.825 954.037
1092.140 946.005
1092.467 954.972
1092.794 954.940
1093.121 940.908
1093.448 931.875
1093.775 952.842
1094.102 944.810
1094.429 950.777
1094.756 932.744
1095.083 942.711
1095.410 944.678
1095.737 936.645
1096.064 935.612
1096.391 933.579
1096.718 929.545
1097.045 938.512
1097.372 930.478
1097.699 940.445
1098.026 944.411
1098.353 936.377
1098.680 938.343
1099.007 933.309
1099.334 934.275
1099.661 933.241
1099.988 930.207
1100.315 929.173
1100.642 935.138
1100.969 925.104
1101.296 920.069
1101.623 931.035
1101.950 931.000
1102.277 934.965
1102.604 929.930
1102.931 921.895
1103.258 928.860
1103.585 931.825
1103.912 919.790
1104.239 921.755
1104.566 927.719
1104.893 922.684
1105.220 928.648
1105.547 919.612
1105.874 929.577
1106.201 923.541
1106.528 917.505
1106.855 920.469
1107.182 914.433
1107.509 922.397
1107.836 917.360
1108.163 916.324
1108.490 922.287
1108.817 924.251
1109.144 920.214
1109.470 932.178
1109.797 929.141
1110.124 930.104
1110.451 927.067
1110.778 929.030
1111.105 925.993
1111.432 935.955
1111.759 920.918
1112.086 923.881
1112.413 929.843
1112.740 929.805
1113.067 925.768
1113.394 926.730
1113.721 928.692
1114.048 915.654
1114.375 933.616
1114.702 925.578
1115.029 919.540
1115.356 912.501
1115.683 909.463
1116.010 918.424
1116.337 907.386
1116.664 911.347
1116.991 904.308
1117.318 922.269
1117.645 913.230
1117.972 917.191
1118.299 904.152
1118.626 910.113
1118.953 909.074
1119.280 906.034
1119.607 907.995
1119.934 904.955
1120.261 905.915
1120.588 901.876
1120.915 899.836
1121.242 893.796
1121.569 899.756
1121.896 900.716
1122.223 890.675
1122.550 904.635
1122.877 890.595
1123.204 886.554
1123.531 897.513
1123.858 886.473
1124.185 902.432
1124.512 900.391
1124.839 894.350
1125.166 887.309
1125.493 889.268
1125.820 888.227
1126.147 899.185
1126.474 885.144
1126.801 880.102
1127.128 888.061
1127.455 895.019
1127.782 881.977
1128.109 883.935
1128.436 887.893
1128.763 882.851
1129.090 868.809
1129.417 873.767
1129.744 880.724
1130.071 877.682
1130.398 873.639
1130.725 865.597
1131.052 870.554
1131.379 869.511
1131.706 860.468
1132.033 873.425
1132.360 859.382
1132.687 863.339
1133.014 855.296
1133.341 853.252
1133.668 858.209
1133.995 847.165
1134.322 859.122
1134.649 856.078
1134.976 855.034
1135.303 856.990
1135.630 848.946
1135.957 843.902
1136.284 841.858
1136.611 842.814
1136.938 835.769
1137.265 823.725
1137.592 828.680
1137.919 821.636
1138.246 821.591
1138.573 825.546
1138.900 814.501
1139.227 815.456
1139.554 802.411
1139.881 812.366
1140.208 791.321
1140.535 793.275
1140.862 796.230
1141.189 801.184
1141.516 799.139
1141.843 781.093
1142.170 772.047
1142.497 784.001
1142.824 778.955
1143.151 762.909
1143.478 770.863
1143.805 774.817
1144.131 770.771
1144.458 761.724
1144.785 766.678
1145.112 763.631
1145.439 764.584
1145.766 765.538
1146.093 762.491
1146.420 773.444
1146.747 757.397
1147.074 757.350
1147.401 756.302
1147.728 765.255
1148.055 763.208
1148.382 753.160
1148.709 749.113
1149.036 756.065
1149.363 746.017
1149.690 738.970
1150.017 746.922
1150.344 750.874
1150.671 745.826
1150.998 759.777
1151.325 752.729
1151.652 754.681
1151.979 742.633
1152.306 727.584
1152.633 749.536
1152.960 742.487
1153.287 748.438
1153.614 749.389
1153.941 746.340
1154.268 737.292
1154.595 744.242
1154.922 743.193
1155.249 745.144
1155.576 744.095
1155.903 755.046
1156.230 743.996
1156.557 739.947
1156.884 749.897
1157.211 744.847
1157.538 744.798
1157.865 751.748
1158.192 745.698
1158.519 746.648
1158.846 738.598
1159.173 737.548
1159.500 741.498
1159.827 751.447
1160.154 731.397
1160.481 738.347
1160.808 744.296
1161.135 731.245
1161.462 733.195
1161.789 734.144
1162.116 739.093
1162.443 728.043
1162.770 732.992
1163.097 722.941
1163.424 720.890
1163.751 716.838
1164.078 720.787
1164.405 719.736
1164.732 727.685
1165.059 729.633
1165.386 726.582
1165.713 724.530
1166.040 735.479
1166.367 721.427
1166.694 722.375
1167.021 726.324
1167.348 718.272
1167.675 705.220
1168.002 711.168
1168.329 716.116
1168.656 706.064
1168.983 700.012
1169.310 708.959
1169.637 708.907
1169.964 704.855
1170.291 699.802
1170.618 682.750
1170.945 666.698
1171.272 674.645
1171.599 678.592
1171.926 660.540
1172.253 656.487
1172.580 657.434
1172.907 644.381
1173.234 645.329
1173.561 632.276
1173.888 635.223
1174.215 626.170
1174.542 625.117
1174.869 623.064
1175.196 628.010
1175.523 625.957
1175.850 627.904
1176.177 637.851
1176.504 630.797
1176.831 624.744
1177.158 621.691
1177.485 624.637
1177.812 620.584
1178.139 621.530
1178.465 625.477
1178.792 629.423
1179.119 606.369
1179.446 597.316
1179.773 609.262
1180.100 603.208
1180.427 592.155
1180.754 600.101
1181.081 588.047
1181.408 589.993
1181.735 581.939
1182.062 595.885
1182.389 578.831
1182.716 577.777
1183.043 584.723
1183.370 567.669
1183.697 582.615
1184.024 580.561
1184.351 576.507
1184.678 568.453
1185.005 569.399
1185.332 569.345
1185.659 569.290
1185.986 568.236
1186.313 569.182
1186.640 560.128
1186.967 567.074
1187.294 575.019
1187.621 559.965
1187.948 563.911
1188.275 557.857
1188.602 553.802
1188.929 546.748
1189.256 549.694
1189.583 538.639
1189.910 547.585
1190.237 537.531
1190.564 551.477
1190.891 553.422
1191.218 545.368
1191.545 548.314
1191.872 542.259
1192.199 533.205
1192.526 536.151
1192.853 544.097
1193.180 542.042
1193.507 541.988
1193.834 532.934
1194.161 527.880
1194.488 530.825
1194.815 530.771
1195.142 533.717
1195.469 533.663
1195.796 525.609
1196.123 524.555
1196.450 519.500
1196.777 514.446
1197.104 514.392
1197.431 519.338
1197.758 515.284
1198.085 510.230
1198.412 514.176
1198.739 512.122
1199.066 518.069
1199.393 509.015
1199.720 506.961
1200.047 498.907
1200.374 496.853
1200.701 509.800
1201.028 497.746
1201.355 499.692
1201.682 492.639
1202.009 489.585
1202.336 478.532
1202.663 490.479
1202.990 489.425
1203.317 470.372
1203.644 478.319
1203.971 470.265
1204.298 465.212
1204.625 480.159
1204.952 470.106
1205.279 463.053
1205.606 470.000
1205.933 456.947
1206.260 460.895
1206.587 460.842
1206.914 451.789
1207.241 462.737
1207.568 457.684
1207.895 448.632
1208.222 445.579
1208.549 446.527
1208.876 448.475
1209.203 442.423
1209.530 437.371
1209.857 431.319
1210.184 433.267
1210.511 430.215
1210.838 433.164
1211.165 422.112
1211.492 422.060
1211.819 423.009
1212.146 417.958
1212.473 414.907
1212.799 415.855
1213.126 408.804
1213.453 404.753
1213.780 404.703
1214.107 406.652
1214.434 403.601
1214.761 399.551
1215.088 399.501
1215.415 398.450
1215.742 401.400
1216.069 387.350
1216.396 382.300
1216.723 389.250
1217.050 386.201
1217.377 394.151
1217.704 373.102
1218.031 374.053
1218.358 373.003
1218.685 368.954
1219.012 366.905
1219.339 367.857
1219.666 368.808
1219.993 364.760
1220.320 360.711
1220.647 365.663
1220.974 357.615
1221.301 353.567
1221.628 345.519
1221.955 345.472
1222.282 340.424
1222.609 346.377
1222.936 342.330
1223.263 345.283
1223.590 341.236
1223.917 345.189
1224.244 342.143
1224.571 340.096
1224.898 334.050
1225.225 330.004
1225.552 323.958
1225.879 320.913
1226.206 321.867
1226.533 317.822
1226.860 325.777
1227.187 311.732
1227.514 315.687
1227.841 311.642
1228.168 318.598
1228.495 315.554
1228.822 326.510
1229.149 311.466
1229.476 306.422
1229.803 303.379
1230.130 307.336
1230.457 301.292
1230.784 301.250
1231.111 302.207
1231.438 297.165
1231.765 288.122
1232.092 296.080
1232.419 292.038
1232.746 290.997
