168.180 5.488
168.450 49.488
168.720 69.488
168.990 69.487
169.260 79.487
169.530 69.487
169.799 61.487
170.069 66.486
170.339 69.486
170.609 66.486
170.879 77.486
171.149 74.485
171.418 71.485
171.688 71.485
171.958 68.484
172.228 66.484
172.498 63.484
172.768 70.484
173.037 68.483
173.307 71.483
173.577 67.483
173.847 60.483
174.117 54.482
174.387 63.482
174.656 67.482
174.926 69.481
175.196 68.481
175.466 67.481
175.736 77.481
176.006 66.480
176.275 67.480
176.545 73.480
176.815 68.480
177.085 71.479
177.355 67.479
177.625 63.479
177.894 62.478
178.164 57.478
178.434 68.478
178.704 67.478
178.974 73.477
179.244 67.477
179.513 62.477
179.783 79.477
180.053 75.476
180.323 65.476
180.593 71.476
180.863 67.475
181.132 73.475
181.402 65.475
181.672 65.475
181.942 71.474
182.212 71.474
182.482 66.474
182.751 61.473
183.021 66.473
183.291 70.473
183.561 70.473
183.831 69.472
184.101 79.472
184.370 66.472
184.640 74.472
184.910 68.471
185.164 71.471
185.417 68.471
185.671 75.470
185.925 65.470
186.178 70.470
186.432 77.470
186.686 75.469
186.939 72.469
187.193 67.469
187.447 63.468
187.700 63.468
187.954 68.468
188.207 72.468
188.461 75.467
188.715 71.467
188.968 64.467
189.222 67.466
189.476 60.466
189.729 73.466
189.983 65.466
190.237 63.465
190.490 63.465
190.744 65.465
190.998 68.464
191.251 78.464
191.505 72.464
191.759 63.464
192.012 72.463
192.266 66.463
192.520 68.463
192.773 71.462
193.027 55.462
193.281 78.462
193.534 73.462
193.788 68.461
194.042 65.461
194.295 67.461
194.549 70.460
194.802 67.460
195.056 65.460
195.310 68.460
195.563 71.459
195.817 73.459
196.071 75.459
196.324 76.458
196.578 68.458
196.832 66.458
197.085 72.458
197.339 74.457
197.593 75.457
197.846 69.457
198.100 73.456
198.354 64.456
198.607 75.456
198.861 64.456
199.115 69.455
199.368 70.455
199.622 70.455
199.876 74.454
200.129 73.454
200.383 72.454
200.636 65.453
200.890 62.453
201.144 68.453
201.397 71.453
201.651 63.452
201.905 63.452
202.158 72.452
202.412 72.451
202.666 85.451
202.919 76.451
203.173 74.451
203.427 75.450
203.680 70.450
203.934 70.450
204.188 81.449
204.441 70.449
204.695 69.449
204.949 75.448
205.202 69.448
205.456 69.448
205.710 75.448
205.963 68.447
206.217 64.447
206.471 74.447
206.724 70.446
206.978 79.446
207.231 76.446
207.485 78.445
207.739 74.445
207.992 67.445
208.246 70.445
208.500 71.444
208.753 68.444
209.007 75.444
209.261 73.443
209.514 68.443
209.768 72.443
210.022 77.442
210.275 65.442
210.529 72.442
210.783 75.442
211.036 77.441
211.290 68.441
211.544 81.441
211.797 74.440
212.051 71.440
212.305 73.440
212.558 71.439
212.812 70.439
213.065 78.439
213.319 68.438
213.573 75.438
213.826 78.438
214.080 70.438
214.334 78.437
214.587 78.437
214.841 74.437
215.095 80.436
215.348 76.436
215.602 74.436
215.856 72.435
216.109 75.435
216.363 76.435
216.617 78.434
216.870 71.434
217.124 77.434
217.378 68.434
217.631 84.433
217.885 70.433
218.139 80.433
218.392 76.432
218.646 69.432
218.900 72.432
219.153 72.431
219.407 80.431
219.660 81.431
219.914 75.430
220.168 77.430
220.421 77.430
220.675 77.429
220.929 75.429
221.182 76.429
221.436 67.429
221.690 76.428
221.943 73.428
222.197 79.428
222.451 79.427
222.704 79.427
222.958 70.427
223.212 75.426
223.465 74.426
223.719 80.426
223.973 75.425
224.226 74.425
224.480 77.425
224.734 78.424
224.987 81.424
225.241 77.424
225.494 76.423
225.748 83.423
226.002 81.423
226.255 72.423
226.509 75.422
226.763 80.422
227.016 77.422
227.270 78.421
227.524 78.421
227.777 78.421
228.031 81.420
228.285 76.420
228.538 77.420
228.792 75.419
229.046 73.419
229.299 69.419
229.553 76.418
229.807 79.418
230.060 82.418
230.314 81.417
230.568 80.417
230.821 75.417
231.075 81.416
231.329 81.416
231.582 75.416
231.836 81.415
232.089 81.415
232.343 79.415
232.597 78.414
232.850 85.414
233.104 76.414
233.358 77.413
233.611 72.413
233.865 86.413
234.119 82.412
234.372 86.412
234.626 79.412
234.880 82.412
235.133 86.411
235.387 74.411
235.641 79.411
235.894 84.410
236.148 76.410
236.402 77.410
236.655 76.409
236.909 85.409
237.163 79.409
237.416 73.408
237.670 77.408
237.924 89.408
238.177 79.407
238.431 90.407
238.684 79.407
238.938 82.406
239.192 81.406
239.445 82.406
239.699 75.405
239.953 77.405
240.206 84.405
240.460 78.404
240.714 80.404
240.967 89.404
241.221 82.403
241.475 82.403
241.728 88.403
241.982 86.402
242.236 80.402
242.489 72.402
242.743 78.401
242.997 76.401
243.250 80.401
243.504 86.400
243.758 78.400
244.011 85.400
244.265 86.399
244.518 76.399
244.772 82.399
245.026 80.398
245.279 85.398
245.533 82.397
245.787 80.397
246.040 83.397
246.294 89.396
246.548 86.396
246.801 81.396
247.055 80.395
247.309 80.395
247.562 85.395
247.816 80.394
248.070 75.394
248.323 78.394
248.577 71.393
248.831 73.393
249.084 88.393
249.338 91.392
249.592 87.392
249.845 85.392
250.099 82.391
250.353 77.391
250.606 83.391
250.860 77.390
251.113 84.390
251.367 82.390
251.621 83.389
251.874 81.389
252.128 81.389
252.382 88.388
252.635 89.388
252.889 81.387
253.143 80.387
253.396 85.387
253.650 78.386
253.911 74.386
254.172 75.386
254.433 81.385
254.694 88.385
254.955 94.385
255.216 90.384
255.477 95.384
255.738 84.384
255.999 82.383
256.261 93.383
256.522 81.383
256.783 84.382
257.044 89.382
257.305 84.382
257.566 89.381
257.827 85.381
258.088 94.380
258.349 78.380
258.610 81.380
258.871 88.379
259.132 88.379
259.393 84.379
259.654 79.378
259.915 85.378
260.176 95.378
260.437 89.377
260.698 96.377
260.959 92.377
261.221 90.376
261.482 86.376
261.743 86.375
262.004 87.375
262.265 86.375
262.526 92.374
262.787 85.374
263.048 92.374
263.309 98.373
263.570 98.373
263.831 95.373
264.092 87.372
264.353 91.372
264.614 93.372
264.875 87.371
265.136 103.371
265.397 93.370
265.658 88.370
265.919 93.370
266.181 86.369
266.442 89.369
266.703 90.369
266.964 89.368
267.225 94.368
267.486 94.368
267.747 103.367
268.008 94.367
268.269 95.366
268.530 93.366
268.791 100.366
269.052 93.365
269.313 90.365
269.574 96.365
269.835 94.364
270.096 90.364
270.357 96.363
270.618 90.363
270.879 89.363
271.141 92.362
271.402 90.362
271.663 94.362
271.924 92.361
272.185 88.361
272.446 92.361
272.707 89.360
272.968 87.360
273.229 90.359
273.490 89.359
273.751 86.359
274.012 87.358
274.273 88.358
274.534 100.358
274.795 101.357
275.056 103.357
275.317 87.356
275.578 86.356
275.839 94.356
276.101 93.355
276.362 90.355
276.623 88.355
276.884 93.354
277.145 89.354
277.406 94.353
277.667 98.353
277.928 99.353
278.189 93.352
278.450 96.352
278.711 90.351
278.972 95.351
279.233 95.351
279.494 102.350
279.755 101.350
280.016 97.350
280.277 97.349
280.538 91.349
280.799 100.348
281.061 91.348
281.322 93.348
281.583 94.347
281.844 102.347
282.105 95.347
282.366 84.346
282.627 94.346
282.888 97.345
283.149 98.345
283.410 106.345
283.671 92.344
283.932 105.344
284.193 97.343
284.454 93.343
284.715 95.343
284.976 98.342
285.237 90.342
285.498 95.342
285.759 96.341
286.021 97.341
286.282 98.340
286.543 101.340
286.804 92.340
287.065 95.339
287.326 93.339
287.587 100.338
287.848 101.338
288.109 98.338
288.370 93.337
288.631 104.337
288.892 90.336
289.153 96.336
289.414 105.336
289.675 93.335
289.936 91.335
290.197 106.334
290.458 99.334
290.719 91.334
290.981 96.333
291.242 104.333
291.503 105.332
291.764 103.332
292.025 106.332
292.286 105.331
292.547 90.331
292.808 103.331
293.069 97.330
293.330 97.330
293.591 100.329
293.852 98.329
294.113 99.329
294.374 98.328
294.635 98.328
294.896 102.327
295.157 95.327
295.418 98.327
295.679 97.326
295.941 101.326
296.202 99.325
296.463 105.325
296.724 106.324
296.985 107.324
297.246 103.324
297.507 95.323
297.768 94.323
298.029 92.322
298.290 105.322
298.551 101.322
298.812 103.321
299.073 105.321
299.334 90.320
299.595 102.320
299.856 93.320
300.117 96.319
300.378 101.319
300.639 108.318
300.901 109.318
301.162 109.318
301.423 104.317
301.684 107.317
301.945 101.316
302.206 103.316
302.467 108.316
302.728 108.315
302.989 106.315
303.250 107.314
303.511 102.314
303.772 104.313
304.033 108.313
304.294 103.313
304.555 108.312
304.816 108.312
305.077 98.311
305.338 106.311
305.599 102.311
305.861 108.310
306.122 105.310
306.383 113.309
306.644 111.309
306.905 110.308
307.166 107.308
307.427 111.308
307.688 101.307
307.949 104.307
308.210 105.306
308.471 98.306
308.732 95.306
308.993 103.305
309.254 112.305
309.515 109.304
309.776 107.304
310.037 106.303
310.298 113.303
310.559 110.303
310.821 101.302
311.082 105.302
311.343 105.301
311.604 113.301
311.865 113.300
312.126 109.300
312.387 99.300
312.648 112.299
312.909 105.299
313.170 112.298
313.437 112.298
313.704 114.297
313.971 104.297
314.238 111.297
314.504 111.296
314.771 113.296
315.038 113.295
315.305 111.295
315.572 113.294
315.839 102.294
316.106 99.294
316.373 110.293
316.640 108.293
316.906 113.292
317.173 108.292
317.440 96.291
317.707 108.291
317.974 115.291
318.241 104.290
318.508 112.290
318.775 112.289
319.042 112.289
319.308 112.288
319.575 118.288
319.842 112.288
320.109 118.287
320.376 107.287
320.643 113.286
320.910 113.286
321.177 111.285
321.444 105.285
321.710 112.284
321.977 109.284
322.244 117.284
322.511 105.283
322.778 106.283
323.045 102.282
323.312 106.282
323.579 107.281
323.846 115.281
324.112 107.281
324.379 115.280
324.646 115.280
324.913 109.279
325.180 105.279
325.447 117.278
325.714 113.278
325.981 111.277
326.248 115.277
326.514 111.277
326.781 115.276
327.048 120.276
327.315 109.275
327.582 116.275
327.849 106.274
328.116 104.274
328.383 110.273
328.649 111.273
328.916 109.272
329.183 110.272
329.450 114.272
329.717 121.271
329.984 115.271
330.251 120.270
330.518 115.270
330.785 117.269
331.051 120.269
331.318 121.268
331.585 119.268
331.852 120.268
332.119 117.267
332.386 131.267
332.653 126.266
332.920 134.266
333.187 131.265
333.453 121.265
333.720 126.264
333.987 127.264
334.254 125.263
334.521 128.263
334.788 133.262
335.055 137.262
335.322 145.262
335.589 143.261
335.855 138.261
336.122 158.260
336.389 149.260
336.656 151.259
336.923 145.259
337.190 163.258
337.457 165.258
337.724 159.257
337.991 166.257
338.257 177.256
338.524 177.256
338.791 179.256
339.058 176.255
339.325 183.255
339.592 191.254
339.859 197.254
340.126 202.253
340.393 209.253
340.659 216.252
340.926 214.252
341.193 223.251
341.460 235.251
341.727 242.250
341.994 240.250
342.261 249.249
342.528 263.249
342.795 264.248
343.061 269.248
343.328 294.248
343.595 289.247
343.862 303.247
344.129 310.246
344.396 322.246
344.663 336.245
344.930 348.245
345.197 350.244
345.463 359.244
345.730 368.243
345.997 378.243
346.264 401.242
346.531 395.242
346.798 412.241
347.065 432.241
347.332 444.240
347.599 459.240
347.865 471.239
348.132 476.239
348.399 483.238
348.666 497.238
348.933 516.237
349.200 520.237
349.467 540.237
349.734 555.236
350.001 579.236
350.267 577.235
350.534 590.235
350.801 603.234
351.068 621.234
351.335 632.233
351.602 638.233
351.869 650.232
352.136 675.232
352.402 698.231
352.669 704.231
352.936 723.230
353.203 727.230
353.470 744.229
353.737 750.229
354.004 785.228
354.271 799.228
354.538 802.227
354.804 826.227
355.071 844.226
355.338 855.226
355.605 870.225
355.872 888.225
356.139 903.224
356.406 910.224
356.673 932.223
356.940 956.223
357.206 970.843
357.473 999.209
357.740 1014.423
358.007 1050.277
358.274 1061.324
358.541 1078.555
358.808 1105.592
359.075 1123.946
359.342 1136.818
359.608 1147.311
359.875 1162.136
360.142 1213.846
360.409 1227.589
360.676 1246.345
360.943 1271.636
361.210 1284.758
361.477 1305.114
361.744 1341.228
362.010 1338.060
362.277 1373.791
362.544 1402.111
362.811 1412.969
363.078 1439.219
363.345 1460.707
363.612 1483.238
363.879 1509.276
364.146 1524.082
364.412 1535.822
364.679 1579.171
364.946 1595.257
365.213 1604.975
365.480 1629.975
365.748 1642.385
366.017 1669.069
366.285 1689.502
366.553 1719.177
366.822 1741.735
367.090 1737.122
367.358 1754.588
367.627 1786.567
367.895 1805.074
368.164 1819.605
368.432 1843.834
368.700 1863.859
368.969 1895.429
369.237 1904.454
369.505 1930.143
369.774 1929.345
370.042 1965.699
370.310 1977.899
370.579 1995.760
370.847 2024.912
371.115 2027.186
371.384 2037.090
371.652 2050.328
371.921 2070.294
372.189 2064.374
372.457 2118.652
372.726 2127.590
372.994 2134.359
373.262 2167.065
373.531 2157.526
373.799 2168.712
374.067 2181.927
374.336 2201.962
374.604 2210.098
374.872 2232.330
375.141 2235.435
375.409 2258.977
375.678 2257.284
375.946 2286.072
376.214 2289.931
376.483 2303.559
376.751 2312.294
377.019 2322.050
377.288 2357.571
377.556 2360.800
377.824 2375.465
378.093 2373.457
378.361 2400.623
378.629 2398.908
378.898 2430.139
379.166 2462.719
379.435 2477.197
379.703 2480.405
379.971 2492.186
380.240 2523.745
380.508 2545.061
380.776 2567.496
381.045 2569.943
381.313 2604.888
381.581 2605.085
381.850 2638.302
382.118 2673.305
382.386 2703.929
382.655 2693.475
382.923 2741.324
383.192 2764.386
383.460 2779.754
383.728 2803.601
383.997 2827.065
384.265 2868.717
384.533 2880.312
384.802 2908.488
385.070 2945.106
385.338 2991.477
385.607 3009.921
385.875 3019.597
386.143 3058.748
386.412 3098.985
386.680 3125.043
386.948 3122.339
387.217 3197.561
387.485 3201.483
387.754 3238.220
388.022 3265.682
388.290 3285.734
388.559 3352.349
388.827 3390.578
389.095 3414.569
389.364 3463.056
389.632 3480.042
389.900 3518.650
390.169 3563.689
390.437 3603.000
390.705 3618.134
390.974 3677.693
391.242 3705.157
391.511 3741.789
391.779 3760.684
392.047 3813.542
392.316 3848.388
392.584 3914.482
392.852 3941.023
393.121 3972.235
393.389 4018.461
393.657 4064.469
393.926 4104.014
394.194 4139.197
394.462 4183.527
394.731 4239.218
394.999 4273.561
395.268 4307.603
395.536 4387.389
395.804 4414.349
396.073 4439.307
396.341 4467.452
396.609 4516.993
396.878 4580.762
397.146 4629.624
397.414 4682.589
397.683 4717.586
397.951 4757.755
398.219 4814.418
398.488 4880.524
398.756 4898.681
399.025 4971.784
399.293 5016.881
399.561 5033.546
399.830 5124.620
400.098 5192.168
400.366 5180.915
400.635 5251.187
400.903 5286.452
401.171 5327.564
401.440 5405.997
401.708 5442.145
401.976 5517.416
402.245 5535.628
402.513 5628.409
402.782 5682.527
403.050 5680.720
403.318 5747.525
403.587 5813.747
403.855 5859.068
404.123 5916.451
404.392 5979.234
404.660 6012.671
404.934 6070.215
405.207 6134.022
405.481 6197.195
405.754 6246.461
406.028 6304.751
406.301 6349.185
406.575 6415.044
406.848 6448.295
407.122 6498.030
407.395 6563.744
407.669 6606.631
407.942 6650.702
408.216 6733.809
408.489 6763.226
408.763 6820.501
409.036 6887.610
409.310 6919.409
409.583 6966.578
409.857 7053.692
410.130 7121.046
410.404 7138.339
410.677 7165.217
410.951 7251.690
411.224 7277.779
411.498 7318.866
411.771 7389.468
412.045 7425.270
412.318 7512.588
412.592 7553.481
412.865 7584.998
413.139 7641.640
413.412 7705.385
413.686 7762.752
413.959 7795.985
414.233 7859.017
414.506 7898.569
414.780 7978.590
415.053 8038.055
415.327 8072.628
415.600 8132.893
415.874 8174.060
416.147 8208.224
416.421 8292.488
416.694 8346.605
416.968 8410.435
417.241 8478.845
417.515 8505.139
417.788 8579.151
418.062 8623.840
418.335 8692.559
418.609 8764.388
418.882 8808.712
419.156 8809.665
419.429 8892.416
419.703 8978.115
419.976 9028.036
420.250 9055.812
420.524 9130.699
420.797 9165.264
421.071 9202.872
421.344 9229.255
421.618 9297.707
421.891 9365.796
422.165 9412.027
422.438 9439.570
422.712 9530.900
422.985 9530.312
423.259 9617.147
423.532 9654.159
423.806 9699.189
424.079 9793.496
424.353 9850.082
424.626 9870.470
424.900 9911.435
425.173 9971.138
425.447 10013.079
425.720 10044.079
425.994 10084.162
426.267 10163.732
426.541 10183.628
426.814 10218.295
427.088 10262.124
427.361 10351.536
427.635 10379.350
427.908 10440.598
428.182 10445.300
428.455 10506.632
428.729 10550.374
429.002 10582.146
429.276 10602.894
429.549 10648.256
429.823 10677.132
430.096 10699.566
430.370 10756.362
430.643 10811.560
430.917 10824.840
431.190 10876.075
431.464 10946.638
431.737 10963.848
432.011 11008.129
432.284 11034.303
432.558 11063.380
432.831 11111.732
433.105 11114.290
433.378 11200.061
433.652 11211.695
433.925 11236.532
434.199 11302.664
434.472 11321.736
434.746 11367.057
435.019 11459.516
435.293 11513.515
435.566 11521.967
435.840 11561.127
436.119 11600.848
436.398 11651.493
436.677 11654.508
436.956 11691.141
437.235 11700.644
437.514 11737.255
437.793 11751.033
438.073 11789.626
438.352 11809.665
438.631 11868.675
438.910 11883.494
439.189 11901.413
439.468 11955.079
439.747 12002.971
440.026 12053.702
440.305 12070.287
440.584 12085.562
440.863 12149.847
441.142 12198.484
441.421 12234.476
441.700 12279.923
441.979 12314.602
442.258 12368.612
442.538 12412.088
442.817 12437.476
443.096 12461.724
443.375 12495.190
443.654 12539.317
443.933 12593.238
444.212 12675.788
444.491 12650.518
444.770 12735.183
445.049 12787.556
445.328 12830.109
445.607 12881.866
445.886 12936.367
446.165 12939.423
446.444 12984.357
446.723 13056.946
447.003 13066.759
447.282 13123.798
447.561 13153.418
447.840 13176.728
448.119 13224.333
448.398 13276.977
448.677 13371.423
448.956 13342.284
449.235 13393.057
449.514 13466.621
449.793 13501.019
450.072 13588.608
450.351 13640.942
450.630 13681.381
450.909 13679.737
451.188 13785.083
451.468 13839.572
451.747 13873.753
452.026 13899.914
452.305 13943.334
452.584 13981.777
452.863 14044.728
453.142 14066.949
453.421 14124.121
453.700 14197.768
453.979 14243.639
454.258 14311.234
454.537 14367.084
454.816 14435.459
455.095 14460.048
455.374 14496.933
455.653 14604.322
455.933 14641.689
456.212 14688.596
456.491 14734.844
456.770 14804.731
457.049 14882.718
457.328 14918.809
457.607 15044.285
457.886 15058.642
458.165 15122.301
458.444 15194.643
458.723 15270.574
459.002 15315.516
459.281 15410.674
459.560 15490.232
459.839 15530.796
460.119 15606.770
460.398 15674.865
460.677 15741.531
460.956 15845.279
461.235 15875.247
461.514 15994.878
461.793 16065.362
462.072 16186.273
462.351 16231.621
462.630 16306.505
462.909 16451.107
463.188 16548.866
463.467 16659.863
463.746 16726.888
464.025 16811.343
464.304 16877.265
464.584 16957.515
464.863 17065.638
465.142 17151.496
465.421 17272.432
465.700 17386.848
465.979 17451.137
466.258 17577.443
466.537 17710.954
466.816 17766.275
467.095 17843.349
467.374 17949.824
467.653 18084.142
467.932 18163.136
468.211 18269.973
468.490 18378.350
468.769 18482.971
469.049 18618.589
469.328 18728.970
469.607 18842.969
469.886 18969.968
470.165 19024.967
470.444 19210.177
470.723 19298.563
471.002 19406.184
471.281 19511.476
471.560 19645.609
471.839 19755.474
472.118 19892.640
472.397 19951.817
472.676 20106.386
472.955 20237.384
473.234 20336.981
473.514 20422.493
473.793 20561.449
474.072 20681.729
474.351 20808.230
474.630 20939.349
474.909 21034.332
475.188 21107.132
475.467 21278.292
475.746 21381.917
476.025 21486.766
476.304 21594.462
476.583 21711.331
476.862 21841.088
477.141 21980.579
477.420 22109.353
477.699 22165.252
477.979 22266.543
478.258 22410.384
478.537 22546.609
478.816 22650.198
479.095 22770.988
479.374 22836.528
479.653 22965.954
479.932 23060.638
480.211 23158.700
480.490 23299.214
480.769 23388.366
481.048 23489.077
481.327 23582.147
481.606 23728.712
481.885 23829.984
482.165 23959.517
482.444 24015.491
482.723 24182.692
483.002 24251.227
483.281 24385.984
483.560 24474.979
483.839 24612.829
484.118 24665.898
484.397 24778.511
484.676 24876.094
484.955 24981.192
485.234 25125.964
485.513 25237.421
485.792 25319.712
486.071 25369.598
486.350 25538.460
486.630 25571.644
486.909 25691.185
487.188 25766.272
487.467 25897.005
487.746 25942.920
488.025 26120.246
488.304 26188.514
488.583 26270.379
488.862 26351.515
489.141 26493.700
489.420 26547.997
489.699 26629.041
489.978 26744.238
490.257 26824.650
490.536 26888.796
490.815 27043.161
491.095 27126.319
491.374 27201.343
491.653 27284.740
491.932 27471.156
492.211 27556.825
492.490 27587.836
492.769 27686.316
493.048 27791.737
493.327 27906.213
493.606 28033.538
493.885 28101.627
494.164 28188.097
494.443 28249.643
494.722 28387.713
495.001 28459.875
495.280 28608.413
495.560 28642.967
495.839 28738.012
496.118 28769.821
496.397 28879.810
496.676 29011.987
496.955 29094.552
497.234 29161.017
497.513 29258.700
497.792 29329.867
498.071 29450.591
498.350 29577.350
498.629 29652.802
498.908 29769.502
499.187 29833.049
499.466 29918.475
499.745 29984.806
500.025 30085.394
500.304 30122.493
500.583 30227.791
500.862 30357.380
501.141 30459.091
501.420 30470.701
501.699 30512.438
501.978 30656.124
502.257 30714.878
502.536 30799.268
502.815 30898.057
503.094 30987.749
503.373 31050.375
503.652 31104.919
503.931 31207.148
504.211 31327.121
504.490 31407.160
504.769 31396.626
505.048 31558.687
505.327 31597.226
505.606 31692.248
505.885 31743.763
506.164 31806.770
506.443 31882.870
506.722 31961.161
507.001 32068.154
507.280 32097.715
507.559 32146.944
507.838 32282.351
508.117 32340.692
508.396 32401.491
508.676 32495.235
508.955 32520.342
509.234 32616.892
509.513 32627.540
509.792 32650.103
510.071 32750.615
510.350 32831.467
510.629 32869.454
510.908 32928.048
511.187 32990.612
511.466 33032.628
511.745 33143.430
512.024 33234.952
512.303 33242.418
512.582 33276.934
512.861 33335.216
513.141 33341.001
513.420 33481.468
513.699 33485.085
513.978 33530.862
514.257 33617.331
514.536 33622.551
514.815 33702.973
515.094 33706.606
515.373 33766.733
515.652 33844.745
515.931 33867.033
516.210 33941.538
516.489 33883.713
516.768 33994.833
517.047 34015.811
517.326 34056.544
517.606 34142.968
517.885 34210.143
518.164 34257.506
518.443 34281.724
518.722 34364.448
519.001 34377.535
519.280 34438.799
519.559 34540.628
519.838 34519.429
520.117 34575.727
520.396 34580.465
520.675 34648.257
520.954 34695.725
521.233 34725.499
521.512 34793.792
521.791 34865.836
522.071 34877.723
522.350 34997.878
522.629 35007.552
522.908 35027.780
523.187 35138.810
523.466 35109.640
523.745 35160.544
524.024 35201.541
524.303 35302.114
524.582 35293.872
524.861 35369.896
525.140 35448.084
525.419 35471.127
525.698 35497.899
525.977 35561.294
526.257 35585.520
526.536 35615.043
526.815 35641.098
527.094 35694.671
527.373 35749.329
527.652 35804.171
527.931 35823.331
528.210 35892.590
528.489 35904.065
528.768 35965.676
529.047 36049.087
529.326 36084.157
529.605 36142.789
529.884 36115.217
530.163 36241.272
530.442 36247.900
530.722 36264.693
531.001 36368.163
531.280 36341.324
531.559 36342.890
531.838 36385.423
532.117 36447.281
532.396 36477.555
532.675 36478.047
532.954 36590.135
533.233 36663.610
533.512 36688.525
533.791 36694.201
534.070 36743.396
534.349 36809.259
534.628 36805.651
534.907 36839.589
535.187 36875.607
535.466 36936.209
535.745 36945.696
536.024 36972.260
536.303 37016.867
536.582 37052.054
536.861 37099.676
537.140 37114.899
537.419 37198.817
537.698 37258.355
537.977 37223.790
538.256 37273.621
538.535 37297.475
538.814 37289.162
539.093 37340.737
539.372 37343.930
539.652 37388.649
539.931 37442.288
540.210 37470.967
540.489 37481.522
540.768 37513.191
541.047 37516.565
541.326 37564.176
541.605 37591.491
541.884 37613.213
542.163 37674.124
542.442 37661.288
542.721 37731.925
543.000 37732.887
543.279 37711.692
543.558 37738.666
543.837 37743.234
544.117 37771.943
544.396 37792.978
544.675 37806.690
544.954 37829.691
545.233 37900.125
545.512 37877.880
545.791 37853.701
546.070 37855.634
546.351 37843.061
546.632 37829.520
546.912 37872.072
547.193 37868.075
547.474 37864.202
547.755 37896.046
548.036 37780.404
548.317 37852.582
548.597 37882.591
548.878 37869.164
549.159 37909.782
549.440 37942.607
549.721 37872.062
550.001 37922.351
550.282 37916.548
550.563 37855.758
550.844 37923.389
551.125 37888.498
551.406 37875.199
551.686 37925.319
551.967 37916.783
552.248 37890.850
552.529 37922.567
552.810 37930.280
553.090 37876.515
553.371 37939.016
553.652 37886.138
553.933 37912.124
554.214 37886.355
554.495 37905.566
554.775 37883.471
555.056 37885.391
555.337 37878.666
555.618 37920.932
555.899 37932.458
556.179 37899.796
556.460 37962.199
556.741 37972.748
557.022 37871.935
557.303 37878.542
557.584 37920.696
557.864 37897.475
558.145 37883.973
558.426 37902.978
558.707 37958.062
558.988 37975.438
559.268 37940.520
559.549 37960.773
559.830 37890.839
560.111 37855.431
560.392 37886.287
560.673 37923.055
560.953 37942.588
561.234 38025.364
561.515 37999.671
561.796 37946.257
562.077 37845.213
562.357 37817.938
562.638 37867.061
562.919 37870.791
563.200 37945.497
563.481 37975.537
563.762 37966.491
564.042 37912.218
564.323 37836.000
564.604 37788.598
564.885 37794.420
565.166 37795.013
565.446 37868.468
565.727 37864.293
566.008 37830.120
566.289 37768.565
566.570 37737.811
566.851 37775.626
567.131 37766.007
567.412 37740.084
567.693 37673.336
567.974 37678.031
568.255 37635.547
568.535 37632.536
568.816 37619.877
569.097 37658.270
569.378 37569.775
569.659 37589.402
569.940 37593.413
570.220 37561.316
570.501 37603.649
570.782 37488.094
571.063 37467.564
571.344 37484.080
571.624 37376.379
571.905 37411.861
572.186 37400.826
572.467 37359.059
572.748 37377.509
573.029 37356.761
573.309 37421.146
573.590 37355.104
573.871 37332.613
574.152 37260.177
574.433 37238.043
574.713 37264.731
574.994 37177.678
575.275 37174.003
575.556 37069.024
575.837 37070.170
576.118 37110.491
576.398 37038.957
576.679 37008.683
576.960 36988.489
577.252 37017.781
577.543 36954.143
577.835 36913.738
578.127 36888.484
578.418 36826.867
578.710 36799.390
579.002 36680.400
579.293 36622.823
579.585 36721.697
579.877 36682.835
580.168 36653.392
580.460 36603.241
580.752 36557.058
581.043 36517.910
581.335 36468.487
581.627 36385.917
581.918 36400.392
582.210 36296.096
582.502 36272.578
582.793 36261.108
583.085 36242.894
583.376 36139.197
583.668 36175.852
583.960 36098.633
584.251 36102.865
584.543 36064.708
584.835 35947.850
585.126 35890.746
585.418 35891.669
585.710 35831.327
586.001 35745.136
586.293 35655.115
586.585 35667.950
586.876 35604.972
587.168 35493.279
587.460 35484.356
587.751 35422.575
588.043 35463.334
588.335 35420.753
588.626 35262.138
588.918 35220.351
589.210 35146.898
589.501 35113.331
589.793 35054.378
590.085 35075.633
590.376 34988.951
590.668 34997.401
590.960 34894.534
591.251 34819.049
591.543 34750.045
591.835 34746.321
592.126 34669.372
592.418 34633.837
592.710 34588.621
593.001 34546.513
593.293 34446.562
593.585 34389.876
593.876 34322.495
594.168 34265.023
594.460 34198.853
594.751 34169.913
595.043 34099.278
595.334 34004.856
595.626 33931.820
595.918 33894.225
596.209 33846.633
596.501 33733.894
596.793 33692.370
597.084 33582.278
597.376 33550.610
597.668 33469.877
597.959 33406.804
598.251 33329.939
598.543 33264.275
598.834 33157.538
599.126 33120.032
599.418 33052.215
599.709 33015.632
600.001 32943.493
600.293 32845.371
600.584 32838.904
600.876 32721.445
601.168 32637.392
601.459 32586.744
601.751 32549.620
602.043 32419.090
602.334 32384.568
602.626 32251.339
602.918 32202.039
603.209 32133.072
603.501 32198.803
603.793 32055.543
604.084 31955.314
604.376 31842.458
604.668 31813.424
604.959 31695.143
605.251 31646.060
605.543 31603.742
605.834 31536.497
606.126 31444.599
606.418 31353.895
606.709 31323.818
607.001 31191.495
607.292 31151.957
607.584 31112.213
607.876 31012.319
608.167 30909.398
608.459 30877.110
608.751 30729.620
609.042 30668.591
609.334 30658.953
609.626 30580.172
609.917 30491.419
610.209 30418.846
610.501 30380.424
610.792 30322.447
611.084 30308.258
611.376 30232.150
611.667 30168.029
611.959 30043.863
612.251 29993.089
612.542 29851.154
612.834 29824.367
613.126 29688.355
613.417 29683.083
613.709 29561.662
614.001 29546.474
614.292 29422.262
614.584 29387.115
614.876 29328.667
615.167 29232.385
615.459 29170.652
615.751 29074.024
616.042 29058.783
616.334 28988.406
616.626 28902.525
616.917 28885.883
617.209 28803.993
617.501 28728.411
617.792 28701.305
618.084 28646.083
618.376 28627.497
618.667 28540.526
618.959 28418.943
619.250 28438.573
619.542 28371.025
619.834 28302.342
620.125 28239.002
620.417 28224.985
620.709 28176.581
621.000 28116.560
621.292 28016.833
621.584 27967.540
621.875 27913.432
622.167 27860.290
622.459 27780.096
622.750 27709.843
623.042 27650.624
623.334 27642.893
623.625 27523.591
623.917 27472.842
624.209 27442.350
624.500 27336.933
624.792 27323.050
625.084 27270.723
625.375 27165.261
625.667 27153.770
625.959 27048.914
626.250 27016.890
626.542 26937.139
626.834 26874.759
627.125 26859.879
627.417 26793.536
627.709 26683.649
628.000 26625.974
628.292 26604.672
628.584 26520.949
628.875 26504.776
629.167 26438.473
629.459 26402.917
629.750 26336.971
630.042 26257.498
630.334 26168.827
630.625 26151.539
630.917 26135.996
631.208 26024.113
631.500 25925.102
631.792 25895.976
632.083 25850.249
632.375 25791.184
632.667 25761.823
632.958 25717.346
633.250 25645.990
633.542 25605.158
633.833 25574.212
634.125 25462.112
634.417 25426.322
634.708 25354.527
635.000 25297.308
635.292 25225.817
635.583 25160.093
635.875 25175.435
636.167 25095.281
636.458 25100.432
636.750 25068.946
637.042 24931.984
637.333 24909.962
637.625 24851.172
637.917 24854.755
638.208 24822.207
638.500 24748.579
638.792 24699.916
639.083 24637.476
639.375 24578.737
639.667 24532.010
639.958 24509.532
640.250 24476.119
640.542 24441.953
640.833 24382.249
641.125 24351.769
641.417 24348.526
641.708 24271.631
642.000 24265.625
642.292 24251.454
642.583 24210.210
642.875 24185.147
643.166 24152.829
643.458 24146.972
643.750 24096.563
644.041 24068.656
644.333 24086.898
644.625 24030.647
644.916 24042.538
645.208 24038.824
645.500 24029.613
645.791 23981.905
646.083 23958.127
646.375 23980.104
646.666 23923.326
646.958 23934.313
647.250 23888.524
647.541 23898.503
647.833 23864.712
648.125 23820.425
648.416 23834.185
648.708 23815.496
649.000 23751.157
649.291 23738.967
649.583 23733.200
649.875 23718.869
650.166 23731.534
650.458 23712.535
650.750 23688.193
651.041 23636.929
651.333 23605.417
651.625 23642.752
651.916 23613.248
652.208 23615.322
652.500 23564.062
652.791 23530.567
653.083 23526.339
653.375 23474.050
653.666 23467.008
653.958 23466.008
654.250 23489.895
654.541 23421.809
654.833 23423.144
655.124 23368.532
655.416 23394.204
655.708 23370.962
655.999 23341.715
656.291 23326.928
656.583 23340.468
656.874 23354.369
657.166 23293.761
657.458 23318.985
657.749 23276.288
658.041 23269.902
658.333 23281.831
658.624 23254.479
658.916 23228.763
659.208 23210.867
659.499 23179.578
659.791 23187.210
660.083 23195.983
660.374 23157.928
660.666 23172.431
660.958 23151.522
661.249 23128.409
661.541 23138.241
661.833 23116.188
662.124 23096.236
662.416 23089.596
662.708 23087.756
662.999 23043.481
663.291 23033.887
663.583 23020.438
663.874 23027.193
664.166 23023.352
664.458 23011.768
664.749 22990.490
665.041 22994.345
665.333 22970.148
665.624 22973.968
665.916 22945.838
666.208 22924.425
666.499 22927.265
666.791 22979.702
667.082 22875.755
667.374 22870.643
667.666 22870.641
667.957 22868.436
668.249 22857.702
668.541 22890.551
668.832 22832.005
669.124 22824.990
669.416 22833.468
669.707 22795.030
669.999 22799.935
670.291 22772.232
670.582 22776.703
670.874 22762.688
671.166 22726.233
671.457 22744.447
671.749 22715.817
672.041 22690.831
672.332 22674.031
672.624 22706.057
672.916 22667.441
673.207 22670.748
673.499 22661.481
673.791 22615.417
674.082 22593.547
674.374 22598.711
674.666 22556.877
674.957 22525.052
675.249 22545.011
675.541 22516.067
675.832 22520.576
676.124 22485.581
676.416 22527.147
676.707 22487.065
676.999 22492.074
677.291 22475.991
677.582 22421.773
677.874 22386.014
678.166 22374.328
678.457 22392.218
678.749 22388.184
679.040 22346.192
679.332 22352.600
679.624 22326.666
679.915 22316.873
680.207 22300.981
680.499 22274.637
680.790 22243.720
681.082 22245.749
681.374 22223.639
681.665 22198.432
681.957 22176.050
682.249 22173.172
682.540 22151.940
682.832 22067.262
683.124 22089.938
683.415 22071.550
683.707 22050.200
683.999 22088.069
684.290 22027.706
684.582 22027.704
684.874 21988.756
685.165 21931.389
685.457 21938.433
685.749 21908.657
686.040 21889.034
686.332 21813.170
686.624 21828.216
686.915 21823.251
687.207 21797.139
687.499 21743.847
687.790 21758.532
688.082 21746.146
688.374 21673.905
688.665 21649.135
688.957 21637.781
689.249 21635.715
689.540 21590.305
689.832 21565.535
690.124 21553.721
690.415 21494.834
690.707 21463.286
690.998 21431.814
691.290 21422.951
691.582 21380.550
691.873 21336.080
692.165 21306.088
692.457 21308.474
692.748 21236.798
693.040 21271.483
693.332 21199.772
693.623 21201.013
693.915 21185.467
694.207 21107.856
694.498 21075.540
694.790 21061.108
695.082 21061.169
695.373 20991.665
695.665 20977.140
695.957 20897.369
696.248 20890.113
696.540 20853.690
696.836 20793.735
697.133 20766.548
697.429 20740.881
697.725 20697.042
698.021 20671.447
698.318 20651.394
698.614 20579.051
698.910 20560.560
699.207 20564.118
699.503 20489.582
699.799 20465.288
700.095 20396.000
700.392 20398.066
700.688 20336.016
700.984 20244.505
701.281 20251.727
701.577 20215.827
701.873 20195.366
702.169 20174.321
702.466 20094.855
702.762 20054.549
703.058 20041.145
703.355 19966.950
703.651 19933.992
703.947 19910.395
704.243 19869.375
704.540 19809.958
704.836 19757.346
705.132 19692.200
705.428 19680.588
705.725 19645.016
706.021 19565.904
706.317 19532.670
706.614 19523.984
706.910 19451.822
707.206 19408.875
707.502 19358.771
707.799 19316.846
708.095 19266.197
708.391 19217.215
708.688 19218.011
708.984 19137.479
709.280 19116.851
709.576 19071.143
709.873 19010.020
710.169 18930.750
710.465 18931.833
710.762 18848.582
711.058 18779.991
711.354 18749.339
711.650 18686.079
711.947 18633.446
712.243 18616.002
712.539 18563.474
712.836 18511.440
713.132 18419.189
713.428 18407.090
713.724 18380.878
714.021 18339.203
714.317 18287.841
714.613 18216.908
714.910 18136.367
715.206 18106.138
715.502 18057.045
715.798 17992.807
716.095 17950.664
716.391 17911.722
716.687 17819.627
716.984 17755.561
717.280 17727.531
717.576 17681.801
717.872 17675.474
718.169 17597.796
718.465 17516.794
718.761 17476.791
719.058 17429.789
719.354 17372.414
719.650 17359.144
719.946 17298.782
720.243 17244.268
720.539 17201.777
720.835 17145.921
721.131 17070.773
721.428 17058.829
721.724 17027.824
722.020 16948.714
722.317 16919.683
722.613 16841.444
722.909 16803.562
723.205 16782.321
723.502 16711.754
723.798 16686.438
724.094 16633.749
724.391 16617.747
724.687 16560.184
724.983 16471.798
725.279 16417.071
725.576 16421.472
725.872 16358.301
726.168 16318.458
726.465 16273.363
726.761 16225.375
727.057 16152.656
727.353 16080.082
727.650 16071.221
727.946 16038.448
728.242 16003.686
728.539 15938.207
728.835 15858.979
729.131 15793.770
729.427 15746.494
729.724 15722.752
730.020 15662.747
730.316 15631.124
730.613 15591.596
730.909 15549.647
731.205 15465.637
731.501 15394.169
731.798 15337.954
732.094 15307.683
732.390 15225.079
732.687 15191.990
732.983 15139.444
733.279 15073.497
733.575 15019.360
733.872 14964.240
734.168 14926.836
734.464 14865.810
734.761 14776.680
735.057 14769.575
735.353 14687.960
735.649 14666.981
735.946 14596.906
736.242 14504.070
736.538 14497.686
736.835 14424.992
737.131 14352.243
737.427 14298.664
737.723 14239.838
738.020 14202.978
738.316 14151.449
738.612 14096.598
738.909 14073.161
739.205 14000.609
739.501 13973.156
739.797 13881.229
740.094 13813.894
740.390 13746.195
740.686 13689.744
740.982 13689.438
741.279 13561.685
741.575 13551.029
741.871 13504.499
742.168 13448.184
742.464 13383.538
742.760 13333.585
743.056 13307.740
743.353 13257.942
743.649 13168.218
743.945 13148.753
744.242 13112.551
744.538 13055.628
744.834 12961.345
745.130 12932.779
745.427 12878.749
745.723 12815.878
746.019 12809.794
746.316 12728.179
746.612 12701.334
746.908 12640.308
747.204 12581.662
747.501 12527.633
747.797 12478.882
748.093 12439.390
748.390 12382.188
748.686 12357.884
748.982 12268.771
749.278 12225.821
749.575 12202.103
749.871 12156.956
750.167 12075.765
750.464 12040.158
750.760 11994.566
751.056 11959.915
751.352 11904.372
751.649 11827.715
751.945 11806.858
752.241 11746.027
752.538 11687.686
752.834 11634.326
753.130 11587.557
753.426 11542.863
753.723 11517.419
754.019 11439.607
754.315 11398.686
754.611 11360.481
754.908 11318.160
755.204 11236.475
755.500 11205.472
755.797 11156.940
756.093 11092.466
756.389 11059.583
756.685 10996.454
756.982 10975.384
757.278 10912.192
757.574 10853.868
757.871 10809.688
758.167 10761.492
758.463 10693.524
758.759 10629.329
759.056 10598.833
759.352 10538.589
759.648 10505.454
759.945 10445.210
760.241 10440.066
760.537 10381.091
760.833 10280.101
761.130 10241.868
761.426 10219.512
761.722 10155.343
762.019 10123.396
762.315 10046.686
762.611 10001.412
762.907 9923.867
763.204 9890.410
763.500 9853.933
763.802 9793.324
764.104 9735.478
764.406 9725.364
764.708 9690.356
765.010 9629.301
765.312 9577.888
765.615 9522.644
765.917 9490.233
766.219 9428.509
766.521 9369.801
766.823 9342.470
767.125 9282.024
767.427 9266.080
767.729 9207.463
768.031 9160.760
768.333 9105.026
768.635 9073.444
768.937 9035.950
769.239 8988.135
769.542 8926.152
769.844 8886.514
770.146 8823.503
770.448 8797.888
770.750 8744.726
771.052 8674.789
771.354 8651.697
771.656 8572.036
771.958 8569.122
772.260 8527.324
772.562 8492.663
772.864 8434.556
773.166 8398.668
773.468 8356.785
773.771 8325.449
774.073 8249.272
774.375 8220.126
774.677 8175.133
774.979 8133.208
775.281 8071.781
775.583 8059.704
775.885 7991.062
776.187 7973.604
776.489 7919.325
776.791 7864.880
777.093 7846.257
777.395 7769.252
777.698 7757.706
778.000 7713.510
778.302 7651.483
778.604 7611.586
778.906 7562.549
779.208 7521.889
779.510 7495.081
779.812 7450.181
780.114 7419.817
780.416 7356.263
780.718 7309.501
781.020 7289.177
781.322 7249.183
781.625 7191.526
781.927 7158.104
782.229 7126.370
782.531 7089.138
782.833 7065.417
783.135 7009.503
783.437 6960.896
783.739 6905.889
784.041 6881.929
784.343 6844.581
784.645 6792.710
784.947 6780.031
785.249 6742.376
785.552 6684.544
785.854 6644.587
786.156 6583.061
786.458 6547.704
786.760 6511.662
787.062 6474.996
787.364 6430.370
787.666 6415.936
787.968 6337.682
788.270 6314.485
788.572 6272.288
788.874 6225.529
789.176 6202.460
789.478 6174.409
789.781 6133.101
790.083 6106.843
790.385 6058.813
790.687 6032.232
790.989 5985.135
791.291 5964.697
791.593 5924.002
791.895 5894.721
792.197 5855.244
792.499 5819.445
792.801 5778.819
793.103 5737.207
793.405 5714.671
793.708 5659.946
794.010 5638.871
794.312 5610.345
794.614 5543.773
794.916 5530.476
795.218 5498.992
795.520 5462.245
795.822 5433.169
796.124 5377.562
796.426 5361.945
796.728 5319.613
797.030 5279.863
797.332 5232.905
797.635 5199.814
797.937 5171.419
798.239 5155.316
798.541 5115.317
798.843 5071.065
799.145 5037.623
799.447 5020.835
799.749 4967.740
800.051 4939.890
800.353 4916.139
800.655 4870.090
800.957 4843.443
801.259 4819.938
801.562 4772.049
801.864 4743.824
802.166 4700.377
802.468 4681.597
802.770 4652.710
803.072 4618.471
803.374 4574.140
803.676 4550.557
803.978 4514.607
804.280 4484.821
804.582 4446.061
804.884 4423.629
805.186 4406.745
805.488 4378.549
805.791 4335.253
806.093 4319.006
806.395 4281.942
806.697 4257.594
806.999 4218.505
807.301 4183.338
807.603 4174.458
807.905 4132.512
808.207 4112.862
808.509 4094.009
808.811 4057.618
809.113 4034.031
809.415 4001.832
809.718 3951.334
810.020 3942.536
810.322 3913.630
810.624 3893.381
810.926 3873.171
811.228 3816.462
811.530 3816.812
811.834 3791.960
812.139 3757.774
812.443 3733.499
812.748 3707.416
813.052 3676.421
813.357 3662.669
813.661 3637.151
813.966 3617.418
814.270 3580.129
814.574 3563.751
814.879 3543.273
815.183 3504.102
815.488 3481.713
815.792 3470.337
816.097 3442.237
816.401 3420.900
816.706 3387.258
817.010 3371.463
817.314 3349.596
817.619 3348.022
817.923 3305.862
818.228 3268.969
818.532 3262.128
818.837 3249.056
819.141 3225.570
819.445 3200.139
819.750 3184.166
820.054 3142.066
820.359 3130.801
820.663 3099.458
820.968 3098.692
821.272 3065.325
821.577 3033.001
821.881 3013.999
822.185 3028.348
822.490 3002.581
822.794 2972.069
823.099 2942.458
823.403 2922.194
823.708 2891.775
824.012 2892.520
824.317 2869.550
824.621 2837.010
824.925 2811.765
825.230 2813.679
825.534 2793.738
825.839 2758.789
826.143 2750.868
826.448 2734.985
826.752 2712.845
827.057 2696.565
827.361 2682.082
827.665 2651.482
827.970 2641.807
828.274 2625.967
828.579 2602.543
828.883 2593.801
829.188 2578.825
829.492 2559.500
829.796 2546.929
830.101 2519.646
830.405 2505.473
830.710 2487.330
831.014 2469.661
831.319 2468.091
831.623 2445.449
831.928 2439.853
832.232 2417.144
832.536 2403.128
832.841 2373.820
833.145 2363.644
833.450 2350.795
833.754 2336.860
834.059 2340.519
834.363 2311.912
834.668 2285.817
834.972 2267.329
835.276 2254.540
835.581 2242.976
835.885 2247.493
836.190 2220.150
836.494 2214.073
836.799 2213.922
837.103 2191.560
837.407 2175.831
837.712 2159.679
838.016 2155.911
838.321 2126.383
838.625 2105.207
838.930 2100.275
839.234 2087.165
839.539 2076.840
839.843 2070.863
840.147 2053.315
840.452 2040.960
840.756 2027.484
841.061 2012.953
841.365 2003.577
841.670 1981.616
841.974 1978.473
842.279 1972.105
842.583 1957.320
842.887 1946.744
843.192 1933.898
843.496 1931.709
843.801 1921.860
844.105 1904.667
844.410 1891.781
844.714 1877.540
845.019 1867.495
845.323 1864.912
845.627 1849.367
845.932 1841.125
846.236 1832.993
846.541 1817.868
846.845 1818.860
847.150 1804.795
847.454 1792.824
847.758 1802.603
848.063 1783.996
848.367 1775.756
848.672 1754.881
848.976 1764.256
849.281 1744.374
849.585 1737.785
849.890 1727.506
850.194 1712.002
850.498 1707.085
850.803 1704.110
851.107 1692.976
851.412 1673.874
851.716 1673.469
852.021 1660.849
852.325 1658.187
852.630 1640.286
852.934 1638.820
853.238 1630.114
853.543 1609.801
853.847 1604.332
854.152 1616.244
854.456 1598.672
854.761 1586.832
855.065 1578.359
855.370 1569.594
855.674 1554.795
855.978 1559.554
856.283 1550.043
856.587 1539.830
856.892 1538.155
857.196 1527.635
857.501 1517.311
857.805 1516.680
858.109 1501.226
858.414 1501.738
858.718 1485.479
859.023 1484.052
859.327 1472.681
859.632 1466.733
859.936 1447.417
860.241 1454.945
860.545 1442.541
860.849 1449.809
861.154 1436.105
861.458 1433.930
861.763 1433.196
862.067 1415.442
862.372 1415.195
862.676 1408.458
862.981 1401.431
863.285 1403.353
863.589 1392.160
863.894 1382.829
864.198 1383.271
864.503 1385.391
864.807 1383.198
865.112 1375.151
865.416 1371.026
865.721 1362.382
866.025 1354.554
866.329 1359.416
866.634 1358.410
866.938 1353.976
867.243 1342.538
867.547 1326.278
867.852 1329.647
868.156 1329.350
868.460 1326.302
868.765 1329.362
869.069 1335.121
869.374 1328.455
869.678 1310.020
869.983 1310.982
870.287 1313.123
870.592 1307.355
870.896 1319.143
871.200 1298.398
871.505 1306.159
871.809 1304.700
872.114 1300.186
872.418 1302.341
872.723 1288.194
873.027 1292.957
873.332 1282.386
873.636 1287.536
873.940 1278.263
874.245 1274.902
874.549 1276.700
874.854 1265.212
875.158 1264.116
875.463 1277.184
875.767 1259.112
876.072 1269.530
876.376 1262.048
876.680 1259.565
876.985 1254.804
877.289 1257.744
877.594 1244.607
877.898 1242.568
878.203 1231.694
878.507 1236.908
878.811 1236.640
879.116 1240.954
879.420 1236.844
879.725 1224.624
880.029 1223.616
880.334 1216.649
880.638 1223.402
880.943 1224.101
881.247 1207.027
881.551 1217.732
881.856 1209.214
882.160 1190.473
882.465 1195.364
882.769 1185.752
883.074 1191.539
883.378 1189.543
883.683 1186.812
883.987 1188.795
884.291 1194.067
884.596 1188.441
884.900 1190.770
885.205 1194.959
885.509 1189.848
885.814 1195.678
886.118 1195.296
886.423 1206.743
886.727 1201.654
887.031 1218.027
887.336 1216.596
887.640 1219.125
887.945 1227.939
888.249 1235.721
888.554 1221.534
888.858 1220.213
889.162 1238.179
889.467 1245.935
889.771 1242.266
890.076 1239.294
890.380 1243.393
890.685 1258.732
890.989 1252.547
891.294 1239.489
891.598 1237.388
891.902 1248.173
892.207 1243.580
892.511 1245.409
892.816 1237.364
893.120 1254.354
893.425 1260.107
893.729 1249.513
894.034 1247.204
894.338 1245.356
894.642 1244.880
894.947 1245.570
895.251 1242.324
895.556 1252.708
895.860 1260.336
896.165 1246.454
896.469 1249.453
896.774 1248.291
897.078 1258.940
897.382 1244.331
897.687 1251.980
897.991 1254.996
898.296 1252.436
898.600 1241.267
898.905 1245.210
899.209 1240.772
899.513 1237.970
899.818 1249.379
900.122 1245.166
900.427 1238.172
900.731 1244.924
901.036 1252.387
901.340 1259.644
901.645 1254.717
901.949 1246.754
902.253 1248.621
902.558 1246.265
902.862 1246.965
903.167 1241.070
903.471 1236.138
903.776 1243.397
904.080 1226.212
904.385 1245.037
904.689 1245.493
904.993 1252.566
905.298 1234.601
905.602 1237.157
905.907 1239.046
906.211 1235.749
906.516 1234.071
906.820 1234.004
907.125 1237.123
907.429 1239.466
907.733 1232.082
908.038 1231.786
908.342 1223.199
908.647 1229.646
908.951 1229.421
909.256 1228.162
909.560 1236.743
909.864 1232.853
910.169 1231.445
910.473 1222.090
910.778 1228.261
911.082 1219.951
911.387 1228.029
911.691 1224.405
911.996 1222.908
912.300 1234.653
912.609 1222.574
912.918 1228.567
913.227 1218.706
913.537 1216.016
913.846 1217.728
914.155 1219.530
914.464 1223.607
914.773 1212.807
915.082 1216.477
915.391 1215.708
915.700 1210.841
916.010 1201.704
916.319 1207.544
916.628 1211.078
916.937 1211.070
917.246 1191.699
917.555 1200.302
917.864 1205.785
918.174 1193.033
918.483 1194.795
918.792 1208.131
919.101 1193.769
919.410 1197.699
919.719 1195.315
920.028 1204.192
920.337 1204.790
920.647 1199.039
920.956 1196.642
921.265 1195.252
921.574 1202.792
921.883 1184.874
922.192 1184.237
922.501 1199.383
922.811 1180.774
923.120 1183.132
923.429 1189.326
923.738 1192.134
924.047 1195.917
924.356 1180.818
924.665 1187.412
924.974 1180.522
925.284 1183.915
925.593 1181.883
925.902 1178.912
926.211 1174.831
926.520 1188.444
926.829 1175.170
927.138 1179.610
927.448 1177.920
927.757 1187.710
928.066 1166.975
928.375 1187.050
928.684 1170.915
928.993 1169.017
929.302 1168.323
929.611 1181.299
929.921 1168.315
930.230 1168.306
930.539 1172.824
930.848 1159.579
931.157 1174.579
931.466 1171.637
931.775 1165.107
932.085 1168.821
932.394 1154.395
932.703 1158.098
933.012 1163.251
933.321 1170.811
933.630 1144.313
933.939 1153.096
934.248 1168.104
934.558 1159.925
934.867 1160.410
935.176 1168.868
935.485 1159.709
935.794 1171.216
936.103 1164.605
936.412 1173.095
936.721 1179.340
937.031 1186.058
937.340 1182.950
937.649 1182.954
937.958 1198.419
938.267 1202.244
938.576 1204.095
938.885 1218.398
939.195 1222.498
939.504 1220.987
939.813 1209.713
940.122 1218.156
940.431 1227.729
940.740 1226.054
941.049 1225.125
941.359 1223.066
941.668 1232.676
941.977 1228.540
942.286 1228.401
942.595 1228.260
942.904 1241.481
943.213 1226.290
943.522 1237.741
943.832 1226.932
944.141 1239.896
944.450 1221.306
944.759 1220.637
945.068 1227.683
945.377 1214.269
945.686 1205.157
945.995 1217.365
946.305 1202.185
946.614 1205.933
946.923 1183.647
947.232 1188.947
947.541 1186.702
947.850 1187.046
948.159 1176.617
948.469 1162.514
948.778 1165.071
949.087 1161.624
949.396 1142.865
949.705 1147.334
950.014 1136.653
950.323 1128.482
950.632 1113.289
950.942 1120.632
951.251 1134.317
951.560 1101.612
951.869 1090.579
952.178 1088.582
952.487 1082.895
952.796 1081.087
953.106 1079.202
953.415 1078.497
953.724 1070.729
954.033 1075.410
954.342 1072.203
954.651 1062.070
954.960 1037.409
955.269 1038.148
955.579 1028.509
955.888 1025.884
956.197 1025.750
956.506 1012.660
956.815 1009.091
957.124 1000.875
957.433 1000.857
957.743 982.551
958.052 991.692
958.361 992.846
958.670 979.276
958.979 981.695
959.288 964.888
959.597 961.812
959.906 959.710
960.216 940.207
960.525 940.261
960.834 928.553
961.143 929.007
961.452 926.139
961.761 916.678
962.070 912.923
962.380 909.023
962.689 897.841
962.998 900.265
963.307 890.388
963.616 883.277
963.925 891.165
964.234 874.361
964.543 878.486
964.853 875.630
965.162 860.260
965.471 864.015
965.780 866.584
966.095 858.603
966.410 853.403
966.725 843.322
967.040 851.259
967.356 840.396
967.671 836.385
967.986 830.373
968.301 831.362
968.616 832.351
968.931 832.339
969.246 832.328
969.561 835.317
969.876 823.305
970.192 832.294
970.507 822.282
970.822 825.271
971.137 814.259
971.452 821.248
971.767 810.236
972.082 810.224
972.397 804.213
972.712 813.201
973.028 817.189
973.343 807.177
973.658 802.166
973.973 794.154
974.288 796.142
974.603 796.130
974.918 805.118
975.233 798.106
975.548 796.094
975.864 798.082
976.179 782.070
976.494 788.058
976.809 796.046
977.124 800.034
977.439 782.022
977.754 792.010
978.069 785.998
978.384 782.986
978.700 771.973
979.015 781.961
979.330 781.949
979.645 779.936
979.960 781.924
980.275 779.912
980.590 770.899
980.905 775.887
981.221 767.874
981.536 767.862
981.851 764.849
982.166 759.837
982.481 763.824
982.796 759.812
983.111 756.799
983.426 765.786
983.741 750.773
984.057 741.761
984.372 759.748
984.687 745.735
985.002 738.722
985.317 735.709
985.632 736.696
985.947 730.684
986.262 740.671
986.577 729.658
986.893 736.645
987.208 736.631
987.523 730.618
987.838 734.605
988.153 728.592
988.468 731.579
988.783 723.566
989.098 727.552
989.413 726.539
989.729 726.526
990.044 722.512
990.359 731.499
990.674 719.486
990.989 731.472
991.304 725.459
991.619 733.445
991.934 729.432
992.249 734.418
992.565 726.404
992.880 729.391
993.195 718.377
993.510 727.363
993.825 715.350
994.140 721.336
994.455 728.322
994.770 733.308
995.085 726.294
995.401 730.280
995.716 719.266
996.031 725.252
996.346 714.238
996.661 719.224
996.976 722.210
997.291 731.196
997.606 725.182
997.921 723.168
998.237 727.153
998.552 726.139
998.867 730.125
999.182 739.111
999.497 735.096
999.812 732.082
1000.127 742.067
1000.442 743.053
1000.757 748.038
1001.073 746.024
1001.388 748.009
1001.703 750.994
1002.018 757.980
1002.333 743.965
1002.648 745.950
1002.963 766.936
1003.278 766.921
1003.593 760.906
1003.909 766.891
1004.224 767.876
1004.539 774.861
1004.854 779.846
1005.169 778.831
1005.484 782.816
1005.799 783.801
1006.114 778.786
1006.429 775.771
1006.745 790.755
1007.060 792.740
1007.375 797.725
1007.690 793.709
1008.005 800.694
1008.320 803.679
1008.635 813.663
1008.950 811.648
1009.265 813.632
1009.581 824.617
1009.896 815.601
1010.211 822.585
1010.526 831.570
1010.841 824.554
1011.156 826.538
1011.471 827.522
1011.786 836.507
1012.102 841.491
1012.417 837.475
1012.732 839.459
1013.047 839.443
1013.362 845.427
1013.677 851.411
1013.992 856.394
1014.307 858.378
1014.622 865.362
1014.938 866.346
1015.253 863.330
1015.568 871.313
1015.883 869.297
1016.198 876.280
1016.513 882.264
1016.828 874.247
1017.143 895.231
1017.458 887.214
1017.774 881.198
1018.089 897.181
1018.404 899.164
1018.719 913.148
1019.034 917.131
1019.349 913.114
1019.664 908.097
1019.979 916.080
1020.294 915.063
1020.610 913.046
1020.925 921.029
1021.240 936.012
1021.555 948.995
1021.870 936.978
1022.185 936.961
1022.500 937.943
1022.815 956.926
1023.130 957.909
1023.446 960.891
1023.761 965.874
1024.076 968.856
1024.391 965.839
1024.706 967.821
1025.021 985.803
1025.336 977.786
1025.651 989.768
1025.966 984.750
1026.282 997.733
1026.597 1005.715
1026.912 1009.697
1027.227 1007.679
1027.542 1010.661
1027.857 1022.643
1028.172 1029.625
1028.487 1012.607
1028.802 1047.588
1029.118 1035.570
1029.433 1039.552
1029.748 1056.534
1030.063 1047.515
1030.378 1047.497
1030.693 1050.478
1031.008 1047.460
1031.323 1046.441
1031.638 1060.423
1031.954 1068.404
1032.269 1060.385
1032.584 1067.367
1032.899 1081.348
1033.214 1083.329
1033.529 1078.310
1033.844 1077.291
1034.159 1083.272
1034.474 1092.253
1034.790 1090.234
1035.105 1095.215
1035.420 1090.196
1035.735 1098.177
1036.050 1099.157
1036.365 1092.138
1036.680 1105.119
1036.995 1105.099
1037.310 1108.080
1037.626 1103.060
1037.941 1092.041
1038.256 1114.021
1038.571 1109.001
1038.886 1119.982
1039.201 1106.962
1039.516 1110.942
1039.831 1119.922
1040.146 1112.902
1040.462 1115.882
1040.777 1116.862
1041.092 1117.842
1041.407 1122.822
1041.722 1122.802
1042.037 1126.781
1042.352 1125.761
1042.667 1118.741
1042.982 1118.720
1043.298 1127.700
1043.613 1120.679
1043.928 1133.659
1044.243 1119.638
1044.558 1114.618
1044.873 1117.597
1045.188 1126.576
1045.503 1110.555
1045.819 1115.534
1046.134 1112.513
1046.449 1114.492
1046.764 1111.471
1047.079 1112.450
1047.394 1106.429
1047.709 1107.408
1048.024 1119.387
1048.339 1101.365
1048.655 1103.344
1048.970 1102.323
1049.285 1101.301
1049.600 1100.280
1049.915 1104.258
1050.230 1097.236
1050.545 1100.215
1050.860 1099.193
1051.175 1099.171
1051.491 1097.149
1051.806 1093.127
1052.121 1082.105
1052.436 1083.083
1052.751 1085.061
1053.066 1079.039
1053.381 1086.017
1053.696 1079.994
1054.011 1074.972
1054.327 1081.950
1054.642 1084.927
1054.957 1069.905
1055.272 1073.882
1055.587 1081.859
1055.902 1076.837
1056.217 1080.814
1056.532 1074.791
1056.847 1075.768
1057.163 1067.745
1057.478 1065.722
1057.793 1063.699
1058.108 1054.676
1058.423 1064.653
1058.738 1056.630
1059.053 1049.607
1059.368 1046.583
1059.683 1065.560
1059.999 1058.536
1060.314 1057.513
1060.629 1050.489
1060.944 1062.466
1061.259 1042.442
1061.574 1041.418
1061.889 1041.394
1062.204 1042.370
1062.519 1048.346
1062.835 1038.322
1063.150 1033.298
1063.465 1034.274
1063.780 1029.250
1064.095 1029.226
1064.410 1028.201
1064.725 1047.177
1065.040 1034.152
1065.355 1037.128
1065.671 1035.103
1065.986 1030.079
1066.301 1036.054
1066.616 1033.029
1066.931 1038.004
1067.246 1024.979
1067.561 1039.954
1067.876 1029.929
1068.191 1025.904
1068.507 1011.879
1068.822 1026.854
1069.137 1023.829
1069.452 1022.803
1069.767 1027.778
1070.082 1014.752
1070.397 1017.727
1070.712 1010.701
1071.027 1011.675
1071.343 1001.650
1071.658 1020.624
1071.973 1009.598
1072.288 1010.572
1072.603 1003.546
1072.918 1004.520
1073.233 997.494
1073.548 1006.467
1073.863 996.441
1074.179 999.415
1074.494 1001.388
1074.809 995.362
1075.124 986.335
1075.439 994.309
1075.754 991.282
1076.069 999.255
1076.384 998.228
1076.699 996.201
1077.015 992.174
1077.330 983.147
1077.645 984.120
1077.960 982.093
1078.275 987.066
1078.590 975.038
1078.905 993.011
1079.220 987.983
1079.536 987.956
1079.851 979.928
1080.166 979.901
1080.481 982.873
1080.796 973.845
1081.111 977.817
1081.426 986.789
1081.741 984.761
1082.056 980.733
1082.372 981.705
1082.687 980.676
1083.002 977.648
1083.317 979.620
1083.632 974.591
1083.947 971.563
1084.262 977.534
1084.577 970.505
1084.892 969.477
1085.208 981.448
1085.523 973.419
1085.838 961.390
1086.153 964.361
1086.468 973.332
1086.783 966.302
1087.098 957.273
1087.413 956.244
1087.728 963.214
1088.044 962.185
1088.359 950.155
1088.674 962.125
1088.989 958.096
1089.304 958.066
1089.619 951.036
1089.934 956.006
1090.249 955.976
1090.564 960.946
1090.880 942.916
1091.195 952.885
1091.510 952.855
1091.825 952.824
1092.140 945.794
1092.467 958.763
1092.794 955.733
1093.121 955.702
1093.448 948.671
1093.775 949.640
1094.102 944.609
1094.429 945.578
1094.756 942.547
1095.083 939.516
1095.410 941.485
1095.737 938.453
1096.064 939.422
1096.391 936.390
1096.718 930.359
1097.045 935.327
1097.372 940.295
1097.699 939.263
1098.026 934.231
1098.353 940.199
1098.680 940.167
1099.007 935.135
1099.334 936.103
1099.661 927.071
1099.988 928.038
1100.315 932.006
1100.642 929.973
1100.969 933.940
1101.296 938.908
1101.623 927.875
1101.950 931.842
1102.277 920.809
1102.604 923.776
1102.931 932.743
1103.258 935.710
1103.585 935.676
1103.912 931.643
1104.239 933.610
1104.566 930.576
1104.893 915.542
1105.220 924.509
1105.547 927.475
1105.874 939.441
1106.201 921.407
1106.528 919.373
1106.855 923.339
1107.182 919.305
1107.509 913.270
1107.836 917.236
1108.163 917.202
1108.490 925.167
1108.817 922.132
1109.144 929.098
1109.470 929.063
1109.797 926.028
1110.124 920.993
1110.451 920.958
1110.778 927.923
1111.105 929.888
1111.432 928.852
1111.759 928.817
1112.086 919.782
1112.413 919.746
1112.740 936.710
1113.067 920.675
1113.394 924.639
1113.721 926.603
1114.048 921.567
1114.375 923.531
1114.702 922.495
1115.029 925.459
1115.356 921.422
1115.683 921.386
1116.010 924.349
1116.337 918.313
1116.664 907.276
1116.991 922.239
1117.318 921.203
1117.645 909.166
1117.972 902.129
1118.299 904.092
1118.626 909.054
1118.953 899.017
1119.280 901.980
1119.607 906.942
1119.934 902.905
1120.261 906.867
1120.588 904.830
1120.915 897.792
1121.242 901.754
1121.569 894.716
1121.896 895.678
1122.223 892.640
1122.550 888.602
1122.877 902.563
1123.204 897.525
1123.531 908.486
1123.858 890.448
1124.185 904.409
1124.512 893.371
1124.839 899.332
1125.166 900.293
1125.493 897.254
1125.820 893.215
1126.147 885.176
1126.474 897.136
1126.801 886.097
1127.128 890.058
1127.455 889.018
1127.782 881.978
1128.109 882.939
1128.436 889.899
1128.763 882.859
1129.090 872.819
1129.417 870.779
1129.744 881.739
1130.071 865.699
1130.398 875.658
1130.725 866.618
1131.052 876.578
1131.379 867.537
1131.706 866.496
1132.033 877.456
1132.360 853.415
1132.687 856.374
1133.014 862.333
1133.341 856.292
1133.668 854.251
1133.995 852.209
1134.322 846.168
1134.649 861.127
1134.976 855.085
1135.303 849.043
1135.630 848.002
1135.957 846.960
1136.284 848.918
1136.611 839.876
1136.938 834.834
1137.265 833.792
1137.592 828.750
1137.919 823.708
1138.246 823.665
1138.573 815.623
1138.900 808.580
1139.227 809.538
1139.554 809.495
1139.881 815.452
1140.208 798.409
1140.535 796.366
1140.862 795.323
1141.189 785.280
1141.516 784.237
1141.843 781.193
1142.170 785.150
1142.497 781.107
1142.824 775.063
1143.151 779.019
1143.478 767.976
1143.805 771.932
1144.131 761.888
1144.458 768.844
1144.785 775.800
1145.112 767.756
1145.439 765.711
1145.766 761.667
1146.093 767.623
1146.420 772.578
1146.747 760.534
1147.074 750.489
1147.401 752.444
1147.728 754.400
1148.055 769.355
1148.382 758.310
1148.709 756.265
1149.036 760.220
1149.363 762.174
1149.690 745.129
1150.017 757.084
1150.344 765.038
1150.671 754.993
1150.998 752.947
1151.325 751.901
1151.652 748.856
1151.979 744.810
1152.306 742.764
1152.633 750.718
1152.960 746.672
1153.287 748.626
1153.614 741.579
1153.941 735.533
1154.268 743.487
1154.595 741.440
1154.922 751.394
1155.249 746.347
1155.576 749.300
1155.903 743.254
1156.230 742.207
1156.557 748.160
1156.884 754.113
1157.211 745.066
1157.538 748.019
1157.865 748.972
1158.192 740.924
1158.519 743.877
1158.846 737.830
1159.173 745.782
1159.500 746.735
1159.827 745.687
1160.154 729.639
1160.481 729.591
1160.808 748.544
1161.135 732.496
1161.462 739.448
1161.789 734.400
1162.116 734.352
1162.443 731.303
1162.770 729.255
1163.097 722.207
1163.424 723.159
1163.751 729.110
1164.078 721.062
1164.405 722.013
1164.732 719.964
1165.059 721.916
1165.386 734.867
1165.713 722.818
1166.040 724.769
1166.367 722.720
1166.694 714.671
1167.021 722.622
1167.348 730.573
1167.675 708.524
1168.002 713.475
1168.329 716.426
1168.656 709.376
1168.983 706.327
1169.310 710.277
1169.637 704.228
1169.964 698.178
1170.291 697.129
1170.618 687.079
1170.945 679.029
1171.272 671.979
1171.599 669.930
1171.926 666.880
1172.253 656.830
1172.580 650.780
1172.907 654.730
1173.234 640.680
1173.561 642.630
1173.888 633.579
1174.215 625.529
1174.542 631.479
1174.869 635.429
1175.196 629.378
1175.523 624.328
1175.850 629.278
1176.177 619.227
1176.504 625.177
1176.831 625.126
1177.158 626.075
1177.485 619.025
1177.812 625.974
1178.139 621.923
1178.465 624.873
1178.792 629.822
1179.119 610.771
1179.446 612.720
1179.773 614.669
1180.100 607.618
1180.427 600.567
1180.754 597.516
1181.081 599.465
1181.408 590.414
1181.735 591.363
1182.062 583.312
1182.389 584.261
1182.716 574.210
1183.043 579.159
1183.370 583.108
1183.697 575.056
1184.024 575.005
1184.351 580.954
1184.678 571.903
1185.005 570.851
1185.332 571.800
1185.659 578.749
1185.986 578.698
1186.313 572.646
1186.640 569.595
1186.967 566.543
1187.294 572.492
1187.621 573.441
1187.948 563.389
1188.275 557.338
1188.602 552.286
1188.929 551.235
1189.256 554.184
1189.583 546.132
1189.910 550.081
1190.237 545.029
1190.564 547.978
1190.891 545.926
1191.218 549.875
1191.545 555.823
1191.872 542.772
1192.199 546.721
1192.526 541.669
1192.853 535.618
1193.180 536.566
1193.507 542.515
1193.834 533.464
1194.161 535.412
1194.488 528.361
1194.815 531.309
1195.142 532.258
1195.469 524.207
1195.796 524.156
1196.123 530.104
1196.450 515.053
1196.777 518.002
1197.104 519.951
1197.431 521.899
1197.758 513.848
1198.085 514.797
1198.412 516.746
1198.739 507.695
1199.066 510.644
1199.393 509.593
1199.720 514.542
1200.047 502.491
1200.374 503.440
1200.701 496.389
1201.028 499.338
1201.355 496.288
1201.682 502.237
1202.009 490.186
1202.336 488.136
1202.663 489.085
1202.990 488.034
1203.317 471.984
1203.644 478.933
1203.971 466.883
1204.298 469.833
1204.625 472.782
1204.952 476.732
1205.279 477.682
1205.606 475.632
1205.933 453.582
1206.260 453.532
1206.587 452.482
1206.914 449.432
1207.241 448.382
1207.568 450.332
1207.895 455.283
1208.222 448.233
1208.549 453.184
1208.876 454.134
1209.203 450.085
1209.530 445.035
1209.857 443.986
1210.184 437.937
1210.511 438.888
1210.838 428.839
1211.165 417.790
1211.492 418.741
1211.819 419.693
1212.146 419.644
1212.473 403.596
1212.799 408.547
1213.126 412.499
1213.453 405.451
1213.780 404.403
1214.107 407.355
1214.434 401.307
1214.761 402.259
1215.088 403.211
1215.415 393.163
1215.742 404.116
1216.069 391.069
1216.396 390.021
1216.723 401.974
1217.050 386.927
1217.377 386.880
1217.704 381.833
1218.031 363.787
1218.358 373.740
1218.685 380.694
1219.012 382.647
1219.339 374.601
1219.666 371.555
1219.993 372.509
1220.320 364.463
1220.647 358.418
1220.974 352.372
1221.301 348.327
1221.628 354.281
1221.955 353.236
1222.282 344.191
1222.609 351.147
1222.936 343.102
1223.263 344.057
1223.590 339.013
1223.917 342.969
1224.244 339.925
1224.571 348.881
1224.898 340.837
1225.225 329.793
1225.552 332.750
1225.879 329.707
1226.206 326.664
1226.533 331.621
1226.860 325.578
1227.187 324.535
1227.514 321.493
1227.841 319.451
1228.168 307.409
1228.495 320.367
1228.822 319.325
1229.149 314.284
1229.476 313.242
1229.803 315.201
1230.130 300.160
1230.457 303.119
1230.784 302.079
1231.111 309.038
1231.438 301.998
1231.765 296.958
1232.092 290.918
1232.419 292.878
1232.746 290.839
