168.180 3.474
168.450 55.474
168.720 62.473
168.990 68.473
169.260 68.473
169.530 69.473
169.799 66.472
170.069 64.472
170.339 67.472
170.609 70.472
170.879 68.471
171.149 69.471
171.418 68.471
171.688 69.470
171.958 71.470
172.228 69.470
172.498 64.470
172.768 75.469
173.037 56.469
173.307 57.469
173.577 64.468
173.847 66.468
174.117 72.468
174.387 62.468
174.656 75.467
174.926 72.467
175.196 67.467
175.466 64.466
175.736 73.466
176.006 70.466
176.275 64.466
176.545 71.465
176.815 67.465
177.085 69.465
177.355 63.465
177.625 65.464
177.894 67.464
178.164 70.464
178.434 65.463
178.704 66.463
178.974 71.463
179.244 67.463
179.513 73.462
179.783 77.462
180.053 71.462
180.323 66.461
180.593 68.461
180.863 63.461
181.132 71.461
181.402 60.460
181.672 58.460
181.942 71.460
182.212 71.459
182.482 63.459
182.751 73.459
183.021 65.459
183.291 66.458
183.561 81.458
183.831 73.458
184.101 72.457
184.370 67.457
184.640 71.457
184.910 68.457
185.164 65.456
185.417 67.456
185.671 78.456
185.925 70.455
186.178 68.455
186.432 73.455
186.686 70.455
186.939 67.454
187.193 71.454
187.447 70.454
187.700 76.453
187.954 63.453
188.207 61.453
188.461 72.453
188.715 71.452
188.968 74.452
189.222 69.452
189.476 66.451
189.729 71.451
189.983 71.451
190.237 72.450
190.490 64.450
190.744 65.450
190.998 65.450
191.251 81.449
191.505 69.449
191.759 60.449
192.012 69.448
192.266 64.448
192.520 69.448
192.773 67.448
193.027 65.447
193.281 67.447
193.534 69.447
193.788 70.446
194.042 69.446
194.295 69.446
194.549 67.445
194.802 72.445
195.056 71.445
195.310 70.445
195.563 73.444
195.817 67.444
196.071 74.444
196.324 84.443
196.578 67.443
196.832 67.443
197.085 75.442
197.339 76.442
197.593 77.442
197.846 72.442
198.100 69.441
198.354 65.441
198.607 69.441
198.861 66.440
199.115 71.440
199.368 65.440
199.622 69.439
199.876 69.439
200.129 78.439
200.383 74.439
200.636 72.438
200.890 61.438
201.144 72.438
201.397 76.437
201.651 72.437
201.905 71.437
202.158 66.436
202.412 69.436
202.666 73.436
202.919 69.436
203.173 68.435
203.427 74.435
203.680 76.435
203.934 74.434
204.188 66.434
204.441 66.434
204.695 68.433
204.949 69.433
205.202 72.433
205.456 70.433
205.710 71.432
205.963 69.432
206.217 73.432
206.471 76.431
206.724 71.431
206.978 79.431
207.231 84.430
207.485 83.430
207.739 80.430
207.992 71.429
208.246 67.429
208.500 72.429
208.753 76.428
209.007 70.428
209.261 71.428
209.514 75.428
209.768 74.427
210.022 76.427
210.275 72.427
210.529 81.426
210.783 75.426
211.036 69.426
211.290 65.425
211.544 74.425
211.797 75.425
212.051 76.424
212.305 69.424
212.558 66.424
212.812 70.423
213.065 70.423
213.319 80.423
213.573 77.423
213.826 73.422
214.080 78.422
214.334 78.422
214.587 79.421
214.841 69.421
215.095 74.421
215.348 79.420
215.602 69.420
215.856 75.420
216.109 76.419
216.363 72.419
216.617 77.419
216.870 70.418
217.124 71.418
217.378 72.418
217.631 81.417
217.885 68.417
218.139 74.417
218.392 73.417
218.646 77.416
218.900 75.416
219.153 70.416
219.407 77.415
219.660 78.415
219.914 83.415
220.168 77.414
220.421 79.414
220.675 86.414
220.929 66.413
221.182 74.413
221.436 68.413
221.690 73.412
221.943 76.412
222.197 80.412
222.451 72.411
222.704 75.411
222.958 71.411
223.212 67.410
223.465 75.410
223.719 84.410
223.973 80.409
224.226 81.409
224.480 79.409
224.734 75.408
224.987 74.408
225.241 71.408
225.494 71.407
225.748 81.407
226.002 73.407
226.255 82.406
226.509 82.406
226.763 77.406
227.016 69.405
227.270 72.405
227.524 80.405
227.777 69.405
228.031 86.404
228.285 80.404
228.538 77.404
228.792 75.403
229.046 77.403
229.299 71.403
229.553 80.402
229.807 88.402
230.060 85.402
230.314 77.401
230.568 71.401
230.821 81.401
231.075 79.400
231.329 82.400
231.582 78.400
231.836 81.399
232.089 74.399
232.343 88.399
232.597 82.398
232.850 83.398
233.104 79.398
233.358 85.397
233.611 78.397
233.865 79.397
234.119 83.396
234.372 79.396
234.626 75.396
234.880 79.395
235.133 76.395
235.387 70.394
235.641 81.394
235.894 73.394
236.148 72.393
236.402 78.393
236.655 78.393
236.909 73.392
237.163 80.392
237.416 84.392
237.670 75.391
237.924 84.391
238.177 79.391
238.431 92.390
238.684 86.390
238.938 87.390
239.192 73.389
239.445 81.389
239.699 75.389
239.953 82.388
240.206 82.388
240.460 82.388
240.714 84.387
240.967 85.387
241.221 82.387
241.475 83.386
241.728 78.386
241.982 88.386
242.236 83.385
242.489 82.385
242.743 87.385
242.997 80.384
243.250 82.384
243.504 89.384
243.758 82.383
244.011 86.383
244.265 82.382
244.518 78.382
244.772 79.382
245.026 88.381
245.279 84.381
245.533 75.381
245.787 72.380
246.040 89.380
246.294 89.380
246.548 78.379
246.801 80.379
247.055 77.379
247.309 77.378
247.562 81.378
247.816 86.378
248.070 87.377
248.323 90.377
248.577 76.377
248.831 76.376
249.084 84.376
249.338 84.375
249.592 84.375
249.845 88.375
250.099 84.374
250.353 83.374
250.606 84.374
250.860 84.373
251.113 83.373
251.367 78.373
251.621 83.372
251.874 77.372
252.128 80.372
252.382 90.371
252.635 92.371
252.889 81.370
253.143 85.370
253.396 80.370
253.650 83.369
253.911 94.369
254.172 86.369
254.433 85.368
254.694 90.368
254.955 88.368
255.216 96.367
255.477 92.367
255.738 84.367
255.999 82.366
256.261 93.366
256.522 87.365
256.783 87.365
257.044 90.365
257.305 93.364
257.566 88.364
257.827 87.364
258.088 90.363
258.349 84.363
258.610 88.363
258.871 80.362
259.132 87.362
259.393 87.361
259.654 80.361
259.915 86.361
260.176 91.360
260.437 86.360
260.698 92.360
260.959 89.359
261.221 93.359
261.482 91.358
261.743 84.358
262.004 88.358
262.265 82.357
262.526 85.357
262.787 95.357
263.048 88.356
263.309 79.356
263.570 82.356
263.831 88.355
264.092 94.355
264.353 86.354
264.614 92.354
264.875 86.354
265.136 96.353
265.397 92.353
265.658 88.353
265.919 89.352
266.181 89.352
266.442 90.351
266.703 90.351
266.964 88.351
267.225 88.350
267.486 88.350
267.747 92.350
268.008 92.349
268.269 91.349
268.530 89.348
268.791 96.348
269.052 86.348
269.313 88.347
269.574 92.347
269.835 88.347
270.096 95.346
270.357 92.346
270.618 86.345
270.879 89.345
271.141 95.345
271.402 94.344
271.663 97.344
271.924 99.344
272.185 91.343
272.446 96.343
272.707 92.342
272.968 93.342
273.229 95.342
273.490 86.341
273.751 83.341
274.012 92.340
274.273 97.340
274.534 100.340
274.795 95.339
275.056 91.339
275.317 94.339
275.578 96.338
275.839 90.338
276.101 89.337
276.362 97.337
276.623 90.337
276.884 97.336
277.145 95.336
277.406 92.335
277.667 100.335
277.928 90.335
278.189 89.334
278.450 99.334
278.711 95.333
278.972 92.333
279.233 86.333
279.494 99.332
279.755 95.332
280.016 93.332
280.277 93.331
280.538 100.331
280.799 94.330
281.061 90.330
281.322 102.330
281.583 93.329
281.844 97.329
282.105 97.328
282.366 96.328
282.627 90.328
282.888 94.327
283.149 91.327
283.410 102.326
283.671 96.326
283.932 95.326
284.193 93.325
284.454 97.325
284.715 93.324
284.976 100.324
285.237 88.324
285.498 96.323
285.759 103.323
286.021 98.322
286.282 103.322
286.543 97.322
286.804 96.321
287.065 99.321
287.326 95.320
287.587 98.320
287.848 105.320
288.109 99.319
288.370 99.319
288.631 111.318
288.892 95.318
289.153 100.318
289.414 102.317
289.675 96.317
289.936 98.316
290.197 98.316
290.458 95.316
290.719 97.315
290.981 104.315
291.242 98.314
291.503 96.314
291.764 97.314
292.025 101.313
292.286 101.313
292.547 96.312
292.808 95.312
293.069 93.311
293.330 95.311
293.591 98.311
293.852 95.310
294.113 104.310
294.374 101.309
294.635 103.309
294.896 100.309
295.157 93.308
295.418 95.308
295.679 100.307
295.941 102.307
296.202 98.307
296.463 99.306
296.724 102.306
296.985 106.305
297.246 99.305
297.507 95.304
297.768 98.304
298.029 102.304
298.290 96.303
298.551 101.303
298.812 107.302
299.073 97.302
299.334 92.302
299.595 90.301
299.856 102.301
300.117 103.300
300.378 103.300
300.639 99.299
300.901 104.299
301.162 111.299
301.423 97.298
301.684 104.298
301.945 104.297
302.206 108.297
302.467 104.297
302.728 104.296
302.989 102.296
303.250 111.295
303.511 102.295
303.772 100.294
304.033 112.294
304.294 106.294
304.555 110.293
304.816 103.293
305.077 108.292
305.338 111.292
305.599 100.291
305.861 103.291
306.122 102.291
306.383 108.290
306.644 100.290
306.905 103.289
307.166 105.289
307.427 102.288
307.688 104.288
307.949 112.288
308.210 109.287
308.471 104.287
308.732 106.286
308.993 105.286
309.254 104.285
309.515 112.285
309.776 113.285
310.037 105.284
310.298 101.284
310.559 96.283
310.821 100.283
311.082 100.282
311.343 106.282
311.604 110.281
311.865 104.281
312.126 108.281
312.387 103.280
312.648 103.280
312.909 108.279
313.170 110.279
313.437 106.278
313.704 109.278
313.971 108.278
314.238 104.277
314.504 101.277
314.771 118.276
315.038 110.276
315.305 114.275
315.572 112.275
315.839 119.274
316.106 113.274
316.373 110.274
316.640 105.273
316.906 105.273
317.173 98.272
317.440 108.272
317.707 109.271
317.974 110.271
318.241 109.270
318.508 107.270
318.775 111.270
319.042 108.269
319.308 104.269
319.575 113.268
319.842 108.268
320.109 115.267
320.376 113.267
320.643 114.266
320.910 115.266
321.177 113.266
321.444 114.265
321.710 108.265
321.977 112.264
322.244 117.264
322.511 114.263
322.778 110.263
323.045 108.262
323.312 112.262
323.579 104.261
323.846 113.261
324.112 102.261
324.379 119.260
324.646 108.260
324.913 109.259
325.180 107.259
325.447 108.258
325.714 112.258
325.981 116.257
326.248 111.257
326.514 114.256
326.781 104.256
327.048 116.256
327.315 110.255
327.582 112.255
327.849 113.254
328.116 110.254
328.383 107.253
328.649 115.253
328.916 117.252
329.183 109.252
329.450 110.251
329.717 120.251
329.984 117.250
330.251 121.250
330.518 112.249
330.785 111.249
331.051 115.249
331.318 112.248
331.585 120.248
331.852 125.247
332.119 121.247
332.386 125.246
332.653 124.246
332.920 121.245
333.187 123.245
333.453 118.244
333.720 133.244
333.987 128.243
334.254 124.243
334.521 136.242
334.788 132.242
335.055 147.242
335.322 145.241
335.589 137.241
335.855 141.240
336.122 150.240
336.389 144.239
336.656 156.239
336.923 149.238
337.190 162.238
337.457 167.237
337.724 162.237
337.991 167.236
338.257 168.236
338.524 171.235
338.791 174.235
339.058 181.234
339.325 187.234
339.592 184.233
339.859 193.233
340.126 204.232
340.393 205.232
340.659 210.231
340.926 219.231
341.193 223.231
341.460 234.230
341.727 242.230
341.994 248.229
342.261 257.229
342.528 265.228
342.795 272.228
343.061 273.227
343.328 291.227
343.595 288.226
343.862 301.226
344.129 318.225
344.396 321.225
344.663 338.224
344.930 344.224
345.197 342.223
345.463 362.223
345.730 381.222
345.997 376.222
346.264 393.221
346.531 406.221
346.798 417.220
347.065 426.220
347.332 437.219
347.599 445.219
347.865 471.218
348.132 482.218
348.399 492.217
348.666 502.217
348.933 525.216
349.200 522.216
349.467 544.215
349.734 559.215
350.001 572.214
350.267 585.214
350.534 590.213
350.801 604.213
351.068 616.212
351.335 634.212
351.602 656.211
351.869 659.211
352.136 675.210
352.402 681.210
352.669 702.209
352.936 714.209
353.203 730.208
353.470 742.208
353.737 755.207
354.004 778.207
354.271 788.206
354.538 807.206
354.804 831.205
355.071 844.205
355.338 857.204
355.605 870.204
355.872 884.203
356.139 898.203
356.406 923.202
356.673 947.202
356.940 951.201
357.206 973.861
357.473 1000.203
357.740 1018.458
358.007 1035.954
358.274 1051.119
358.541 1073.447
358.808 1101.517
359.075 1122.901
359.342 1138.834
359.608 1155.461
359.875 1174.334
360.142 1214.856
360.409 1217.278
360.676 1241.152
360.943 1266.454
361.210 1287.828
361.477 1303.010
361.744 1330.745
362.010 1339.076
362.277 1362.321
362.544 1389.497
362.811 1406.677
363.078 1417.299
363.345 1458.576
363.612 1489.584
363.879 1527.357
364.146 1503.910
364.412 1533.673
364.679 1575.925
364.946 1604.952
365.213 1613.591
365.480 1641.894
365.748 1653.172
366.017 1674.492
366.285 1682.914
366.553 1710.438
366.822 1734.044
367.090 1742.556
367.358 1752.381
367.627 1790.948
367.895 1795.127
368.164 1822.885
368.432 1826.188
368.700 1867.160
368.969 1896.519
369.237 1902.202
369.505 1908.984
369.774 1913.816
370.042 1961.220
370.310 1962.249
370.579 1986.817
370.847 2006.929
371.115 2022.667
371.384 2046.003
371.652 2046.963
371.921 2064.707
372.189 2057.712
372.457 2105.219
372.726 2120.861
372.994 2122.139
373.262 2141.456
373.531 2150.901
373.799 2156.573
374.067 2175.295
374.336 2184.394
374.604 2204.578
374.872 2221.305
375.141 2235.411
375.409 2241.409
375.678 2253.992
375.946 2275.178
376.214 2274.771
376.483 2297.034
376.751 2321.989
377.019 2309.108
377.288 2344.630
377.556 2370.463
377.824 2368.989
378.093 2395.892
378.361 2399.528
378.629 2423.535
378.898 2445.088
379.166 2459.483
379.435 2465.408
379.703 2483.589
379.971 2500.699
380.240 2530.144
380.508 2541.832
380.776 2564.267
381.045 2579.503
381.313 2617.684
381.581 2615.710
381.850 2644.702
382.118 2682.958
382.386 2702.835
382.655 2697.710
382.923 2740.225
383.192 2761.145
383.460 2775.428
383.728 2785.414
383.997 2827.040
384.265 2864.382
384.533 2895.406
384.802 2906.306
385.070 2944.001
385.338 2981.659
385.607 3017.471
385.875 3029.281
386.143 3070.653
386.412 3083.759
386.680 3122.846
386.948 3139.612
387.217 3188.812
387.485 3200.370
387.754 3244.716
388.022 3284.155
388.290 3304.167
388.559 3337.106
388.827 3402.548
389.095 3417.815
389.364 3452.113
389.632 3491.986
389.900 3521.885
390.169 3556.063
390.437 3605.151
390.705 3621.356
390.974 3661.381
391.242 3714.893
391.511 3738.520
391.779 3761.737
392.047 3819.989
392.316 3853.745
392.584 3917.710
392.852 3942.073
393.121 3968.988
393.389 4020.589
393.657 4053.726
393.926 4115.766
394.194 4147.728
394.462 4174.973
394.731 4213.580
394.999 4260.770
395.268 4315.024
395.536 4368.215
395.804 4403.731
396.073 4438.223
396.341 4477.975
396.609 4520.126
396.878 4569.146
397.146 4628.546
397.414 4667.842
397.683 4711.258
397.951 4758.780
398.219 4817.541
398.488 4866.858
398.756 4894.472
399.025 4969.658
399.293 5008.487
399.561 5050.223
399.830 5106.813
400.098 5162.762
400.366 5190.294
400.635 5272.083
400.903 5305.236
401.171 5343.180
401.440 5432.123
401.708 5459.884
401.976 5514.249
402.245 5543.953
402.513 5630.478
402.782 5660.489
403.050 5699.484
403.318 5750.632
403.587 5830.476
403.855 5866.357
404.123 5915.380
404.392 5966.669
404.660 6029.365
404.934 6074.374
405.207 6119.352
405.481 6172.013
405.754 6244.339
406.028 6301.574
406.301 6332.388
406.575 6417.119
406.848 6437.798
407.122 6498.005
407.395 6574.233
407.669 6619.198
407.942 6682.156
408.216 6749.573
408.489 6753.767
408.763 6811.022
409.036 6878.120
409.310 6915.190
409.583 6980.179
409.857 7032.658
410.130 7091.577
410.404 7126.795
410.677 7200.719
410.951 7268.436
411.224 7314.287
411.498 7333.424
411.771 7407.188
412.045 7417.968
412.318 7489.693
412.592 7530.657
412.865 7591.184
413.139 7639.548
413.412 7714.666
413.686 7764.790
413.959 7802.145
414.233 7862.081
414.506 7889.312
414.780 7944.753
415.053 8041.106
415.327 8058.302
415.600 8130.824
415.874 8181.156
416.147 8221.397
416.421 8292.462
416.694 8343.541
416.968 8413.449
417.241 8477.807
417.515 8515.194
417.788 8555.964
418.062 8601.681
418.335 8691.528
418.609 8739.288
418.882 8800.671
419.156 8803.658
419.429 8864.475
419.703 8941.126
419.976 9010.047
420.250 9044.842
420.524 9121.701
420.797 9145.338
421.071 9206.823
421.344 9234.190
421.618 9294.705
421.891 9365.770
422.165 9415.982
422.438 9427.640
422.712 9519.941
422.985 9551.100
423.259 9582.400
423.532 9661.092
423.806 9685.261
424.079 9776.504
424.353 9848.057
424.626 9870.445
424.900 9888.501
425.173 9933.188
425.447 10007.054
425.720 10025.053
425.994 10090.143
426.267 10152.663
426.541 10171.566
426.814 10210.261
427.088 10253.062
427.361 10349.496
427.635 10383.349
427.908 10406.298
428.182 10418.138
428.455 10512.661
428.729 10496.022
429.002 10568.021
429.276 10610.932
429.549 10633.109
429.823 10687.166
430.096 10701.550
430.370 10761.372
430.643 10799.437
430.917 10837.906
431.190 10862.944
431.464 10899.233
431.737 10951.749
432.011 11011.127
432.284 11020.179
432.558 11039.233
432.831 11094.604
433.105 11117.270
433.378 11191.995
433.652 11218.690
433.925 11258.550
434.199 11316.666
434.472 11329.702
434.746 11412.031
435.019 11471.502
435.293 11495.543
435.566 11528.913
435.840 11541.240
436.119 11589.898
436.398 11628.627
436.677 11654.482
436.956 11703.986
437.235 11702.594
437.514 11710.654
437.793 11732.307
438.073 11778.784
438.352 11822.397
438.631 11851.982
438.910 11904.036
439.189 11896.504
439.468 11946.256
439.747 12007.823
440.026 12034.164
440.305 12104.407
440.584 12072.903
440.863 12128.420
441.142 12208.186
441.421 12254.878
441.700 12272.122
441.979 12301.955
442.258 12370.526
442.538 12434.414
442.817 12392.833
443.096 12445.209
443.375 12504.854
443.654 12564.509
443.933 12599.037
444.212 12671.867
444.491 12661.172
444.770 12736.131
445.049 12785.580
445.328 12826.177
445.607 12872.074
445.886 12927.525
446.165 12916.914
446.444 12977.475
446.723 13030.423
447.003 13058.882
447.282 13091.355
447.561 13122.910
447.840 13202.368
448.119 13243.081
448.398 13296.733
448.677 13350.542
448.956 13360.115
449.235 13425.865
449.514 13472.576
449.793 13517.957
450.072 13596.589
450.351 13636.903
450.630 13644.280
450.909 13690.753
451.188 13766.892
451.468 13807.254
451.747 13874.736
452.026 13896.853
452.305 13960.513
452.584 13974.657
452.863 14061.977
453.142 14052.723
453.421 14117.990
453.700 14227.302
453.979 14231.379
454.258 14283.655
454.537 14339.449
454.816 14438.504
455.095 14494.856
455.374 14512.273
455.653 14603.266
455.933 14636.527
456.212 14710.151
456.491 14788.259
456.770 14837.590
457.049 14894.007
457.328 14940.363
457.607 15015.420
457.886 15090.506
458.165 15097.607
458.444 15217.272
458.723 15296.265
459.002 15300.071
459.281 15368.551
459.560 15452.176
459.839 15514.340
460.119 15619.062
460.398 15691.247
460.677 15746.630
460.956 15842.176
461.235 15900.780
461.514 15996.894
461.793 16060.226
462.072 16218.998
462.351 16236.694
462.630 16314.623
462.909 16413.400
463.188 16519.305
463.467 16647.614
463.746 16689.296
464.025 16764.661
464.304 16882.307
464.584 16951.420
464.863 17058.539
465.142 17159.548
465.421 17257.267
465.700 17375.708
465.979 17428.953
466.258 17539.185
466.537 17710.925
466.816 17718.102
467.095 17872.437
467.374 17961.832
467.653 18100.146
467.932 18194.139
468.211 18265.944
468.490 18398.342
468.769 18499.943
469.049 18618.560
469.328 18746.941
469.607 18845.940
469.886 18983.939
470.165 19071.939
470.444 19197.135
470.723 19319.576
471.002 19435.242
471.281 19530.466
471.560 19638.573
471.839 19733.401
472.118 19875.560
472.397 20005.950
472.676 20097.321
472.955 20256.470
473.234 20372.163
473.514 20437.555
473.793 20588.638
474.072 20667.601
474.351 20759.765
474.630 20935.279
474.909 21057.558
475.188 21163.725
475.467 21229.680
475.746 21348.453
476.025 21461.381
476.304 21568.009
476.583 21729.594
476.862 21848.187
477.141 21955.065
477.420 22110.346
477.699 22168.283
477.979 22274.685
478.258 22406.260
478.537 22542.477
478.816 22630.681
479.095 22712.437
479.374 22853.970
479.653 22974.162
479.932 23034.888
480.211 23187.536
480.490 23308.472
480.769 23418.294
481.048 23506.626
481.327 23592.458
481.606 23717.294
481.885 23842.389
482.165 23923.217
482.444 24065.253
482.723 24167.085
483.002 24244.966
483.281 24385.953
483.560 24455.198
483.839 24593.027
484.118 24674.192
484.397 24807.586
484.676 24901.037
484.955 24990.527
485.234 25122.808
485.513 25228.015
485.792 25328.014
486.071 25352.952
486.350 25548.846
486.630 25572.652
486.909 25701.549
487.188 25805.700
487.467 25951.028
487.746 25991.594
488.025 26126.439
488.304 26153.250
488.583 26289.000
488.862 26370.098
489.141 26479.176
489.420 26573.819
489.699 26634.176
489.978 26740.084
490.257 26838.021
490.536 26918.600
490.815 27052.398
491.095 27141.704
491.374 27222.895
491.653 27266.266
491.932 27422.870
492.211 27549.615
492.490 27573.490
492.769 27680.156
493.048 27770.277
493.327 27872.577
493.606 28048.797
493.885 28078.199
494.164 28170.771
494.443 28278.038
494.722 28390.728
495.001 28452.752
495.280 28573.899
495.560 28632.825
495.839 28748.092
496.118 28790.981
496.397 28902.988
496.676 28983.730
496.955 29064.310
497.234 29177.099
497.513 29285.859
497.792 29363.035
498.071 29483.759
498.350 29547.138
498.629 29628.626
498.908 29720.175
499.187 29816.937
499.466 29885.278
499.745 30005.880
500.025 30097.435
500.304 30135.527
500.583 30217.719
500.862 30373.462
501.141 30451.004
501.420 30490.790
501.699 30510.397
501.978 30682.302
502.257 30708.805
502.536 30819.397
502.815 30893.993
503.094 30974.586
503.373 31069.535
503.652 31171.554
503.931 31234.416
504.211 31343.300
504.490 31411.181
504.769 31396.594
505.048 31543.442
505.327 31602.265
505.606 31725.718
505.885 31767.105
506.164 31794.543
506.443 31885.890
506.722 31919.378
507.001 32036.522
507.280 32069.141
507.559 32179.598
507.838 32316.095
508.117 32316.094
508.396 32398.385
508.676 32507.510
508.955 32500.842
509.234 32591.192
509.513 32641.866
509.792 32728.019
510.071 32761.864
510.350 32824.247
510.629 32911.515
510.908 32942.374
511.187 33023.399
511.466 33033.620
511.745 33161.859
512.024 33278.040
512.303 33240.338
512.582 33303.486
512.861 33365.857
513.141 33420.641
513.420 33433.476
513.699 33424.014
513.978 33538.967
514.257 33616.281
514.536 33615.419
514.815 33681.664
515.094 33756.118
515.373 33736.428
515.652 33809.466
515.931 33931.387
516.210 33924.420
516.489 33938.735
516.768 33980.815
517.047 34040.754
517.326 34025.665
517.606 34118.084
517.885 34169.436
518.164 34265.402
518.443 34315.321
518.722 34366.392
519.001 34399.199
519.280 34444.672
519.559 34492.415
519.838 34530.182
520.117 34607.036
520.396 34642.994
520.675 34697.053
520.954 34701.541
521.233 34758.541
521.512 34785.986
521.791 34870.659
522.071 34885.443
522.350 34993.970
522.629 35013.323
522.908 35028.712
523.187 35105.959
523.466 35111.534
523.745 35185.536
524.024 35232.249
524.303 35284.808
524.582 35299.587
524.861 35388.080
525.140 35456.673
525.419 35473.964
525.698 35529.356
525.977 35538.383
526.257 35589.298
526.536 35639.773
526.815 35664.853
527.094 35699.392
527.373 35690.473
527.652 35803.189
527.931 35839.428
528.210 35898.251
528.489 35889.815
528.768 35964.696
529.047 36056.638
529.326 36063.272
529.605 36104.878
529.884 36126.537
530.163 36208.096
530.442 36271.542
530.722 36260.877
531.001 36308.472
531.280 36292.096
531.559 36333.407
531.838 36371.213
532.117 36475.631
532.396 36479.415
532.675 36505.425
532.954 36593.888
533.233 36658.843
533.512 36657.273
533.791 36668.625
534.070 36712.143
534.349 36813.018
534.628 36803.725
534.907 36876.523
535.187 36869.887
535.466 36921.945
535.745 36977.921
536.024 36952.304
536.303 37054.821
536.582 37067.230
536.861 37084.420
537.140 37116.769
537.419 37184.498
537.698 37259.277
537.977 37207.551
538.256 37285.992
538.535 37261.182
538.814 37283.398
539.093 37281.487
539.372 37300.875
539.652 37389.573
539.931 37408.729
540.210 37487.248
540.489 37458.456
540.768 37513.158
541.047 37570.326
541.326 37572.797
541.605 37564.560
541.884 37580.487
542.163 37655.785
542.442 37593.946
542.721 37691.429
543.000 37712.622
543.279 37664.452
543.558 37728.035
543.837 37727.771
544.117 37753.569
544.396 37814.200
544.675 37793.143
544.954 37810.333
545.233 37876.880
545.512 37857.536
545.791 37817.884
546.070 37853.666
546.351 37817.881
546.632 37878.809
546.912 37896.216
547.193 37834.159
547.474 37855.455
547.755 37896.981
548.036 37781.336
548.317 37857.388
548.597 37916.438
548.878 37827.543
549.159 37876.865
549.440 37903.851
549.721 37896.206
550.001 37888.468
550.282 37911.677
550.563 37883.742
550.844 37891.471
551.125 37946.490
551.406 37948.523
551.686 37937.844
551.967 37897.462
552.248 37866.731
552.529 37921.568
552.810 37970.747
553.090 37875.518
553.371 37917.786
553.652 37923.639
553.933 37892.839
554.214 37913.217
554.495 37905.531
554.775 37899.766
555.056 37901.687
555.337 37903.607
555.618 37915.133
555.899 37913.211
556.179 37885.352
556.460 37945.817
556.741 37987.150
557.022 37909.364
557.303 37916.007
557.584 37912.953
557.864 37911.904
558.145 37867.544
558.426 37903.909
558.707 37929.953
558.988 37941.455
559.268 37912.356
559.549 37936.418
559.830 37864.564
560.111 37848.573
560.392 37865.723
560.673 37913.196
560.953 37951.410
561.234 38047.066
561.515 38015.460
561.796 37904.677
562.077 37861.017
562.357 37801.019
562.638 37908.899
562.919 37827.796
563.200 37953.484
563.481 38011.680
563.762 37981.528
564.042 37917.206
564.323 37866.083
564.604 37795.595
564.885 37719.936
565.166 37737.515
565.446 37780.640
565.727 37859.205
566.008 37829.073
566.289 37837.145
566.570 37721.661
566.851 37832.097
567.131 37762.948
567.412 37710.871
567.693 37684.342
567.974 37659.903
568.255 37643.533
568.535 37681.646
568.816 37599.799
569.097 37640.159
569.378 37582.763
569.659 37611.431
569.940 37548.240
570.220 37549.242
570.501 37631.752
570.782 37533.191
571.063 37491.574
571.344 37462.978
571.624 37402.393
571.905 37362.675
572.186 37369.695
572.467 37354.000
572.748 37357.370
573.029 37331.571
573.309 37385.896
573.590 37375.206
573.871 37303.399
574.152 37287.301
574.433 37280.258
574.713 37276.789
574.994 37179.652
575.275 37187.069
575.556 37049.870
575.837 37108.438
576.118 37072.146
576.398 36996.536
576.679 37066.162
576.960 37029.864
577.252 36995.519
577.543 36975.316
577.835 36939.961
578.127 36855.111
578.418 36833.898
578.710 36809.462
579.002 36720.764
579.293 36637.935
579.585 36699.345
579.877 36669.597
580.168 36634.063
580.460 36589.990
580.752 36554.984
581.043 36487.320
581.335 36457.234
581.627 36373.645
581.918 36390.127
582.210 36287.876
582.502 36244.930
582.793 36268.247
583.085 36222.320
583.376 36187.411
583.668 36158.285
583.960 36099.624
584.251 36061.502
584.543 36025.370
584.835 35940.570
585.126 35903.140
585.418 35869.844
585.710 35787.672
586.001 35740.941
586.293 35713.346
586.585 35671.037
586.876 35614.324
587.168 35525.597
587.460 35504.210
587.751 35466.512
588.043 35427.616
588.335 35367.139
588.626 35261.045
588.918 35259.215
589.210 35142.645
589.501 35102.752
589.793 35061.719
590.085 35112.588
590.376 34963.538
590.668 34952.867
590.960 34880.705
591.251 34842.360
591.543 34771.234
591.835 34765.427
592.126 34657.614
592.418 34632.727
592.710 34582.174
593.001 34559.290
593.293 34421.919
593.585 34372.720
593.876 34324.590
594.168 34260.696
594.460 34190.235
594.751 34119.494
595.043 34032.711
595.334 33964.040
595.626 33954.333
595.918 33905.996
596.209 33862.735
596.501 33746.753
596.793 33726.809
597.084 33532.771
597.376 33517.197
597.668 33476.291
597.959 33459.562
598.251 33339.582
598.543 33267.460
598.834 33170.397
599.126 33150.127
599.418 33084.463
599.709 33012.355
600.001 32916.538
600.293 32875.498
600.584 32877.652
600.876 32745.108
601.168 32678.296
601.459 32607.174
601.751 32565.756
602.043 32468.667
602.334 32412.571
602.626 32229.765
602.918 32210.615
603.209 32195.527
603.501 32198.758
603.793 32067.364
604.084 31956.345
604.376 31856.391
604.668 31817.680
604.959 31741.334
605.251 31662.126
605.543 31648.858
605.834 31581.564
606.126 31463.909
606.418 31376.406
606.709 31339.884
607.001 31248.316
607.292 31160.504
607.584 31099.278
607.876 31000.458
608.167 30884.700
608.459 30834.146
608.751 30749.917
609.042 30701.736
609.334 30673.897
609.626 30598.308
609.917 30487.105
610.209 30431.607
610.501 30414.530
610.792 30337.327
611.084 30328.447
611.376 30256.546
611.667 30163.742
611.959 30050.166
612.251 29977.221
612.542 29913.148
612.834 29833.756
613.126 29718.582
613.417 29667.430
613.709 29591.700
614.001 29518.508
614.292 29430.448
614.584 29373.738
614.876 29305.105
615.167 29262.860
615.459 29162.502
615.751 29075.996
616.042 29037.613
616.334 29005.396
616.626 28938.446
616.917 28858.947
617.209 28796.013
617.501 28734.302
617.792 28718.044
618.084 28676.552
618.376 28602.920
618.667 28562.010
618.959 28422.802
619.250 28395.687
619.542 28386.546
619.834 28303.270
620.125 28235.079
620.417 28218.166
620.709 28175.570
621.000 28109.741
621.292 28010.020
621.584 27988.753
621.875 27908.558
622.167 27855.417
622.459 27765.560
622.750 27745.515
623.042 27653.480
623.334 27621.594
623.625 27569.970
623.917 27506.616
624.209 27417.162
624.500 27365.903
624.792 27310.409
625.084 27259.051
625.375 27178.797
625.667 27142.076
625.959 27065.375
626.250 26990.607
626.542 26940.013
626.834 26901.979
627.125 26843.249
627.417 26793.492
627.709 26719.773
628.000 26635.705
628.292 26592.874
628.584 26539.532
628.875 26473.328
629.167 26462.004
629.459 26427.479
629.750 26333.973
630.042 26242.675
630.334 26133.314
630.625 26129.755
630.917 26132.981
631.208 26026.048
631.500 25970.601
631.792 25921.775
632.083 25832.310
632.375 25782.174
632.667 25736.827
632.958 25709.300
633.250 25664.963
633.542 25618.151
633.833 25557.080
634.125 25479.168
634.417 25383.980
634.708 25366.589
635.000 25284.130
635.292 25240.937
635.583 25198.469
635.875 25168.303
636.167 25116.447
636.458 25078.140
636.750 25042.663
637.042 24926.912
637.333 24892.847
637.625 24848.122
637.917 24820.810
638.208 24766.439
638.500 24764.390
638.792 24700.857
639.083 24636.447
639.375 24631.632
639.667 24548.549
639.958 24501.712
640.250 24435.454
640.542 24449.622
640.833 24412.914
641.125 24350.769
641.417 24352.287
641.708 24316.178
642.000 24268.414
642.292 24230.713
642.583 24214.852
642.875 24189.771
643.166 24138.831
643.458 24104.217
643.750 24098.370
644.041 24074.158
644.333 24081.324
644.625 24034.286
644.916 24033.303
645.208 24009.396
645.500 24006.633
645.791 23997.457
646.083 23948.926
646.375 23926.030
646.666 23943.428
646.958 23932.438
647.250 23913.205
647.541 23861.795
647.833 23873.825
648.125 23795.610
648.416 23797.444
648.708 23797.989
649.000 23775.928
649.291 23759.161
649.583 23734.997
649.875 23733.584
650.166 23728.720
650.458 23695.839
650.750 23710.370
651.041 23665.615
651.333 23633.176
651.625 23652.920
651.916 23625.296
652.208 23606.888
652.500 23560.289
652.791 23539.858
653.083 23501.106
653.375 23495.499
653.666 23509.058
653.958 23472.522
654.250 23474.840
654.541 23449.932
654.833 23425.917
655.124 23385.355
655.416 23371.644
655.708 23376.576
655.999 23346.386
656.291 23307.995
656.583 23332.859
656.874 23324.019
657.166 23283.297
657.458 23292.372
657.749 23265.805
658.041 23217.623
658.333 23266.560
658.624 23229.670
658.916 23220.144
659.208 23230.838
659.499 23210.065
659.791 23166.170
660.083 23173.013
660.374 23148.320
660.666 23165.685
660.958 23162.010
661.249 23099.653
661.541 23132.440
661.833 23108.469
662.124 23090.424
662.416 23113.586
662.708 23099.257
662.999 23070.381
663.291 23031.912
663.583 23059.964
663.874 23036.796
664.166 23018.472
664.458 23012.686
664.749 22964.328
665.041 23025.304
665.333 22967.194
665.624 22990.407
665.916 22939.969
666.208 22929.229
666.499 22944.708
666.791 22909.545
667.082 22887.367
667.374 22883.251
667.666 22864.749
667.957 22896.678
668.249 22852.774
668.541 22881.694
668.832 22856.392
669.124 22814.176
669.416 22820.672
669.707 22814.606
669.999 22778.294
670.291 22791.827
670.582 22784.526
670.874 22767.563
671.166 22731.108
671.457 22745.383
671.749 22716.753
672.041 22699.673
672.332 22695.718
672.624 22671.352
672.916 22668.379
673.207 22672.680
673.499 22654.478
673.791 22623.318
674.082 22602.441
674.374 22561.806
674.666 22582.721
674.957 22564.920
675.249 22568.910
675.541 22489.068
675.832 22512.532
676.124 22485.528
676.416 22534.108
676.707 22470.980
676.999 22421.880
677.291 22445.818
677.582 22437.784
677.874 22404.051
678.166 22428.600
678.457 22378.051
678.749 22372.001
679.040 22340.083
679.332 22347.496
679.624 22326.611
679.915 22334.025
680.207 22278.637
680.499 22284.714
680.790 22291.382
681.082 22252.801
681.374 22213.422
681.665 22204.481
681.957 22136.320
682.249 22148.677
682.540 22154.943
682.832 22100.812
683.124 22092.947
683.415 22069.451
683.707 22076.756
683.999 22083.919
684.290 22024.577
684.582 22019.452
684.874 21986.649
685.165 21909.817
685.457 21939.403
685.749 21916.814
686.040 21865.339
686.332 21842.888
686.624 21844.620
686.915 21816.001
687.207 21788.843
687.499 21746.877
687.790 21773.955
688.082 21759.505
688.374 21731.639
688.665 21676.942
688.957 21661.460
689.249 21584.058
689.540 21575.800
689.832 21534.518
690.124 21536.101
690.415 21491.678
690.707 21496.321
690.998 21440.021
691.290 21415.655
691.582 21388.765
691.873 21350.500
692.165 21323.611
692.457 21278.395
692.748 21270.866
693.040 21268.316
693.332 21234.910
693.623 21192.664
693.915 21164.683
694.207 21119.208
694.498 21072.376
694.790 21058.977
695.082 21022.729
695.373 20994.718
695.665 20978.119
695.957 20889.020
696.248 20853.785
696.540 20865.041
696.836 20829.946
697.133 20784.124
697.429 20711.807
697.725 20704.244
698.021 20673.460
698.318 20660.671
698.614 20578.992
698.910 20560.500
699.207 20519.545
699.503 20484.346
699.799 20439.376
700.095 20385.599
700.392 20362.846
700.688 20322.513
700.984 20252.701
701.281 20222.771
701.577 20196.140
701.873 20182.897
702.169 20153.621
702.466 20097.891
702.762 20036.963
703.058 20016.342
703.355 19940.113
703.651 19949.380
703.947 19889.759
704.243 19810.733
704.540 19802.712
704.836 19762.424
705.132 19705.473
705.428 19681.555
705.725 19642.905
706.021 19593.480
706.317 19560.274
706.614 19548.539
706.910 19449.717
707.206 19418.017
707.502 19390.408
707.799 19329.056
708.095 19272.259
708.391 19225.318
708.688 19198.583
708.984 19116.011
709.280 19072.029
709.576 19068.027
709.873 19003.862
710.169 18960.161
710.465 18929.742
710.762 18841.415
711.058 18802.220
711.354 18757.392
711.650 18667.800
711.947 18648.567
712.243 18590.689
712.539 18550.282
712.836 18533.580
713.132 18456.426
713.428 18423.158
713.724 18383.841
714.021 18306.916
714.317 18244.477
714.613 18194.737
714.910 18154.379
715.206 18090.029
715.502 18054.976
715.798 17965.720
716.095 17936.561
716.391 17895.645
716.687 17833.580
716.984 17789.534
717.280 17728.471
717.576 17682.740
717.872 17660.398
718.169 17594.735
718.465 17518.733
718.761 17504.730
719.058 17449.728
719.354 17368.357
719.650 17358.081
719.946 17308.721
720.243 17279.277
720.539 17203.716
720.835 17181.895
721.131 17126.711
721.428 17042.751
721.724 17024.756
722.020 16964.668
722.317 16899.601
722.613 16880.460
722.909 16824.521
723.205 16797.288
723.502 16734.691
723.798 16698.387
724.094 16644.686
724.391 16610.684
724.687 16557.124
724.983 16498.682
725.279 16457.845
725.576 16422.407
725.872 16390.111
726.168 16321.384
726.465 16277.280
726.761 16218.354
727.057 16173.447
727.353 16099.860
727.650 16078.110
727.946 16032.427
728.242 15964.932
728.539 15910.366
728.835 15900.542
729.131 15812.519
729.427 15764.235
729.724 15711.809
730.020 15668.613
730.316 15609.322
730.613 15594.497
730.909 15515.953
731.205 15482.355
731.501 15366.493
731.798 15362.545
732.094 15320.453
732.390 15241.748
732.687 15182.064
732.983 15094.105
733.279 15086.228
733.575 15008.470
733.872 14955.318
734.168 14914.961
734.464 14851.966
734.761 14818.856
735.057 14755.745
735.353 14717.394
735.649 14647.232
735.946 14616.488
736.242 14521.670
736.538 14510.392
736.835 14429.840
737.131 14353.158
737.427 14287.815
737.723 14264.283
738.020 14230.419
738.316 14141.590
738.612 14112.205
738.909 14052.508
739.205 13984.873
739.501 13937.797
739.797 13860.617
740.094 13797.212
740.390 13784.290
740.686 13718.027
740.982 13659.041
741.279 13558.687
741.575 13546.067
741.871 13495.627
742.168 13454.974
742.464 13376.617
742.760 13324.704
743.056 13322.395
743.353 13274.575
743.649 13204.426
743.945 13137.892
744.242 13108.555
744.538 13027.047
744.834 12976.965
745.130 12925.836
745.427 12915.028
745.723 12794.200
746.019 12796.945
746.316 12722.213
746.612 12707.173
746.908 12610.713
747.204 12578.645
747.501 12536.433
747.797 12468.973
748.093 12410.723
748.390 12403.817
748.686 12336.098
748.982 12280.537
749.278 12221.801
749.575 12183.260
749.871 12141.046
750.167 12085.598
750.464 12030.179
750.760 11983.596
751.056 11909.352
751.352 11886.464
751.649 11862.403
751.945 11801.824
752.241 11741.982
752.538 11709.465
752.834 11635.252
753.130 11575.547
753.426 11571.707
753.723 11484.481
754.019 11436.543
754.315 11386.640
754.611 11351.411
754.908 11302.106
755.204 11282.405
755.500 11203.402
755.797 11163.891
756.093 11106.396
756.389 11060.514
756.685 10992.375
756.982 10950.238
757.278 10882.030
757.574 10850.784
757.871 10806.605
758.167 10746.361
758.463 10694.456
758.759 10634.272
759.056 10595.749
759.352 10529.481
759.648 10494.338
759.945 10439.114
760.241 10420.880
760.537 10376.990
760.833 10279.023
761.130 10246.826
761.426 10206.374
761.722 10157.283
762.019 10106.186
762.315 10051.643
762.611 10006.375
762.907 9938.900
763.204 9896.392
763.500 9861.941
763.802 9814.463
764.104 9765.738
764.406 9723.268
764.708 9667.993
765.010 9634.283
765.312 9586.933
765.615 9530.668
765.917 9491.173
766.219 9438.556
766.521 9376.812
766.823 9346.445
767.125 9308.292
767.427 9276.147
767.729 9202.313
768.031 9173.883
768.333 9098.853
768.635 9087.582
768.937 9030.789
769.239 9005.353
769.542 8937.255
769.844 8889.488
770.146 8803.102
770.448 8820.193
770.750 8767.053
771.052 8695.059
771.354 8659.776
771.656 8607.565
771.958 8574.142
772.260 8531.326
772.562 8457.928
772.864 8426.324
773.166 8406.763
773.468 8349.558
773.771 8321.283
774.073 8271.644
774.375 8192.442
774.677 8177.101
774.979 8111.658
775.281 8067.618
775.583 8042.208
775.885 8000.196
776.187 7961.219
776.489 7899.780
776.791 7858.648
777.093 7828.725
777.395 7797.921
777.698 7754.545
778.000 7720.625
778.302 7661.693
778.604 7619.755
778.906 7572.769
779.208 7545.521
779.510 7480.569
779.812 7450.102
780.114 7407.366
780.416 7368.567
780.718 7325.916
781.020 7278.777
781.322 7235.673
781.625 7198.685
781.927 7144.608
782.229 7120.084
782.531 7090.091
782.833 7035.316
783.135 6998.047
783.437 6953.576
783.739 6910.989
784.041 6883.922
784.343 6843.462
784.645 6781.218
784.947 6771.642
785.249 6710.070
785.552 6688.629
785.854 6642.420
786.156 6591.321
786.458 6536.127
786.760 6524.132
787.062 6480.154
787.364 6435.533
787.666 6408.484
787.968 6361.783
788.270 6293.304
788.572 6281.697
788.874 6238.143
789.176 6197.078
789.478 6167.947
789.781 6148.973
790.083 6122.766
790.385 6064.064
790.687 6016.086
790.989 5978.632
791.291 5953.881
791.593 5908.911
791.895 5881.731
792.197 5849.792
792.499 5831.186
792.801 5769.065
793.103 5733.901
793.405 5712.438
793.708 5687.756
794.010 5653.789
794.312 5599.551
794.614 5546.884
794.916 5513.312
795.218 5491.458
795.520 5473.873
795.822 5417.158
796.124 5381.717
796.426 5352.334
796.728 5308.944
797.030 5287.168
797.332 5246.517
797.635 5207.088
797.937 5177.641
798.239 5137.391
798.541 5090.073
798.843 5080.382
799.145 5054.255
799.447 5026.998
799.749 4972.856
800.051 4920.115
800.353 4897.419
800.655 4849.385
800.957 4841.297
801.259 4811.621
801.562 4776.070
801.864 4740.664
802.166 4712.561
802.468 4674.368
802.770 4639.386
803.072 4601.091
803.374 4575.070
803.676 4545.410
803.978 4513.510
804.280 4481.711
804.582 4442.954
804.884 4418.524
805.186 4401.649
805.488 4375.467
805.791 4345.148
806.093 4304.010
806.395 4270.934
806.697 4252.553
806.999 4222.376
807.301 4179.308
807.603 4189.166
807.905 4123.586
808.207 4108.848
808.509 4090.003
808.811 4034.050
809.113 4028.093
809.415 3998.820
809.718 3947.366
810.020 3945.367
810.322 3911.608
810.624 3897.168
810.926 3872.119
811.228 3831.821
811.530 3815.764
811.834 3798.613
812.139 3766.335
812.443 3728.607
812.748 3707.332
813.052 3683.054
813.357 3662.585
813.661 3622.713
813.966 3604.905
814.270 3589.605
814.574 3558.895
814.879 3547.009
815.183 3533.569
815.488 3496.867
815.792 3471.203
816.097 3441.201
816.401 3412.260
816.706 3382.425
817.010 3370.427
817.314 3352.362
817.619 3329.858
817.923 3309.579
818.228 3284.998
818.532 3250.635
818.837 3236.649
819.141 3215.048
819.445 3177.261
819.750 3171.722
820.054 3164.751
820.359 3138.313
820.663 3116.466
820.968 3090.994
821.272 3067.139
821.577 3037.667
821.881 3029.136
822.185 3010.131
822.490 2995.814
822.794 2964.356
823.099 2947.142
823.403 2926.890
823.708 2902.193
824.012 2890.518
824.317 2871.375
824.621 2842.663
824.925 2827.017
825.230 2803.043
825.534 2778.324
825.839 2775.975
826.143 2749.819
826.448 2729.121
826.752 2715.642
827.057 2690.683
827.361 2681.027
827.665 2658.162
827.970 2643.651
828.274 2622.004
828.579 2605.365
828.883 2594.681
829.188 2582.621
829.492 2557.461
829.796 2542.934
830.101 2526.396
830.405 2513.208
830.710 2482.330
831.014 2456.810
831.319 2449.297
831.623 2433.544
831.928 2424.952
832.232 2406.191
832.536 2395.121
832.841 2372.735
833.145 2349.661
833.450 2358.660
833.754 2334.775
834.059 2339.426
834.363 2303.832
834.668 2289.725
834.972 2270.241
835.276 2266.492
835.581 2245.896
835.885 2230.258
836.190 2223.089
836.494 2197.780
836.799 2195.531
837.103 2178.250
837.407 2176.751
837.712 2176.927
838.016 2146.609
838.321 2125.260
838.625 2107.160
838.930 2105.318
839.234 2101.511
839.539 2090.154
839.843 2065.585
840.147 2053.213
840.452 2040.857
840.756 2025.302
841.061 2018.058
841.365 2002.431
841.670 1978.375
841.974 1976.277
842.279 1978.296
842.583 1954.060
842.887 1947.691
843.192 1947.520
843.496 1918.918
843.801 1923.877
844.105 1897.114
844.410 1899.129
844.714 1888.117
845.019 1867.387
845.323 1865.879
845.627 1854.652
845.932 1839.932
846.236 1838.318
846.541 1815.571
846.845 1816.548
847.150 1805.787
847.454 1794.931
847.758 1795.785
848.063 1773.792
848.367 1773.383
848.672 1768.340
848.976 1755.059
849.281 1740.844
849.585 1736.526
849.890 1726.247
850.194 1723.326
850.498 1705.821
850.803 1698.251
851.107 1694.004
851.412 1681.801
851.716 1677.937
852.021 1665.317
852.325 1667.221
852.630 1632.167
852.934 1637.561
853.238 1612.911
853.543 1621.033
853.847 1616.657
854.152 1601.486
854.456 1587.306
854.761 1574.424
855.065 1567.080
855.370 1571.697
855.674 1557.986
855.978 1559.438
856.283 1552.117
856.587 1538.629
856.892 1526.109
857.196 1525.368
857.501 1516.126
857.805 1520.827
858.109 1503.232
858.414 1489.007
858.718 1489.560
859.023 1476.672
859.327 1476.714
859.632 1467.651
859.936 1466.754
860.241 1454.836
860.545 1440.412
860.849 1440.646
861.154 1434.997
861.458 1437.802
861.763 1414.258
862.067 1425.178
862.372 1428.827
862.676 1401.530
862.981 1396.466
863.285 1399.379
863.589 1390.128
863.894 1388.466
864.198 1380.307
864.503 1385.286
864.807 1377.418
865.112 1369.392
865.416 1376.572
865.721 1366.960
866.025 1357.257
866.329 1365.831
866.634 1358.307
866.938 1363.115
867.243 1346.119
867.547 1333.529
867.852 1337.809
868.156 1333.823
868.460 1333.512
868.765 1320.161
869.069 1335.019
869.374 1329.261
869.678 1310.824
869.983 1309.976
870.287 1314.826
870.592 1306.349
870.896 1307.318
871.200 1313.625
871.505 1310.573
871.809 1301.892
872.114 1307.297
872.418 1304.038
872.723 1281.785
873.027 1283.837
873.332 1285.893
873.636 1285.630
873.940 1273.655
874.245 1266.683
874.549 1275.695
874.854 1266.010
875.158 1269.442
875.463 1262.626
875.767 1263.524
876.072 1259.471
876.376 1263.752
876.680 1247.695
876.985 1251.082
877.289 1252.209
877.594 1247.221
877.898 1252.426
878.203 1242.457
878.507 1232.277
878.811 1245.608
879.116 1230.874
879.420 1243.095
879.725 1222.704
880.029 1221.689
880.334 1224.709
880.638 1223.294
880.943 1223.994
881.247 1210.555
881.551 1201.276
881.856 1201.820
882.160 1204.897
882.465 1193.436
882.769 1198.348
883.074 1187.794
883.378 1195.792
883.683 1186.703
883.987 1185.958
884.291 1191.233
884.596 1185.609
884.900 1187.020
885.205 1186.675
885.509 1196.108
885.814 1191.938
886.118 1202.465
886.423 1203.908
886.727 1212.463
887.031 1214.277
887.336 1212.838
887.640 1218.103
887.945 1228.740
888.249 1224.671
888.554 1241.514
888.858 1229.217
889.162 1221.613
889.467 1232.086
889.771 1246.732
890.076 1240.095
890.380 1237.780
890.685 1261.365
890.989 1254.266
891.294 1251.280
891.598 1243.702
891.902 1245.307
892.207 1245.301
892.511 1257.221
892.816 1245.513
893.120 1248.719
893.425 1250.783
893.729 1248.478
894.034 1248.929
894.338 1247.081
894.642 1259.523
894.947 1255.591
895.251 1245.900
895.556 1250.742
895.860 1250.042
896.165 1239.860
896.469 1247.483
896.774 1255.574
897.078 1250.480
897.382 1251.634
897.687 1262.075
897.991 1261.382
898.296 1252.317
898.600 1254.170
898.905 1246.021
899.209 1244.379
899.513 1234.121
899.818 1249.258
900.122 1243.176
900.427 1242.715
900.731 1244.803
901.036 1248.531
901.340 1244.541
901.645 1253.660
901.949 1247.568
902.253 1256.933
902.558 1254.592
902.862 1249.656
903.167 1233.421
903.471 1239.773
903.776 1239.502
904.080 1236.445
904.385 1235.496
904.689 1236.877
904.993 1238.263
905.298 1242.982
905.602 1243.666
905.907 1246.503
906.211 1232.784
906.516 1231.104
906.820 1231.975
907.125 1234.152
907.429 1227.942
907.733 1231.954
908.038 1227.844
908.342 1236.416
908.647 1234.279
908.951 1235.952
909.256 1240.437
909.560 1235.659
909.864 1237.512
910.169 1211.238
910.473 1218.132
910.778 1224.295
911.082 1208.348
911.387 1221.192
911.691 1219.479
911.996 1214.130
912.300 1230.674
912.609 1212.807
912.918 1226.505
913.227 1210.865
913.537 1203.347
913.846 1217.594
914.155 1205.856
914.464 1221.536
914.773 1218.503
915.082 1209.545
915.391 1217.515
915.700 1204.874
916.010 1200.592
916.319 1203.508
916.628 1203.120
916.937 1210.932
917.246 1195.475
917.555 1199.186
917.864 1204.666
918.174 1207.600
918.483 1203.471
918.792 1210.938
919.101 1205.440
919.410 1202.479
919.719 1203.071
920.028 1197.140
920.337 1203.658
920.647 1210.789
920.956 1196.499
921.265 1193.125
921.574 1204.639
921.883 1187.715
922.192 1194.063
922.501 1192.252
922.811 1192.629
923.120 1187.996
923.429 1186.170
923.738 1191.988
924.047 1188.728
924.356 1185.701
924.665 1191.300
924.974 1193.505
925.284 1181.742
925.593 1179.709
925.902 1184.872
926.211 1190.973
926.520 1185.232
926.829 1175.019
927.138 1176.391
927.448 1184.940
927.757 1167.002
928.066 1175.035
928.375 1185.866
928.684 1179.017
928.993 1179.193
929.302 1171.273
929.611 1172.836
929.921 1174.409
930.230 1163.983
930.539 1168.491
930.848 1156.282
931.157 1174.420
931.466 1163.029
931.775 1166.008
932.085 1154.814
932.394 1160.643
932.703 1155.791
933.012 1158.775
933.321 1158.714
933.630 1165.932
933.939 1156.220
934.248 1164.603
934.558 1156.409
934.867 1162.488
935.176 1157.316
935.485 1153.805
935.794 1161.745
936.103 1174.974
936.412 1175.290
936.721 1174.351
937.031 1183.426
937.340 1191.389
937.649 1190.259
937.958 1177.916
938.267 1213.610
938.576 1199.973
938.885 1211.585
939.195 1224.947
939.504 1219.420
939.813 1219.072
940.122 1237.354
940.431 1228.902
940.740 1230.061
941.049 1239.124
941.359 1247.262
941.668 1233.889
941.977 1245.749
942.286 1248.634
942.595 1225.083
942.904 1233.892
943.213 1233.437
943.522 1221.279
943.832 1229.656
944.141 1227.822
944.450 1222.549
944.759 1223.356
945.068 1233.351
945.377 1222.828
945.686 1210.774
945.995 1218.585
946.305 1206.307
946.614 1217.289
946.923 1207.976
947.232 1188.712
947.541 1182.193
947.850 1200.977
948.159 1179.209
948.469 1166.484
948.778 1170.433
949.087 1158.632
949.396 1144.010
949.705 1156.657
950.014 1144.546
950.323 1133.613
950.632 1126.398
950.942 1123.062
951.251 1126.190
951.560 1118.342
951.869 1103.313
952.178 1102.503
952.487 1098.004
952.796 1087.217
953.106 1078.988
953.415 1072.043
953.724 1060.567
954.033 1071.481
954.342 1053.589
954.651 1053.314
954.960 1038.415
955.269 1033.145
955.579 1024.710
955.888 1025.680
956.197 1023.182
956.506 1018.332
956.815 1014.743
957.124 1004.157
957.433 991.429
957.743 990.352
958.052 989.209
958.361 969.894
958.670 973.415
958.979 969.153
959.288 953.480
959.597 959.392
959.906 950.646
960.216 941.113
960.525 941.165
960.834 934.917
961.143 921.214
961.452 931.347
961.761 927.251
962.070 914.872
962.380 903.508
962.689 898.711
962.998 894.796
963.307 889.151
963.616 898.795
963.925 888.894
964.234 876.243
964.543 877.265
964.853 878.539
965.162 871.333
965.471 863.830
965.780 862.343
966.095 858.418
966.410 852.213
966.725 848.173
967.040 850.074
967.356 836.213
967.671 836.201
967.986 846.189
968.301 829.178
968.616 829.166
968.931 830.154
969.246 840.143
969.561 835.131
969.876 831.119
970.192 837.107
970.507 824.096
970.822 817.084
971.137 811.072
971.452 820.060
971.767 824.048
972.082 819.036
972.397 813.024
972.712 804.012
973.028 808.000
973.343 811.988
973.658 809.976
973.973 800.964
974.288 802.952
974.603 797.939
974.918 795.927
975.233 805.915
975.548 797.903
975.864 790.890
976.179 788.878
976.494 792.866
976.809 797.853
977.124 794.841
977.439 791.828
977.754 786.816
978.069 790.803
978.384 791.791
978.700 778.778
979.015 774.766
979.330 776.753
979.645 777.740
979.960 772.728
980.275 767.715
980.590 775.702
980.905 769.689
981.221 770.676
981.536 764.664
981.851 772.651
982.166 760.638
982.481 758.625
982.796 763.612
983.111 753.599
983.426 759.586
983.741 752.573
984.057 746.560
984.372 745.546
984.687 745.533
985.002 740.520
985.317 732.507
985.632 740.494
985.947 745.480
986.262 735.467
986.577 737.454
986.893 731.440
987.208 722.427
987.523 738.413
987.838 730.400
988.153 734.386
988.468 733.373
988.783 730.359
989.098 737.346
989.413 724.332
989.729 726.318
990.044 731.304
990.359 723.291
990.674 725.277
990.989 720.263
991.304 728.249
991.619 734.235
991.934 720.221
992.249 731.207
992.565 727.193
992.880 722.179
993.195 720.165
993.510 731.151
993.825 722.137
994.140 727.123
994.455 727.109
994.770 737.094
995.085 734.080
995.401 726.066
995.716 723.052
996.031 730.037
996.346 720.023
996.661 717.008
996.976 721.994
997.291 726.979
997.606 723.965
997.921 718.950
998.237 726.935
998.552 725.921
998.867 722.906
999.182 738.891
999.497 735.877
999.812 741.862
1000.127 740.847
1000.442 736.832
1000.757 742.817
1001.073 738.802
1001.388 746.787
1001.703 741.772
1002.018 748.757
1002.333 763.742
1002.648 742.727
1002.963 779.712
1003.278 761.696
1003.593 756.681
1003.909 757.666
1004.224 769.650
1004.539 771.635
1004.854 769.620
1005.169 772.604
1005.484 778.589
1005.799 788.573
1006.114 784.558
1006.429 791.542
1006.745 793.526
1007.060 792.511
1007.375 792.495
1007.690 796.479
1008.005 800.463
1008.320 810.448
1008.635 815.432
1008.950 806.416
1009.265 815.400
1009.581 822.384
1009.896 821.368
1010.211 831.352
1010.526 838.336
1010.841 814.319
1011.156 823.303
1011.471 832.287
1011.786 833.271
1012.102 840.254
1012.417 844.238
1012.732 848.222
1013.047 852.205
1013.362 840.189
1013.677 849.172
1013.992 851.155
1014.307 851.139
1014.622 865.122
1014.938 867.105
1015.253 866.089
1015.568 866.072
1015.883 870.055
1016.198 879.038
1016.513 878.021
1016.828 882.004
1017.143 883.987
1017.458 889.970
1017.774 889.953
1018.089 893.936
1018.404 896.919
1018.719 906.902
1019.034 908.884
1019.349 914.867
1019.664 911.850
1019.979 917.832
1020.294 921.815
1020.610 914.797
1020.925 930.780
1021.240 931.762
1021.555 942.745
1021.870 938.727
1022.185 947.709
1022.500 943.692
1022.815 941.674
1023.130 953.656
1023.446 951.638
1023.761 972.620
1024.076 969.602
1024.391 968.584
1024.706 971.566
1025.021 978.548
1025.336 982.530
1025.651 984.512
1025.966 988.493
1026.282 997.475
1026.597 999.457
1026.912 1001.438
1027.227 1016.420
1027.542 1003.401
1027.857 1017.383
1028.172 1025.364
1028.487 1019.346
1028.802 1039.327
1029.118 1051.308
1029.433 1039.290
1029.748 1038.271
1030.063 1057.252
1030.378 1052.233
1030.693 1058.214
1031.008 1058.195
1031.323 1062.176
1031.638 1070.157
1031.954 1068.138
1032.269 1074.118
1032.584 1082.099
1032.899 1073.080
1033.214 1083.060
1033.529 1085.041
1033.844 1092.022
1034.159 1085.002
1034.474 1085.983
1034.790 1087.963
1035.105 1084.943
1035.420 1087.924
1035.735 1100.904
1036.050 1097.884
1036.365 1090.864
1036.680 1094.844
1036.995 1104.824
1037.310 1100.804
1037.626 1099.784
1037.941 1099.764
1038.256 1105.744
1038.571 1116.724
1038.886 1118.703
1039.201 1114.683
1039.516 1115.663
1039.831 1111.642
1040.146 1126.622
1040.462 1112.601
1040.777 1109.581
1041.092 1100.560
1041.407 1117.539
1041.722 1114.518
1042.037 1128.498
1042.352 1124.477
1042.667 1109.456
1042.982 1119.435
1043.298 1124.414
1043.613 1120.393
1043.928 1125.372
1044.243 1119.350
1044.558 1118.329
1044.873 1128.308
1045.188 1122.287
1045.503 1115.265
1045.819 1111.244
1046.134 1104.222
1046.449 1117.201
1046.764 1107.179
1047.079 1107.157
1047.394 1113.136
1047.709 1115.114
1048.024 1111.092
1048.339 1099.070
1048.655 1099.048
1048.970 1102.026
1049.285 1103.004
1049.600 1105.982
1049.915 1107.960
1050.230 1105.937
1050.545 1105.915
1050.860 1098.893
1051.175 1097.870
1051.491 1091.848
1051.806 1105.825
1052.121 1095.803
1052.436 1087.780
1052.751 1085.757
1053.066 1082.734
1053.381 1090.712
1053.696 1079.689
1054.011 1083.666
1054.327 1081.643
1054.642 1077.620
1054.957 1066.596
1055.272 1068.573
1055.587 1066.550
1055.902 1066.527
1056.217 1064.503
1056.532 1069.480
1056.847 1070.456
1057.163 1063.433
1057.478 1066.409
1057.793 1067.385
1058.108 1053.362
1058.423 1046.338
1058.738 1048.314
1059.053 1057.290
1059.368 1054.266
1059.683 1055.242
1059.999 1050.218
1060.314 1044.194
1060.629 1056.170
1060.944 1054.145
1061.259 1058.121
1061.574 1051.096
1061.889 1040.072
1062.204 1034.047
1062.519 1032.023
1062.835 1039.998
1063.150 1043.973
1063.465 1041.948
1063.780 1042.924
1064.095 1041.899
1064.410 1031.874
1064.725 1047.849
1065.040 1048.823
1065.355 1033.798
1065.671 1031.773
1065.986 1024.748
1066.301 1033.722
1066.616 1031.697
1066.931 1022.671
1067.246 1029.646
1067.561 1030.620
1067.876 1022.594
1068.191 1030.568
1068.507 1022.542
1068.822 1027.517
1069.137 1030.491
1069.452 1022.464
1069.767 1019.438
1070.082 1001.412
1070.397 1014.386
1070.712 1020.359
1071.027 1005.333
1071.343 1005.307
1071.658 1008.280
1071.973 1003.253
1072.288 1009.227
1072.603 1005.200
1072.918 1017.173
1073.233 1008.146
1073.548 1004.119
1073.863 1005.092
1074.179 1000.065
1074.494 1000.038
1074.809 1005.011
1075.124 996.983
1075.439 990.956
1075.754 984.929
1076.069 993.901
1076.384 990.873
1076.699 994.846
1077.015 988.818
1077.330 986.790
1077.645 975.762
1077.960 977.734
1078.275 986.706
1078.590 981.678
1078.905 983.650
1079.220 981.622
1079.536 986.594
1079.851 981.565
1080.166 983.537
1080.481 974.508
1080.796 973.480
1081.111 977.451
1081.426 975.422
1081.741 976.393
1082.056 976.364
1082.372 985.335
1082.687 978.306
1083.002 971.277
1083.317 977.248
1083.632 981.219
1083.947 974.189
1084.262 970.160
1084.577 967.130
1084.892 968.101
1085.208 964.071
1085.523 974.041
1085.838 962.012
1086.153 962.982
1086.468 961.952
1086.783 955.922
1087.098 960.892
1087.413 963.861
1087.728 953.831
1088.044 956.801
1088.359 953.770
1088.674 959.740
1088.989 955.709
1089.304 956.679
1089.619 960.648
1089.934 957.617
1090.249 954.586
1090.564 962.555
1090.880 952.524
1091.195 954.493
1091.510 942.462
1091.825 947.431
1092.140 945.399
1092.467 952.368
1092.794 957.336
1093.121 951.305
1093.448 951.273
1093.775 954.241
1094.102 942.209
1094.429 941.178
1094.756 937.146
1095.083 942.114
1095.410 943.081
1095.737 933.049
1096.064 931.017
1096.391 935.984
1096.718 934.952
1097.045 941.919
1097.372 937.887
1097.699 939.854
1098.026 936.821
1098.353 933.788
1098.680 937.755
1099.007 920.722
1099.334 927.689
1099.661 932.656
1099.988 929.623
1100.315 924.589
1100.642 935.556
1100.969 932.522
1101.296 932.489
1101.623 927.455
1101.950 923.421
1102.277 925.387
1102.604 939.353
1102.931 927.319
1103.258 934.285
1103.585 928.251
1103.912 928.216
1104.239 936.182
1104.566 928.148
1104.893 928.113
1105.220 917.078
1105.547 914.044
1105.874 936.009
1106.201 935.974
1106.528 928.939
1106.855 920.904
1107.182 914.869
1107.509 922.833
1107.836 922.798
1108.163 925.763
1108.490 921.727
1108.817 923.692
1109.144 921.656
1109.470 933.620
1109.797 921.584
1110.124 929.548
1110.451 923.512
1110.778 926.476
1111.105 931.440
1111.432 927.404
1111.759 921.368
1112.086 927.331
1112.413 939.295
1112.740 950.258
1113.067 926.221
1113.394 926.184
1113.721 929.148
1114.048 925.111
1114.375 918.073
1114.702 912.036
1115.029 925.999
1115.356 921.962
1115.683 916.924
1116.010 918.887
1116.337 911.849
1116.664 918.812
1116.991 899.774
1117.318 902.736
1117.645 914.698
1117.972 908.660
1118.299 909.622
1118.626 900.584
1118.953 909.545
1119.280 900.507
1119.607 905.469
1119.934 902.430
1120.261 905.391
1120.588 902.353
1120.915 893.314
1121.242 898.275
1121.569 895.236
1121.896 904.197
1122.223 892.158
1122.550 893.118
1122.877 902.079
1123.204 891.039
1123.531 902.000
1123.858 893.960
1124.185 901.921
1124.512 902.881
1124.839 902.841
1125.166 886.801
1125.493 892.761
1125.820 890.721
1126.147 886.680
1126.474 883.640
1126.801 885.600
1127.128 892.559
1127.455 896.518
1127.782 887.478
1128.109 875.437
1128.436 880.396
1128.763 882.355
1129.090 874.314
1129.417 874.273
1129.744 887.232
1130.071 874.190
1130.398 868.149
1130.725 869.107
1131.052 870.066
1131.379 862.024
1131.706 865.982
1132.033 873.940
1132.360 858.899
1132.687 854.856
1133.014 849.814
1133.341 853.772
1133.668 863.730
1133.995 855.687
1134.322 847.645
1134.649 849.602
1134.976 848.560
1135.303 842.517
1135.630 843.474
1135.957 841.431
1136.284 845.388
1136.611 841.345
1136.938 844.302
1137.265 830.259
1137.592 832.215
1137.919 814.172
1138.246 826.128
1138.573 810.084
1138.900 810.041
1139.227 812.997
1139.554 806.953
1139.881 802.909
1140.208 797.865
1140.535 793.821
1140.862 800.777
1141.189 794.732
1141.516 794.688
1141.843 774.643
1142.170 768.599
1142.497 770.554
1142.824 772.509
1143.151 768.464
1143.478 771.419
1143.805 767.374
1144.131 762.329
1144.458 762.284
1144.785 767.239
1145.112 765.193
1145.439 758.148
1145.766 753.102
1146.093 761.057
1146.420 767.011
1146.747 757.965
1147.074 762.919
1147.401 749.873
1147.728 756.827
1148.055 764.781
1148.382 758.735
1148.709 755.689
1149.036 755.642
1149.363 759.596
1149.690 747.549
1150.017 750.503
1150.344 758.456
1150.671 745.409
1150.998 759.362
1151.325 752.315
1151.652 746.268
1151.979 749.221
1152.306 734.174
1152.633 747.127
1152.960 738.079
1153.287 737.032
1153.614 729.984
1153.941 740.937
1154.268 745.889
1154.595 734.841
1154.922 743.794
1155.249 750.746
1155.576 743.698
1155.903 747.650
1156.230 750.601
1156.557 739.553
1156.884 744.505
1157.211 739.457
1157.538 744.408
1157.865 746.360
1158.192 738.311
1158.519 737.262
1158.846 747.214
1159.173 750.165
1159.500 732.116
1159.827 734.067
1160.154 733.018
1160.481 731.969
1160.808 734.920
1161.135 733.871
1161.462 743.821
1161.789 735.772
1162.116 736.722
1162.443 722.673
1162.770 730.623
1163.097 723.574
1163.424 723.524
1163.751 723.474
1164.078 722.424
1164.405 721.375
1164.732 711.325
1165.059 722.275
1165.386 715.224
1165.713 737.174
1166.040 732.124
1166.367 716.074
1166.694 719.023
1167.021 717.973
1167.348 716.922
1167.675 701.872
1168.002 711.821
1168.329 706.771
1168.656 709.720
1168.983 705.669
1169.310 708.618
1169.637 695.567
1169.964 697.517
1170.291 695.466
1170.618 685.415
1170.945 670.363
1171.272 669.312
1171.599 662.261
1171.926 658.210
1172.253 661.158
1172.580 657.107
1172.907 650.056
1173.234 636.004
1173.561 635.953
1173.888 627.901
1174.215 627.850
1174.542 625.798
1174.869 632.746
1175.196 615.694
1175.523 622.643
1175.850 629.591
1176.177 629.539
1176.504 631.487
1176.831 627.435
1177.158 618.383
1177.485 619.331
1177.812 619.279
1178.139 619.227
1178.465 615.175
1178.792 622.122
1179.119 613.070
1179.446 617.018
1179.773 609.966
1180.100 606.913
1180.427 599.861
1180.754 597.809
1181.081 598.756
1181.408 591.704
1181.735 588.651
1182.062 587.599
1182.389 588.546
1182.716 578.494
1183.043 575.441
1183.370 577.388
1183.697 570.336
1184.024 570.283
1184.351 576.231
1184.678 571.178
1185.005 563.125
1185.332 567.072
1185.659 572.020
1185.986 581.967
1186.313 569.914
1186.640 564.861
1186.967 568.809
1187.294 559.756
1187.621 560.703
1187.948 568.650
1188.275 563.597
1188.602 552.544
1188.929 542.491
1189.256 546.439
1189.583 552.386
1189.910 555.333
1190.237 552.280
1190.564 551.227
1190.891 545.174
1191.218 544.121
1191.545 545.069
1191.872 549.016
1192.199 538.963
1192.526 535.910
1192.853 546.857
1193.180 545.804
1193.507 537.751
1193.834 533.699
1194.161 525.646
1194.488 532.593
1194.815 525.540
1195.142 534.488
1195.469 527.435
1195.796 527.382
1196.123 530.329
1196.450 520.277
1196.777 519.224
1197.104 515.171
1197.431 521.119
1197.758 525.066
1198.085 517.014
1198.412 517.961
1198.739 512.909
1199.066 511.856
1199.393 520.804
1199.720 498.751
1200.047 500.699
1200.374 504.647
1200.701 489.594
1201.028 502.542
1201.355 499.490
1201.682 490.438
1202.009 484.386
1202.336 484.334
1202.663 492.282
1202.990 489.230
1203.317 475.178
1203.644 483.126
1203.971 473.074
1204.298 471.022
1204.625 470.971
1204.952 467.919
1205.279 473.868
1205.606 469.816
1205.933 463.765
1206.260 456.713
1206.587 455.662
1206.914 445.611
1207.241 450.559
1207.568 454.508
1207.895 455.457
1208.222 449.406
1208.549 450.355
1208.876 438.305
1209.203 441.254
1209.530 444.203
1209.857 442.153
1210.184 434.102
1210.511 439.052
1210.838 431.001
1211.165 425.951
1211.492 422.901
1211.819 420.851
1212.146 418.801
1212.473 411.751
1212.799 412.701
1213.126 407.652
1213.453 404.602
1213.780 407.553
1214.107 406.503
1214.434 395.454
1214.761 396.405
1215.088 393.356
1215.415 400.307
1215.742 402.258
1216.069 392.209
1216.396 386.161
1216.723 387.112
1217.050 389.064
1217.377 385.016
1217.704 376.968
1218.031 378.920
1218.358 374.872
1218.685 372.824
1219.012 369.776
1219.339 371.729
1219.666 370.682
1219.993 366.634
1220.320 364.587
1220.647 361.540
1220.974 364.494
1221.301 355.447
1221.628 347.400
1221.955 345.354
1222.282 346.308
1222.609 346.262
1222.936 338.216
1223.263 340.170
1223.590 336.124
1223.917 344.079
1224.244 347.034
1224.571 340.989
1224.898 338.944
1225.225 330.899
1225.552 322.854
1225.879 317.810
1226.206 322.765
1226.533 324.721
1226.860 323.677
1227.187 313.634
1227.514 318.590
1227.841 313.547
1228.168 312.503
1228.495 315.460
1228.822 320.417
1229.149 319.375
1229.476 308.332
1229.803 308.290
1230.130 307.248
1230.457 302.206
1230.784 298.164
1231.111 309.123
1231.438 309.081
1231.765 301.040
1232.092 288.999
1232.419 290.958
1232.746 291.918
