168.180 9.460
168.450 51.459
168.720 65.459
168.990 69.459
169.260 73.459
169.530 67.458
169.799 63.458
170.069 62.458
170.339 67.458
170.609 70.457
170.879 66.457
171.149 67.457
171.418 66.456
171.688 72.456
171.958 73.456
172.228 74.456
172.498 71.455
172.768 74.455
173.037 67.455
173.307 64.454
173.577 70.454
173.847 67.454
174.117 63.454
174.387 60.453
174.656 71.453
174.926 73.453
175.196 65.452
175.466 69.452
175.736 67.452
176.006 63.452
176.275 64.451
176.545 67.451
176.815 69.451
177.085 69.450
177.355 61.450
177.625 67.450
177.894 62.449
178.164 70.449
178.434 66.449
178.704 67.449
178.974 74.448
179.244 68.448
179.513 64.448
179.783 71.447
180.053 72.447
180.323 66.447
180.593 68.447
180.863 67.446
181.132 64.446
181.402 62.446
181.672 70.445
181.942 78.445
182.212 70.445
182.482 67.445
182.751 65.444
183.021 69.444
183.291 69.444
183.561 74.443
183.831 70.443
184.101 76.443
184.370 79.442
184.640 73.442
184.910 72.442
185.164 72.442
185.417 75.441
185.671 78.441
185.925 70.441
186.178 66.440
186.432 68.440
186.686 66.440
186.939 72.440
187.193 72.439
187.447 79.439
187.700 75.439
187.954 70.438
188.207 73.438
188.461 77.438
188.715 70.437
188.968 70.437
189.222 66.437
189.476 69.437
189.729 69.436
189.983 74.436
190.237 60.436
190.490 64.435
190.744 61.435
190.998 69.435
191.251 71.434
191.505 63.434
191.759 64.434
192.012 67.434
192.266 71.433
192.520 68.433
192.773 68.433
193.027 73.432
193.281 78.432
193.534 79.432
193.788 70.431
194.042 67.431
194.295 77.431
194.549 65.430
194.802 67.430
195.056 72.430
195.310 69.430
195.563 65.429
195.817 68.429
196.071 71.429
196.324 70.428
196.578 68.428
196.832 68.428
197.085 74.427
197.339 74.427
197.593 73.427
197.846 71.427
198.100 72.426
198.354 67.426
198.607 71.426
198.861 69.425
199.115 72.425
199.368 72.425
199.622 69.424
199.876 71.424
200.129 75.424
200.383 74.423
200.636 75.423
200.890 71.423
201.144 74.422
201.397 65.422
201.651 69.422
201.905 70.422
202.158 78.421
202.412 66.421
202.666 78.421
202.919 66.420
203.173 66.420
203.427 72.420
203.680 75.419
203.934 77.419
204.188 80.419
204.441 72.418
204.695 59.418
204.949 77.418
205.202 74.417
205.456 64.417
205.710 79.417
205.963 72.417
206.217 70.416
206.471 74.416
206.724 74.416
206.978 79.415
207.231 74.415
207.485 83.415
207.739 71.414
207.992 66.414
208.246 74.414
208.500 73.413
208.753 73.413
209.007 71.413
209.261 65.412
209.514 72.412
209.768 68.412
210.022 76.411
210.275 63.411
210.529 72.411
210.783 66.410
211.036 74.410
211.290 74.410
211.544 77.410
211.797 77.409
212.051 73.409
212.305 74.409
212.558 79.408
212.812 65.408
213.065 73.408
213.319 67.407
213.573 75.407
213.826 70.407
214.080 68.406
214.334 70.406
214.587 71.406
214.841 71.405
215.095 73.405
215.348 73.405
215.602 71.404
215.856 71.404
216.109 76.404
216.363 74.403
216.617 75.403
216.870 69.403
217.124 74.402
217.378 61.402
217.631 72.402
217.885 67.401
218.139 87.401
218.392 82.401
218.646 77.400
218.900 73.400
219.153 75.400
219.407 84.399
219.660 75.399
219.914 67.399
220.168 75.398
220.421 75.398
220.675 73.398
220.929 79.397
221.182 71.397
221.436 82.397
221.690 79.396
221.943 71.396
222.197 84.396
222.451 80.395
222.704 84.395
222.958 78.395
223.212 75.394
223.465 79.394
223.719 73.394
223.973 80.393
224.226 82.393
224.480 77.393
224.734 79.392
224.987 74.392
225.241 74.392
225.494 71.391
225.748 82.391
226.002 72.391
226.255 75.390
226.509 77.390
226.763 80.390
227.016 77.389
227.270 79.389
227.524 74.389
227.777 80.388
228.031 73.388
228.285 80.388
228.538 77.387
228.792 74.387
229.046 80.387
229.299 72.386
229.553 79.386
229.807 77.386
230.060 79.385
230.314 75.385
230.568 72.385
230.821 75.384
231.075 80.384
231.329 83.384
231.582 73.383
231.836 80.383
232.089 75.383
232.343 79.382
232.597 83.382
232.850 76.382
233.104 78.381
233.358 82.381
233.611 76.381
233.865 77.380
234.119 74.380
234.372 81.380
234.626 82.379
234.880 79.379
235.133 75.378
235.387 74.378
235.641 80.378
235.894 80.377
236.148 82.377
236.402 84.377
236.655 86.376
236.909 81.376
237.163 75.376
237.416 75.375
237.670 75.375
237.924 79.375
238.177 87.374
238.431 95.374
238.684 82.374
238.938 86.373
239.192 78.373
239.445 84.373
239.699 80.372
239.953 82.372
240.206 80.371
240.460 83.371
240.714 90.371
240.967 80.370
241.221 79.370
241.475 81.370
241.728 85.369
241.982 81.369
242.236 87.369
242.489 85.368
242.743 83.368
242.997 89.368
243.250 83.367
243.504 82.367
243.758 76.367
244.011 78.366
244.265 83.366
244.518 77.365
244.772 86.365
245.026 84.365
245.279 91.364
245.533 83.364
245.787 73.364
246.040 80.363
246.294 86.363
246.548 76.363
246.801 85.362
247.055 89.362
247.309 77.361
247.562 82.361
247.816 84.361
248.070 82.360
248.323 88.360
248.577 84.360
248.831 83.359
249.084 92.359
249.338 90.359
249.592 81.358
249.845 85.358
250.099 84.357
250.353 86.357
250.606 77.357
250.860 81.356
251.113 91.356
251.367 88.356
251.621 80.355
251.874 87.355
252.128 83.355
252.382 90.354
252.635 95.354
252.889 91.353
253.143 79.353
253.396 83.353
253.650 88.352
253.911 89.352
254.172 80.352
254.433 89.351
254.694 93.351
254.955 89.351
255.216 90.350
255.477 93.350
255.738 90.349
255.999 89.349
256.261 92.349
256.522 90.348
256.783 87.348
257.044 92.348
257.305 90.347
257.566 88.347
257.827 89.346
258.088 87.346
258.349 85.346
258.610 90.345
258.871 91.345
259.132 95.345
259.393 93.344
259.654 85.344
259.915 92.343
260.176 95.343
260.437 86.343
260.698 85.342
260.959 82.342
261.221 85.342
261.482 84.341
261.743 85.341
262.004 93.340
262.265 89.340
262.526 86.340
262.787 87.339
263.048 90.339
263.309 94.338
263.570 92.338
263.831 89.338
264.092 86.337
264.353 84.337
264.614 88.337
264.875 86.336
265.136 105.336
265.397 90.335
265.658 92.335
265.919 88.335
266.181 92.334
266.442 95.334
266.703 93.334
266.964 98.333
267.225 88.333
267.486 92.332
267.747 93.332
268.008 91.332
268.269 92.331
268.530 88.331
268.791 91.330
269.052 89.330
269.313 90.330
269.574 95.329
269.835 90.329
270.096 97.328
270.357 91.328
270.618 92.328
270.879 86.327
271.141 88.327
271.402 88.327
271.663 96.326
271.924 95.326
272.185 89.325
272.446 90.325
272.707 92.325
272.968 88.324
273.229 96.324
273.490 91.323
273.751 82.323
274.012 91.323
274.273 92.322
274.534 89.322
274.795 88.321
275.056 91.321
275.317 84.321
275.578 91.320
275.839 89.320
276.101 78.319
276.362 87.319
276.623 90.319
276.884 88.318
277.145 98.318
277.406 93.317
277.667 91.317
277.928 89.317
278.189 95.316
278.450 90.316
278.711 89.315
278.972 96.315
279.233 99.315
279.494 89.314
279.755 99.314
280.016 87.313
280.277 91.313
280.538 93.313
280.799 101.312
281.061 91.312
281.322 96.311
281.583 86.311
281.844 105.311
282.105 100.310
282.366 90.310
282.627 95.309
282.888 97.309
283.149 96.309
283.410 111.308
283.671 92.308
283.932 100.307
284.193 99.307
284.454 94.307
284.715 89.306
284.976 98.306
285.237 94.305
285.498 99.305
285.759 108.305
286.021 97.304
286.282 99.304
286.543 100.303
286.804 91.303
287.065 91.302
287.326 95.302
287.587 90.302
287.848 104.301
288.109 101.301
288.370 101.300
288.631 101.300
288.892 97.300
289.153 97.299
289.414 97.299
289.675 99.298
289.936 100.298
290.197 100.297
290.458 91.297
290.719 98.297
290.981 98.296
291.242 101.296
291.503 98.295
291.764 95.295
292.025 96.295
292.286 111.294
292.547 99.294
292.808 99.293
293.069 92.293
293.330 95.292
293.591 93.292
293.852 102.292
294.113 93.291
294.374 97.291
294.635 108.290
294.896 96.290
295.157 104.290
295.418 106.289
295.679 106.289
295.941 107.288
296.202 101.288
296.463 105.287
296.724 101.287
296.985 106.287
297.246 96.286
297.507 98.286
297.768 97.285
298.029 89.285
298.290 95.284
298.551 98.284
298.812 98.284
299.073 102.283
299.334 98.283
299.595 94.282
299.856 107.282
300.117 103.281
300.378 101.281
300.639 104.281
300.901 102.280
301.162 114.280
301.423 106.279
301.684 101.279
301.945 103.278
302.206 98.278
302.467 101.278
302.728 101.277
302.989 105.277
303.250 103.276
303.511 100.276
303.772 105.275
304.033 104.275
304.294 104.274
304.555 102.274
304.816 96.274
305.077 106.273
305.338 102.273
305.599 100.272
305.861 104.272
306.122 103.271
306.383 101.271
306.644 108.271
306.905 111.270
307.166 108.270
307.427 99.269
307.688 105.269
307.949 106.268
308.210 107.268
308.471 102.267
308.732 105.267
308.993 103.267
309.254 112.266
309.515 114.266
309.776 109.265
310.037 101.265
310.298 108.264
310.559 100.264
310.821 109.263
311.082 110.263
311.343 100.263
311.604 113.262
311.865 110.262
312.126 106.261
312.387 99.261
312.648 107.260
312.909 110.260
313.170 112.259
313.437 108.259
313.704 111.258
313.971 112.258
314.238 110.258
314.504 112.257
314.771 117.257
315.038 108.256
315.305 109.256
315.572 102.255
315.839 109.255
316.106 101.254
316.373 106.254
316.640 106.253
316.906 110.253
317.173 103.253
317.440 107.252
317.707 109.252
317.974 115.251
318.241 107.251
318.508 110.250
318.775 104.250
319.042 110.249
319.308 108.249
319.575 110.248
319.842 108.248
320.109 113.248
320.376 111.247
320.643 117.247
320.910 119.246
321.177 107.246
321.444 110.245
321.710 107.245
321.977 108.244
322.244 108.244
322.511 113.243
322.778 106.243
323.045 104.242
323.312 114.242
323.579 112.241
323.846 111.241
324.112 105.241
324.379 121.240
324.646 116.240
324.913 118.239
325.180 107.239
325.447 116.238
325.714 113.238
325.981 119.237
326.248 113.237
326.514 110.236
326.781 104.236
327.048 111.235
327.315 112.235
327.582 112.234
327.849 107.234
328.116 113.233
328.383 102.233
328.649 113.233
328.916 113.232
329.183 114.232
329.450 113.231
329.717 118.231
329.984 111.230
330.251 123.230
330.518 103.229
330.785 115.229
331.051 111.228
331.318 113.228
331.585 114.227
331.852 116.227
332.119 115.226
332.386 127.226
332.653 119.225
332.920 125.225
333.187 122.224
333.453 127.224
333.720 135.223
333.987 134.223
334.254 121.222
334.521 130.222
334.788 134.221
335.055 134.221
335.322 145.221
335.589 135.220
335.855 139.220
336.122 148.219
336.389 149.219
336.656 144.218
336.923 149.218
337.190 160.217
337.457 166.217
337.724 162.216
337.991 170.216
338.257 169.215
338.524 176.215
338.791 183.214
339.058 183.214
339.325 186.213
339.592 188.213
339.859 197.212
340.126 199.212
340.393 209.211
340.659 210.211
340.926 221.210
341.193 229.210
341.460 230.209
341.727 245.209
341.994 238.208
342.261 253.208
342.528 255.207
342.795 269.207
343.061 264.206
343.328 283.206
343.595 301.205
343.862 305.205
344.129 310.204
344.396 319.204
344.663 337.203
344.930 341.203
345.197 342.202
345.463 353.202
345.730 367.201
345.997 377.201
346.264 395.200
346.531 410.200
346.798 417.199
347.065 433.199
347.332 443.198
347.599 452.198
347.865 465.197
348.132 478.197
348.399 494.196
348.666 496.196
348.933 506.195
349.200 524.195
349.467 538.194
349.734 554.194
350.001 578.193
350.267 580.193
350.534 586.192
350.801 605.192
351.068 624.191
351.335 636.191
351.602 650.190
351.869 662.189
352.136 678.189
352.402 688.188
352.669 703.188
352.936 723.187
353.203 729.187
353.470 740.186
353.737 757.186
354.004 776.185
354.271 785.185
354.538 807.184
354.804 830.184
355.071 843.183
355.338 848.183
355.605 869.182
355.872 885.182
356.139 905.181
356.406 922.181
356.673 935.180
356.940 954.180
357.206 980.931
357.473 995.100
357.740 1008.294
358.007 1042.061
358.274 1062.298
358.541 1081.563
358.808 1097.443
359.075 1119.811
359.342 1139.832
359.608 1154.417
359.875 1166.165
360.142 1199.353
360.409 1219.314
360.676 1251.471
360.943 1264.367
361.210 1272.341
361.477 1311.312
361.744 1333.860
362.010 1348.409
362.277 1367.502
362.544 1402.066
362.811 1405.609
363.078 1432.917
363.345 1460.661
363.612 1485.315
363.879 1517.748
364.146 1517.673
364.412 1531.525
364.679 1580.198
364.946 1593.049
365.213 1609.247
365.480 1635.356
365.748 1648.824
366.017 1666.843
366.285 1693.830
366.553 1695.164
366.822 1728.543
367.090 1737.073
367.358 1755.632
367.627 1794.227
367.895 1810.538
368.164 1821.759
368.432 1837.177
368.700 1870.461
368.969 1894.265
369.237 1908.859
369.505 1905.622
369.774 1913.792
370.042 1957.854
370.310 1968.920
370.579 1974.529
370.847 2008.027
371.115 2039.496
371.384 2037.040
371.652 2056.960
371.921 2071.356
372.189 2078.705
372.457 2107.428
372.726 2135.361
372.994 2116.571
373.262 2158.116
373.531 2157.476
373.799 2158.751
374.067 2192.891
374.336 2194.237
374.604 2208.949
374.872 2236.681
375.141 2234.292
375.409 2246.866
375.678 2259.414
375.946 2267.545
376.214 2285.557
376.483 2303.510
376.751 2310.086
377.019 2331.689
377.288 2345.682
377.556 2355.369
377.824 2370.040
378.093 2377.686
378.361 2389.867
378.629 2407.433
378.898 2427.952
379.166 2461.600
379.435 2468.592
379.703 2492.121
379.971 2498.541
380.240 2516.201
380.508 2546.081
380.776 2555.695
381.045 2575.219
381.313 2597.361
381.581 2599.712
381.850 2642.536
382.118 2682.933
382.386 2686.767
382.655 2690.231
382.923 2732.681
383.192 2756.834
383.460 2787.231
383.728 2775.774
383.997 2825.940
384.265 2855.736
384.533 2886.742
384.802 2906.281
385.070 2949.375
385.338 2996.867
385.607 3003.377
385.875 3004.444
386.143 3058.698
386.412 3093.506
386.680 3119.564
386.948 3116.884
387.217 3183.334
387.485 3214.490
387.754 3240.343
388.022 3277.601
388.290 3294.370
388.559 3341.428
388.827 3387.256
389.095 3423.242
389.364 3454.271
389.632 3482.167
389.900 3516.425
390.169 3536.493
390.437 3588.803
390.705 3624.577
390.974 3667.871
391.242 3710.529
391.511 3729.846
391.779 3753.082
392.047 3829.672
392.316 3838.650
392.584 3911.177
392.852 3921.618
393.121 3972.185
393.389 4024.869
393.657 4053.701
393.926 4103.964
394.194 4129.520
394.462 4164.287
394.731 4222.092
394.999 4272.447
395.268 4320.318
395.536 4357.552
395.804 4384.638
396.073 4437.140
396.341 4479.005
396.609 4522.206
396.878 4569.121
397.146 4622.205
397.414 4666.766
397.683 4703.880
397.951 4743.015
398.219 4803.875
398.488 4858.438
398.756 4890.263
399.025 4957.028
399.293 4996.956
399.561 5017.839
399.830 5084.821
400.098 5162.737
400.366 5179.820
400.635 5231.263
400.903 5285.357
401.171 5307.702
401.440 5408.039
401.708 5434.780
401.976 5501.659
402.245 5522.008
402.513 5608.464
402.782 5637.403
403.050 5696.327
403.318 5733.905
403.587 5795.895
403.855 5847.523
404.123 5898.618
404.392 5950.970
404.660 6007.396
404.934 6045.060
405.207 6092.130
405.481 6181.421
405.754 6241.169
406.028 6265.835
406.301 6316.639
406.575 6387.682
406.848 6411.594
407.122 6473.870
407.395 6551.074
407.669 6583.495
407.942 6638.059
408.216 6727.442
408.489 6739.066
408.763 6799.441
409.036 6869.682
409.310 6906.779
409.583 6952.900
409.857 7032.632
410.130 7062.108
410.404 7123.628
410.677 7166.211
410.951 7239.060
411.224 7283.990
411.498 7317.773
411.771 7387.329
412.045 7407.547
412.318 7483.430
412.592 7522.341
412.865 7578.736
413.139 7609.564
413.412 7702.231
413.686 7746.189
413.959 7792.841
414.233 7851.756
414.506 7898.518
414.780 7943.703
415.053 8039.029
415.327 8050.105
415.600 8130.799
415.874 8177.062
416.147 8227.463
416.421 8288.376
416.694 8335.410
416.968 8418.489
417.241 8451.466
417.515 8500.048
417.788 8542.847
418.062 8632.843
418.335 8668.388
418.609 8729.233
418.882 8789.624
419.156 8798.648
419.429 8881.399
419.703 8945.097
419.976 8985.072
420.250 9051.782
420.524 9142.613
420.797 9152.278
421.071 9209.780
421.344 9223.252
421.618 9288.728
421.891 9325.111
422.165 9421.927
422.438 9448.448
422.712 9530.850
422.985 9551.075
423.259 9600.232
423.532 9650.132
423.806 9683.250
424.079 9772.487
424.353 9833.031
424.626 9872.413
424.900 9875.528
425.173 9958.113
425.447 10014.028
425.720 10052.028
425.994 10103.130
426.267 10151.633
426.541 10197.618
426.814 10227.252
427.088 10278.137
427.361 10345.442
427.635 10385.335
427.908 10438.530
428.182 10458.313
428.455 10534.834
428.729 10511.087
429.002 10573.031
429.276 10608.890
429.549 10678.446
429.823 10703.237
430.096 10711.575
430.370 10755.303
430.643 10823.604
430.917 10856.007
431.190 10924.409
431.464 10934.489
431.737 10985.928
432.011 11033.278
432.284 11083.596
432.558 11085.438
432.831 11139.849
433.105 11140.290
433.378 11205.034
433.652 11258.784
433.925 11271.550
434.199 11291.590
434.472 11338.667
434.746 11428.005
435.019 11484.489
435.293 11496.514
435.566 11525.899
435.840 11556.109
436.119 11613.706
436.398 11668.323
436.677 11665.347
436.956 11719.801
437.235 11732.212
437.514 11728.344
437.793 11751.966
438.073 11804.323
438.352 11829.240
438.631 11865.681
438.910 11902.051
439.189 11932.611
439.468 11975.555
439.747 12016.578
440.026 12040.967
440.305 12116.089
440.584 12120.496
440.863 12189.678
441.142 12211.079
441.421 12258.743
441.700 12287.646
441.979 12325.230
442.258 12376.320
442.538 12429.529
442.817 12452.943
443.096 12463.612
443.375 12515.487
443.654 12575.153
443.933 12631.050
444.212 12699.105
444.491 12690.272
444.770 12744.868
445.049 12787.504
445.328 12836.892
445.607 12889.626
445.886 12942.190
446.165 12918.842
446.444 13005.852
446.723 13046.098
447.003 13078.482
447.282 13111.958
447.561 13158.281
447.840 13228.007
448.119 13249.971
448.398 13303.630
448.677 13370.376
448.956 13372.984
449.235 13458.674
449.514 13476.537
449.793 13510.944
450.072 13582.548
450.351 13633.866
450.630 13646.256
450.909 13714.822
451.188 13805.209
451.468 13807.227
451.747 13864.607
452.026 13888.736
452.305 13950.364
452.584 13990.840
452.863 14054.835
453.142 14063.851
453.421 14126.100
453.700 14201.790
453.979 14254.796
454.258 14294.851
454.537 14340.443
454.816 14415.935
455.095 14488.680
455.374 14494.827
455.653 14592.960
455.933 14630.338
456.212 14679.290
456.491 14743.009
456.770 14769.730
457.049 14889.863
457.328 14924.919
457.607 15003.033
457.886 15068.873
458.165 15134.577
458.444 15198.705
458.723 15256.113
459.002 15299.015
459.281 15367.495
459.560 15441.870
459.839 15501.991
460.119 15573.859
460.398 15658.397
460.677 15737.371
460.956 15814.484
461.235 15894.617
461.514 15958.011
461.793 16019.340
462.072 16174.957
462.351 16218.298
462.630 16298.301
462.909 16398.096
463.188 16495.855
463.467 16582.412
463.746 16664.902
464.025 16744.348
464.304 16866.051
464.584 16888.702
464.863 17013.056
465.142 17122.146
465.421 17221.921
465.700 17350.427
465.979 17410.797
466.258 17512.999
466.537 17661.551
466.816 17680.962
467.095 17824.216
467.374 17914.662
467.653 18030.979
467.932 18118.034
468.211 18225.916
468.490 18360.275
468.769 18451.914
469.049 18554.468
469.328 18686.912
469.607 18785.912
469.886 18908.911
470.165 19029.910
470.444 19168.077
470.723 19262.433
471.002 19366.006
471.281 19448.355
471.560 19546.452
471.839 19694.294
472.118 19810.335
472.397 19890.575
472.676 20027.011
472.955 20179.982
473.234 20282.597
473.514 20370.121
473.793 20508.971
474.072 20630.311
474.351 20750.654
474.630 20861.512
474.909 20985.739
475.188 21060.562
475.467 21182.080
475.746 21289.659
476.025 21424.841
476.304 21550.703
476.583 21668.589
476.862 21809.461
477.141 21866.350
477.420 22038.741
477.699 22131.518
477.979 22184.767
478.258 22341.747
478.537 22478.857
478.816 22535.266
479.095 22662.098
479.374 22797.413
479.653 22940.146
479.932 22998.849
480.211 23155.547
480.490 23243.426
480.769 23341.817
481.048 23452.821
481.327 23587.257
481.606 23656.187
481.885 23795.726
482.165 23863.083
482.444 23968.749
482.723 24087.096
483.002 24201.321
483.281 24358.867
483.560 24433.337
483.839 24542.008
484.118 24620.051
484.397 24737.908
484.676 24874.992
484.955 24944.710
485.234 25086.318
485.513 25202.984
485.792 25309.233
486.071 25323.845
486.350 25533.190
486.630 25580.937
486.909 25673.451
487.188 25752.710
487.467 25883.429
487.746 25930.423
488.025 26044.457
488.304 26165.654
488.583 26233.011
488.862 26349.384
489.141 26457.405
489.420 26545.866
489.699 26635.177
489.978 26736.960
490.257 26777.165
490.536 26899.022
490.815 27050.307
491.095 27103.646
491.374 27224.919
491.653 27268.284
491.932 27418.732
492.211 27517.789
492.490 27545.852
492.769 27695.446
493.048 27755.960
493.327 27843.015
493.606 27993.720
493.885 28048.666
494.164 28160.567
494.443 28218.108
494.722 28385.620
495.001 28467.918
495.280 28593.138
495.560 28608.527
495.839 28740.983
496.118 28798.014
496.397 28912.039
496.676 28991.764
496.955 29095.497
497.234 29158.941
497.513 29288.849
497.792 29389.161
498.071 29408.275
498.350 29571.252
498.629 29659.782
498.908 29714.107
499.187 29784.745
499.466 29936.503
499.745 30004.844
500.025 30137.645
500.304 30161.626
500.583 30197.608
500.862 30314.014
501.141 30423.782
501.420 30439.451
501.699 30487.250
501.978 30669.166
502.257 30709.780
502.536 30823.398
502.815 30909.083
503.094 30995.767
503.373 31077.584
503.652 31142.230
503.931 31263.707
504.211 31361.505
504.490 31390.886
504.769 31423.890
505.048 31538.339
505.327 31617.446
505.606 31684.062
505.885 31796.545
506.164 31828.048
506.443 31923.497
506.722 31997.757
507.001 32060.954
507.280 32131.290
507.559 32194.887
507.838 32325.275
508.117 32329.368
508.396 32397.327
508.676 32511.580
508.955 32533.596
509.234 32653.787
509.513 32700.295
509.792 32717.730
510.071 32741.319
510.350 32864.256
510.629 32888.895
510.908 32918.752
511.187 33045.930
511.466 33076.620
511.745 33172.082
512.024 33275.954
512.303 33249.517
512.582 33286.071
512.861 33365.825
513.141 33448.187
513.420 33473.239
513.699 33472.811
513.978 33573.523
514.257 33653.888
514.536 33641.755
514.815 33711.013
515.094 33756.086
515.373 33804.004
515.652 33824.539
515.931 33929.342
516.210 33984.688
516.489 33919.684
516.768 33992.770
517.047 34102.659
517.326 34059.464
517.606 34127.992
517.885 34229.920
518.164 34273.298
518.443 34325.180
518.722 34409.838
519.001 34419.877
519.280 34464.325
519.559 34514.998
519.838 34556.620
520.117 34630.511
520.396 34628.299
520.675 34709.716
520.954 34749.267
521.233 34767.264
521.512 34818.024
521.791 34905.578
522.071 34951.303
522.350 35042.387
522.629 35053.910
522.908 35042.181
523.187 35176.390
523.466 35195.317
523.745 35183.579
524.024 35250.468
524.303 35282.857
524.582 35365.647
524.861 35442.698
525.140 35501.660
525.419 35533.205
525.698 35542.683
525.977 35583.156
526.257 35596.885
526.536 35674.980
526.815 35679.094
527.094 35757.345
527.373 35754.009
527.652 35862.037
527.931 35853.628
528.210 35947.555
528.489 35974.144
528.768 36030.067
529.047 36092.625
529.326 36103.051
529.605 36162.611
529.884 36156.780
530.163 36272.458
530.442 36272.457
530.722 36315.717
531.001 36383.250
531.280 36377.210
531.559 36403.318
531.838 36429.782
532.117 36515.334
532.396 36563.583
532.675 36558.323
532.954 36615.615
533.233 36678.697
533.512 36700.760
533.791 36703.597
534.070 36767.929
534.349 36850.900
534.628 36823.578
534.907 36893.552
535.187 36926.727
535.466 36962.709
535.745 36995.915
536.024 36987.375
536.303 37056.688
536.582 37074.802
536.861 37128.155
537.140 37149.086
537.419 37213.989
537.698 37273.557
537.977 37250.416
538.256 37251.608
538.535 37307.905
538.814 37351.178
539.093 37333.030
539.372 37362.984
539.652 37409.655
539.931 37451.800
540.210 37543.837
540.489 37548.634
540.768 37563.988
541.047 37574.135
541.326 37631.417
541.605 37609.676
541.884 37651.607
542.163 37709.702
542.442 37696.797
542.721 37723.187
543.000 37764.612
543.279 37745.343
543.558 37742.452
543.837 37783.668
544.117 37761.257
544.396 37891.461
544.675 37837.510
544.954 37875.033
545.233 37891.352
545.512 37894.253
545.791 37882.646
546.070 37855.566
546.351 37881.677
546.632 37893.281
546.912 37879.741
547.193 37913.505
547.474 37928.993
547.755 37957.024
548.036 37858.597
548.317 37925.117
548.597 37930.925
548.878 37900.043
549.159 37934.858
549.440 37973.516
549.721 37931.954
550.001 37888.433
550.282 37953.229
550.563 37874.046
550.844 37954.238
551.125 37981.272
551.406 37968.759
551.686 37950.370
551.967 37941.786
552.248 37909.085
552.529 37955.284
552.810 37982.284
553.090 37924.569
553.371 37971.702
553.652 37947.666
553.933 37975.576
554.214 37935.276
554.495 37952.566
554.775 37970.817
555.056 37952.564
555.337 37941.036
555.618 37971.774
555.899 37927.585
556.179 37901.647
556.460 37969.821
556.741 37991.927
557.022 37972.730
557.303 37939.048
557.584 37975.539
557.864 37967.799
558.145 37922.475
558.426 37988.013
558.707 37996.713
558.988 38004.465
559.268 37945.298
559.549 37966.538
559.830 37909.232
560.111 37870.954
560.392 37923.360
560.673 37980.939
560.953 38002.554
561.234 38056.911
561.515 38085.651
561.796 37977.836
562.077 37919.397
562.357 37909.225
562.638 37956.718
562.919 37910.676
563.200 37954.449
563.481 38038.779
563.762 38003.602
564.042 37979.480
564.323 37933.314
564.604 37894.050
564.885 37844.647
565.166 37862.477
565.446 37872.428
565.727 37910.682
566.008 37906.735
566.289 37867.379
566.570 37817.293
566.851 37862.331
567.131 37821.318
567.412 37788.298
567.693 37755.589
567.974 37761.372
568.255 37703.675
568.535 37655.530
568.816 37698.960
569.097 37738.515
569.378 37612.785
569.659 37601.362
569.940 37629.446
570.220 37637.468
570.501 37672.919
570.782 37542.180
571.063 37512.577
571.344 37519.108
571.624 37489.529
571.905 37457.922
572.186 37471.963
572.467 37426.251
572.748 37394.518
573.029 37431.131
573.309 37439.178
573.590 37425.520
573.871 37394.909
574.152 37325.492
574.433 37296.315
574.713 37262.637
574.994 37236.957
575.275 37257.595
575.556 37132.327
575.837 37162.834
576.118 37132.591
576.398 37090.342
576.679 37078.232
576.960 37063.158
577.252 37095.480
577.543 37017.701
577.835 37000.528
578.127 36939.921
578.418 36894.465
578.710 36880.201
579.002 36781.331
579.293 36695.471
579.585 36749.001
579.877 36728.440
580.168 36668.541
580.460 36618.406
580.752 36607.843
581.043 36599.296
581.335 36557.092
581.627 36464.328
581.918 36480.066
582.210 36410.535
582.502 36305.217
582.793 36355.386
583.085 36333.162
583.376 36264.372
583.668 36278.863
583.960 36207.942
584.251 36165.800
584.543 36062.558
584.835 36036.703
585.126 35986.001
585.418 35973.537
585.710 35892.511
586.001 35829.166
586.293 35786.145
586.585 35722.090
586.876 35669.606
587.168 35587.142
587.460 35582.702
587.751 35490.554
588.043 35466.398
588.335 35475.290
588.626 35378.650
588.918 35335.934
589.210 35248.918
589.501 35192.277
589.793 35160.833
590.085 35171.742
590.376 35050.177
590.668 35016.383
590.960 34918.838
591.251 34866.734
591.543 34839.131
591.835 34763.256
592.126 34741.703
592.418 34726.501
592.710 34663.241
593.001 34590.230
593.293 34511.715
593.585 34480.698
593.876 34388.718
594.168 34342.023
594.460 34292.013
594.751 34214.841
595.043 34128.161
595.334 34031.593
595.626 34032.699
595.918 33945.694
596.209 33893.908
596.501 33788.644
596.793 33794.652
597.084 33658.533
597.376 33628.024
597.668 33554.826
597.959 33488.612
598.251 33385.824
598.543 33349.224
598.834 33264.976
599.126 33220.050
599.418 33131.782
599.709 33099.595
600.001 32998.302
600.293 32955.195
600.584 32845.280
600.876 32781.701
601.168 32783.854
601.459 32650.232
601.751 32627.200
602.043 32509.614
602.334 32442.731
602.626 32333.057
602.918 32289.233
603.209 32245.051
603.501 32223.497
603.793 32126.650
604.084 32058.561
604.376 31942.367
604.668 31869.247
604.959 31830.536
605.251 31706.119
605.543 31659.565
605.834 31592.260
606.126 31520.853
606.418 31509.550
606.709 31397.841
607.001 31287.971
607.292 31213.090
607.584 31189.458
607.876 31085.268
608.167 30950.035
608.459 30934.959
608.751 30832.313
609.042 30748.799
609.334 30752.010
609.626 30678.477
609.917 30536.152
610.209 30475.318
610.501 30459.308
610.792 30394.851
611.084 30341.180
611.376 30270.316
611.667 30200.812
611.959 30087.158
612.251 30068.948
612.542 29945.700
612.834 29871.446
613.126 29755.071
613.417 29694.440
613.709 29646.634
614.001 29607.398
614.292 29472.585
614.584 29440.360
614.876 29385.838
615.167 29340.130
615.459 29223.249
615.751 29126.356
616.042 29120.064
616.334 29023.389
616.626 28943.397
616.917 28921.652
617.209 28831.684
617.501 28799.541
617.792 28759.461
618.084 28715.879
618.376 28654.889
618.667 28584.472
618.959 28517.394
619.250 28457.962
619.542 28440.005
619.834 28375.072
620.125 28283.533
620.417 28210.378
620.709 28190.048
621.000 28171.653
621.292 28094.116
621.584 27981.947
621.875 27954.892
622.167 27894.987
622.459 27837.981
622.750 27772.499
623.042 27688.219
623.334 27644.740
623.625 27598.940
623.917 27500.775
624.209 27423.889
624.500 27363.926
624.792 27362.692
625.084 27330.713
625.375 27209.791
625.667 27229.411
625.959 27056.594
626.250 27051.788
626.542 26967.207
626.834 26951.594
627.125 26863.693
627.417 26859.789
627.709 26769.582
628.000 26674.761
628.292 26615.357
628.584 26565.958
628.875 26514.500
629.167 26457.047
629.459 26429.402
629.750 26397.905
630.042 26260.364
630.334 26234.747
630.625 26187.022
630.917 26134.916
631.208 26053.726
631.500 25950.754
631.792 25931.670
632.083 25884.949
632.375 25784.120
632.667 25776.702
632.958 25695.254
633.250 25692.945
633.542 25612.087
633.833 25559.044
634.125 25501.255
634.417 25410.116
634.708 25351.407
635.000 25346.709
635.292 25251.002
635.583 25197.411
635.875 25168.256
636.167 25126.501
636.458 25108.427
636.750 25097.106
637.042 24943.951
637.333 24884.768
637.625 24872.100
637.917 24816.776
638.208 24779.328
638.500 24746.504
638.792 24684.013
639.083 24644.267
639.375 24615.900
639.667 24553.381
639.958 24490.004
640.250 24447.981
640.542 24421.611
640.833 24423.425
641.125 24357.409
641.417 24331.309
641.708 24306.645
642.000 24255.149
642.292 24212.795
642.583 24189.503
642.875 24153.312
643.166 24138.787
643.458 24130.171
643.750 24141.845
644.041 24091.674
644.333 24097.870
644.625 24050.817
644.916 24046.127
645.208 24032.309
645.500 24014.846
645.791 24025.854
646.083 23939.724
646.375 23934.228
646.666 23951.626
646.958 23926.899
647.250 23917.740
647.541 23867.251
647.833 23868.286
648.125 23828.593
648.416 23828.592
648.708 23807.135
649.000 23746.472
649.291 23724.158
649.583 23723.903
649.875 23703.096
650.166 23696.357
650.458 23685.618
650.750 23680.696
651.041 23635.912
651.333 23628.496
651.625 23604.592
651.916 23629.902
652.208 23576.088
652.500 23571.427
652.791 23538.879
653.083 23466.546
653.375 23503.865
653.666 23457.562
653.958 23451.857
654.250 23448.527
654.541 23409.510
654.833 23410.833
655.124 23339.386
655.416 23357.526
655.708 23351.058
655.999 23332.188
656.291 23300.394
656.583 23302.567
656.874 23317.343
657.166 23217.909
657.458 23260.067
657.749 23240.141
658.041 23213.777
658.333 23222.745
658.624 23209.622
658.916 23225.811
659.208 23198.379
659.499 23187.116
659.791 23147.992
660.083 23143.356
660.374 23133.931
660.666 23128.316
660.958 23102.575
661.249 23105.346
661.541 23110.340
661.833 23079.658
662.124 23096.139
662.416 23063.538
662.708 23076.109
662.999 23016.435
663.291 23003.925
663.583 23004.896
663.874 23015.512
664.166 23032.916
664.458 22971.050
664.749 22959.443
665.041 22974.867
665.333 22913.902
665.624 22941.861
665.916 22931.190
666.208 22899.082
666.499 22957.292
666.791 22931.890
667.082 22845.529
667.374 22844.253
667.666 22825.750
667.957 22839.067
668.249 22787.358
668.541 22828.806
668.832 22810.399
669.124 22782.814
669.416 22781.406
669.707 22780.208
669.999 22739.971
670.291 22724.979
670.582 22748.057
670.874 22720.221
671.166 22719.234
671.457 22723.614
671.749 22713.740
672.041 22688.752
672.332 22690.726
672.624 22662.389
672.916 22667.337
673.207 22616.080
673.499 22620.662
673.791 22602.391
674.082 22611.335
674.374 22602.591
674.666 22553.784
674.957 22541.913
675.249 22521.951
675.541 22470.053
675.832 22481.510
676.124 22510.500
676.416 22486.961
676.707 22453.893
676.999 22454.893
677.291 22450.784
677.582 22459.819
677.874 22351.736
678.166 22377.239
678.457 22372.957
678.749 22335.657
679.040 22340.030
679.332 22310.068
679.624 22293.190
679.915 22306.643
680.207 22266.425
680.499 22242.107
680.790 22238.535
681.082 22216.198
681.374 22182.879
681.665 22163.735
681.957 22112.868
682.249 22159.824
682.540 22097.803
682.832 22067.152
683.124 22079.613
683.415 22054.074
683.707 22069.536
683.999 22057.251
684.290 22013.251
684.582 22004.027
684.874 21968.132
685.165 21925.130
685.457 21912.653
685.749 21882.877
686.040 21859.116
686.332 21817.164
686.624 21849.708
686.915 21796.417
687.207 21768.189
687.499 21756.080
687.790 21753.259
688.082 21726.425
688.374 21673.791
688.665 21643.861
688.957 21632.507
689.249 21635.601
689.540 21578.839
689.832 21574.709
690.124 21514.350
690.415 21507.116
690.707 21430.079
690.998 21411.038
691.290 21405.256
691.582 21373.196
691.873 21316.316
692.165 21325.621
692.457 21301.111
692.748 21267.706
693.040 21267.222
693.332 21178.952
693.623 21187.425
693.915 21148.044
694.207 21122.262
694.498 21017.452
694.790 21054.773
695.082 21036.156
695.373 20979.100
695.665 20972.873
695.957 20870.308
696.248 20875.487
696.540 20864.983
696.836 20815.379
697.133 20801.700
697.429 20725.219
697.725 20687.588
698.021 20659.930
698.318 20628.454
698.614 20555.148
698.910 20572.876
699.207 20528.803
699.503 20482.216
699.799 20443.453
700.095 20393.812
700.392 20362.786
700.688 20351.409
700.984 20241.290
701.281 20226.840
701.577 20213.642
701.873 20190.076
702.169 20204.129
702.466 20094.735
702.762 20047.213
703.058 20023.499
703.355 19986.397
703.651 19936.961
703.947 19903.073
704.243 19820.951
704.540 19800.598
704.836 19753.114
705.132 19715.670
705.428 19724.616
705.725 19647.973
706.021 19573.973
706.317 19587.878
706.614 19567.966
706.910 19469.084
707.206 19400.575
707.502 19395.460
707.799 19348.423
708.095 19298.730
708.391 19226.278
708.688 19213.813
708.984 19137.358
709.280 19082.142
709.576 19072.040
709.873 18985.509
710.169 18966.198
710.465 18902.270
710.762 18853.537
711.058 18795.067
711.354 18751.247
711.650 18692.031
711.947 18649.519
712.243 18611.840
712.539 18560.323
712.836 18527.464
713.132 18448.301
713.428 18434.186
713.724 18357.571
714.021 18310.884
714.317 18277.649
714.613 18205.732
714.910 18149.298
715.206 18103.007
715.502 18091.060
715.798 17985.679
716.095 17947.533
716.391 17905.594
716.687 17846.532
716.984 17779.463
717.280 17745.426
717.576 17708.679
717.872 17660.337
718.169 17601.674
718.465 17564.671
718.761 17502.669
719.058 17464.666
719.354 17385.279
719.650 17360.021
719.946 17304.659
720.243 17270.197
720.539 17217.654
720.835 17159.811
721.131 17100.649
721.428 17041.688
721.724 17026.697
722.020 16998.640
722.317 16930.570
722.613 16874.385
722.909 16825.459
723.205 16808.248
723.502 16776.629
723.798 16687.314
724.094 16659.624
724.391 16631.621
724.687 16586.033
724.983 16515.585
725.279 16434.874
725.576 16409.383
725.872 16406.981
726.168 16338.253
726.465 16303.088
726.761 16221.273
727.057 16164.447
727.353 16100.789
727.650 16100.887
727.946 16063.149
728.242 15981.734
728.539 15914.271
728.835 15899.487
729.131 15817.406
729.427 15794.834
729.724 15720.648
730.020 15656.692
730.316 15656.690
730.613 15580.600
730.909 15543.585
731.205 15484.266
731.501 15391.084
731.798 15383.192
732.094 15333.222
732.390 15269.244
732.687 15233.283
732.983 15164.908
733.279 15120.614
733.575 15052.698
733.872 14980.845
734.168 14965.094
734.464 14894.225
734.761 14826.650
735.057 14784.196
735.353 14745.845
735.649 14694.411
735.946 14609.548
736.242 14532.401
736.538 14482.823
736.835 14410.129
737.131 14403.045
737.427 14315.202
737.723 14285.787
738.020 14243.124
738.316 14157.197
738.612 14088.634
738.909 14074.012
739.205 14007.335
739.501 13985.771
739.797 13895.777
740.094 13833.315
740.390 13775.419
740.686 13731.648
740.982 13673.653
741.279 13628.026
741.575 13594.973
741.871 13521.003
742.168 13477.436
742.464 13402.996
742.760 13353.042
743.056 13338.031
743.353 13297.103
743.649 13195.537
743.945 13140.770
744.242 13112.419
744.538 13084.994
744.834 12994.546
745.130 12965.063
745.427 12908.085
745.723 12869.772
746.019 12823.427
746.316 12749.678
746.612 12732.696
746.908 12653.953
747.204 12616.926
747.501 12576.759
747.797 12479.732
748.093 12459.966
748.390 12422.487
748.686 12361.697
748.982 12319.918
749.278 12273.116
749.575 12223.706
749.871 12192.463
750.167 12138.995
750.464 12058.852
750.760 12015.242
751.056 11948.887
751.352 11912.164
751.649 11866.306
751.945 11835.519
752.241 11776.704
752.538 11696.486
752.834 11650.108
753.130 11603.339
753.426 11573.632
753.723 11531.225
754.019 11480.386
754.315 11422.499
754.611 11395.341
754.908 11321.017
755.204 11289.335
755.500 11234.332
755.797 11183.880
756.093 11146.326
756.389 11102.528
756.685 11032.384
756.982 10983.266
757.278 10924.086
757.574 10894.890
757.871 10860.750
758.167 10789.462
758.463 10737.514
758.759 10650.249
759.056 10624.794
759.352 10570.575
759.648 10515.351
759.945 10458.119
760.241 10424.832
760.537 10396.052
760.833 10324.222
761.130 10276.935
761.426 10221.378
761.722 10159.223
762.019 10149.460
762.315 10064.649
762.611 10023.422
762.907 9966.017
763.204 9940.718
763.500 9902.272
763.802 9848.733
764.104 9772.743
764.406 9750.495
764.708 9709.459
765.010 9666.565
765.312 9614.215
765.615 9556.910
765.917 9539.780
766.219 9486.053
766.521 9404.066
766.823 9362.565
767.125 9321.389
767.427 9298.385
767.729 9245.893
768.031 9227.615
768.333 9143.494
768.635 9103.751
768.937 9044.956
769.239 9006.295
769.542 8983.928
769.844 8931.079
770.146 8866.035
770.448 8821.135
770.750 8772.069
771.052 8722.450
771.354 8658.680
771.656 8627.835
771.958 8588.337
772.260 8553.675
772.562 8495.568
772.864 8447.654
773.166 8409.750
773.468 8388.297
773.771 8343.700
774.073 8276.669
774.375 8247.579
774.677 8189.293
774.979 8140.210
775.281 8109.420
775.583 8083.114
775.885 8024.683
776.187 8000.115
776.489 7943.759
776.791 7883.185
777.093 7863.555
777.395 7813.243
777.698 7766.799
778.000 7729.796
778.302 7698.651
778.604 7638.232
778.906 7590.197
779.208 7583.586
779.510 7518.634
779.812 7476.854
780.114 7456.771
780.416 7371.584
780.718 7350.578
781.020 7309.657
781.322 7263.486
781.625 7223.424
781.927 7183.743
782.229 7145.857
782.531 7098.284
782.833 7080.783
783.135 7049.672
783.437 6960.734
783.739 6935.779
784.041 6919.111
784.343 6871.389
784.645 6800.846
784.947 6800.636
785.249 6773.398
785.552 6710.422
785.854 6670.492
786.156 6631.906
786.458 6597.695
786.760 6537.647
787.062 6510.469
787.364 6474.275
787.666 6443.137
787.968 6395.349
788.270 6333.305
788.572 6278.449
788.874 6244.408
789.176 6234.070
789.478 6197.618
789.781 6179.739
790.083 6150.428
790.385 6091.726
790.687 6038.484
790.989 6010.631
791.291 5995.640
791.593 5951.696
791.895 5926.806
792.197 5870.092
792.499 5831.099
792.801 5796.904
793.103 5762.784
793.405 5732.737
793.708 5697.325
794.010 5678.353
794.312 5621.948
794.614 5569.185
794.916 5561.251
795.218 5516.902
795.520 5480.175
795.822 5447.856
796.124 5390.113
796.426 5372.353
796.728 5339.544
797.030 5297.641
797.332 5262.236
797.635 5244.856
797.937 5201.739
798.239 5175.079
798.541 5124.577
798.843 5086.565
799.145 5064.617
799.447 5034.203
799.749 4986.297
800.051 4967.697
800.353 4925.283
800.655 4867.855
800.957 4839.151
801.259 4824.909
801.562 4805.758
801.864 4769.266
802.166 4740.082
802.468 4714.078
802.770 4660.685
803.072 4631.524
803.374 4599.374
803.676 4571.640
803.978 4528.591
804.280 4511.868
804.582 4477.108
804.884 4444.543
805.186 4424.610
805.488 4384.372
805.791 4365.023
806.093 4326.788
806.395 4285.744
806.697 4275.263
806.999 4248.009
807.301 4228.533
807.603 4185.137
807.905 4167.706
808.207 4134.303
808.509 4112.467
808.811 4074.083
809.113 4037.764
809.415 4009.468
809.718 3984.175
810.020 3946.255
810.322 3927.996
810.624 3913.541
810.926 3889.443
811.228 3849.112
811.530 3809.899
811.834 3799.491
812.139 3769.133
812.443 3756.407
812.748 3720.670
813.052 3704.083
813.357 3674.953
813.661 3656.121
813.966 3640.193
814.270 3591.432
814.574 3576.941
814.879 3554.565
815.183 3522.998
815.488 3503.449
815.792 3489.180
816.097 3460.145
816.401 3435.940
816.706 3418.427
817.010 3411.217
817.314 3370.338
817.619 3353.560
817.923 3337.060
818.228 3288.704
818.532 3280.018
818.837 3259.312
819.141 3238.681
819.445 3226.558
819.750 3197.301
820.054 3172.255
820.359 3152.471
820.663 3139.172
820.968 3100.422
821.272 3090.817
821.577 3059.444
821.881 3035.709
822.185 3024.357
822.490 3001.452
822.794 2984.287
823.099 2967.092
823.403 2953.597
823.708 2915.477
824.012 2903.827
824.317 2885.641
824.621 2851.187
824.925 2845.145
825.230 2828.842
825.534 2800.266
825.839 2788.362
826.143 2755.493
826.448 2738.656
826.752 2732.877
827.057 2707.003
827.361 2688.658
827.665 2678.381
827.970 2669.672
828.274 2637.402
828.579 2617.895
828.883 2607.211
829.188 2592.247
829.492 2577.817
829.796 2554.550
830.101 2538.034
830.405 2529.750
830.710 2504.808
831.014 2480.270
831.319 2465.935
831.623 2457.072
831.928 2435.717
832.232 2423.866
832.536 2410.852
832.841 2398.383
833.145 2380.320
833.450 2361.550
833.754 2340.649
834.059 2338.333
834.363 2320.702
834.668 2309.648
834.972 2282.180
835.276 2279.447
835.581 2264.914
835.885 2240.241
836.190 2239.185
836.494 2221.974
836.799 2209.660
837.103 2200.508
837.407 2187.865
837.712 2175.807
838.016 2157.756
838.321 2142.560
838.625 2134.780
838.930 2122.707
839.234 2097.282
839.539 2081.797
839.843 2088.257
840.147 2067.618
840.452 2055.292
840.756 2038.713
841.061 2023.163
841.365 2009.626
841.670 1998.145
841.974 1996.048
842.279 2000.228
842.583 1968.677
842.887 1966.534
843.192 1952.695
843.496 1936.783
843.801 1920.586
844.105 1907.645
844.410 1900.087
844.714 1894.419
845.019 1885.500
845.323 1877.598
845.627 1867.488
845.932 1844.156
846.236 1833.860
846.541 1830.761
846.845 1820.837
847.150 1814.515
847.454 1798.147
847.758 1795.671
848.063 1793.857
848.367 1776.654
848.672 1771.618
848.976 1753.808
849.281 1738.452
849.585 1743.258
849.890 1729.554
850.194 1731.217
850.498 1721.740
850.803 1696.984
851.107 1688.152
851.412 1692.026
851.716 1683.552
852.021 1673.225
852.325 1646.507
852.630 1642.333
852.934 1648.844
853.238 1621.903
853.543 1624.320
853.847 1612.014
854.152 1623.891
854.456 1600.686
854.761 1589.949
855.065 1581.472
855.370 1586.008
855.674 1561.178
855.978 1568.113
856.283 1564.049
856.587 1555.887
856.892 1546.601
857.196 1523.101
857.501 1524.577
857.805 1515.388
858.109 1501.000
858.414 1493.101
858.718 1493.641
859.023 1480.714
859.327 1478.676
859.632 1470.623
859.936 1461.526
860.241 1455.742
860.545 1439.293
860.849 1435.507
861.154 1435.889
861.458 1422.769
861.763 1426.043
862.067 1429.008
862.372 1425.776
862.676 1401.423
862.981 1400.248
863.285 1391.537
863.589 1390.022
863.894 1396.017
864.198 1386.875
864.503 1391.842
864.807 1379.206
865.112 1380.598
865.416 1375.526
865.721 1365.920
866.025 1370.250
866.329 1366.659
866.634 1370.275
866.938 1364.861
867.243 1346.937
867.547 1339.860
867.852 1332.197
868.156 1322.741
868.460 1334.324
868.765 1321.879
869.069 1326.720
869.374 1318.269
869.678 1309.816
869.983 1313.491
870.287 1310.212
870.592 1305.343
870.896 1309.922
871.200 1309.014
871.505 1303.244
871.809 1300.888
872.114 1299.079
872.418 1286.834
872.723 1279.880
873.027 1295.456
873.332 1283.082
873.636 1292.740
873.940 1271.750
874.245 1272.891
874.549 1278.296
874.854 1267.711
875.158 1267.528
875.463 1270.652
875.767 1254.386
876.072 1255.746
876.376 1258.222
876.680 1256.640
876.985 1246.456
877.289 1250.294
877.594 1235.329
877.898 1243.263
878.203 1227.858
878.507 1233.981
878.811 1229.168
879.116 1231.674
879.420 1221.190
879.725 1218.970
880.029 1218.852
880.334 1214.620
880.638 1219.550
880.943 1217.528
881.247 1208.629
881.551 1192.994
881.856 1202.622
882.160 1197.523
882.465 1193.327
882.769 1192.795
883.074 1188.594
883.378 1190.233
883.683 1185.686
883.987 1188.576
884.291 1194.757
884.596 1180.963
884.900 1186.910
885.205 1185.656
885.509 1185.078
885.814 1190.921
886.118 1195.985
886.423 1201.073
886.727 1197.793
887.031 1207.796
887.336 1209.992
887.640 1216.170
887.945 1226.802
888.249 1220.001
888.554 1223.137
888.858 1212.696
889.162 1225.156
889.467 1231.057
889.771 1236.545
890.076 1239.067
890.380 1243.166
890.685 1243.853
890.989 1239.487
891.294 1241.093
891.598 1242.669
891.902 1242.440
892.207 1241.516
892.511 1239.675
892.816 1240.807
893.120 1244.924
893.425 1246.984
893.729 1245.605
894.034 1251.575
894.338 1246.965
894.642 1236.344
894.947 1243.493
895.251 1250.400
895.556 1252.473
895.860 1238.824
896.165 1244.368
896.469 1241.810
896.774 1251.755
897.078 1238.314
897.382 1245.021
897.687 1254.527
897.991 1257.545
898.296 1244.755
898.600 1245.679
898.905 1240.314
899.209 1239.599
899.513 1236.797
899.818 1234.212
900.122 1237.447
900.427 1243.527
900.731 1242.814
901.036 1241.873
901.340 1237.864
901.645 1248.860
901.949 1246.508
902.253 1250.250
902.558 1246.957
902.862 1228.895
903.167 1240.823
903.471 1239.649
903.776 1236.550
904.080 1245.736
904.385 1249.496
904.689 1237.695
904.993 1241.918
905.298 1225.843
905.602 1226.478
905.907 1230.262
906.211 1233.604
906.516 1227.189
906.820 1229.947
907.125 1230.233
907.429 1224.965
907.733 1223.271
908.038 1218.182
908.342 1220.081
908.647 1228.436
908.951 1222.502
909.256 1237.445
909.560 1235.529
909.864 1223.972
910.169 1220.668
910.473 1218.001
910.778 1220.329
911.082 1220.646
911.387 1223.934
911.691 1216.471
911.996 1215.919
912.300 1218.042
912.609 1211.711
912.918 1215.764
913.227 1217.476
913.537 1208.034
913.846 1214.570
914.155 1213.458
914.464 1219.465
914.773 1213.508
915.082 1206.497
915.391 1213.492
915.700 1206.682
916.010 1199.481
916.319 1194.599
916.628 1200.050
916.937 1200.042
917.246 1200.229
917.555 1202.958
917.864 1202.567
918.174 1201.578
918.483 1196.475
918.792 1208.834
919.101 1188.568
919.410 1185.607
919.719 1191.084
920.028 1197.986
920.337 1191.635
920.647 1204.701
920.956 1198.344
921.265 1191.990
921.574 1199.520
921.883 1193.541
922.192 1184.946
922.501 1190.112
922.811 1181.483
923.120 1192.861
923.429 1195.051
923.738 1193.845
924.047 1187.575
924.356 1176.499
924.665 1181.061
924.974 1181.236
925.284 1178.557
925.593 1176.524
925.902 1184.722
926.211 1172.493
926.520 1169.775
926.829 1182.011
927.138 1175.217
927.448 1171.468
927.757 1181.238
928.066 1175.909
928.375 1174.384
928.684 1171.638
928.993 1165.608
929.302 1162.836
929.611 1176.834
929.921 1168.002
930.230 1154.451
930.539 1167.290
930.848 1156.124
931.157 1162.731
931.466 1167.092
931.775 1163.723
932.085 1162.107
932.394 1167.958
932.703 1150.268
933.012 1162.921
933.321 1166.141
933.630 1151.604
933.939 1163.736
934.248 1165.543
934.558 1161.811
934.867 1163.441
935.176 1159.415
935.485 1154.773
935.794 1159.242
936.103 1163.069
936.412 1183.438
936.721 1168.162
937.031 1171.025
937.340 1183.798
937.649 1180.063
937.958 1173.910
938.267 1187.701
938.576 1210.211
938.885 1203.451
939.195 1203.461
939.504 1215.146
939.813 1203.808
940.122 1219.104
940.431 1230.075
940.740 1236.889
941.049 1230.362
941.359 1238.412
941.668 1232.215
941.977 1241.156
942.286 1245.476
942.595 1232.199
942.904 1230.714
943.213 1228.768
943.522 1210.716
943.832 1220.527
944.141 1227.583
944.450 1226.759
944.759 1226.074
945.068 1219.817
945.377 1213.791
945.686 1206.143
945.995 1205.227
946.305 1204.616
946.614 1211.254
946.923 1216.409
947.232 1198.491
947.541 1193.354
947.850 1183.746
948.159 1178.975
948.469 1174.655
948.778 1170.201
949.087 1163.927
949.396 1142.408
949.705 1141.422
950.014 1136.200
950.323 1136.067
950.632 1127.508
950.942 1116.208
951.251 1119.381
951.560 1111.603
951.869 1104.390
952.178 1094.574
952.487 1093.957
952.796 1087.002
953.106 1072.477
953.415 1069.333
953.724 1059.111
954.033 1066.313
954.342 1054.606
954.651 1057.989
954.960 1035.780
955.269 1029.342
955.579 1028.097
955.888 1027.850
956.197 1014.703
956.506 1014.604
956.815 1004.001
957.124 996.987
957.433 985.461
957.743 981.010
958.052 977.595
958.361 981.072
958.670 973.217
958.979 961.100
959.288 972.341
959.597 956.971
959.906 951.559
960.216 935.418
960.525 936.575
960.834 935.817
961.143 925.365
961.452 926.836
961.761 920.601
962.070 909.334
962.380 908.643
962.689 913.352
962.998 899.887
963.307 884.765
963.616 886.041
963.925 892.873
964.234 879.159
964.543 871.908
964.853 873.192
965.162 863.983
965.471 868.737
965.780 852.016
966.095 853.168
966.410 848.001
966.725 836.911
967.040 840.882
967.356 828.029
967.671 838.017
967.986 839.005
968.301 836.993
968.616 823.981
968.931 837.969
969.246 824.957
969.561 825.945
969.876 825.933
970.192 830.921
970.507 813.909
970.822 810.897
971.137 820.885
971.452 821.872
971.767 817.860
972.082 814.848
972.397 810.836
972.712 813.823
973.028 795.811
973.343 801.798
973.658 795.786
973.973 800.774
974.288 796.761
974.603 793.749
974.918 798.736
975.233 801.723
975.548 797.711
975.864 794.698
976.179 789.685
976.494 788.673
976.809 793.660
977.124 794.647
977.439 785.634
977.754 782.622
978.069 793.609
978.384 788.596
978.700 767.583
979.015 778.570
979.330 784.557
979.645 776.544
979.960 772.531
980.275 757.518
980.590 763.505
980.905 776.492
981.221 765.478
981.536 771.465
981.851 762.452
982.166 755.439
982.481 754.425
982.796 751.412
983.111 751.399
983.426 754.385
983.741 749.372
984.057 755.359
984.372 748.345
984.687 750.331
985.002 742.318
985.317 732.304
985.632 738.291
985.947 740.277
986.262 729.263
986.577 736.250
986.893 732.236
987.208 728.222
987.523 732.208
987.838 726.194
988.153 729.181
988.468 723.167
988.783 724.153
989.098 721.139
989.413 728.125
989.729 722.111
990.044 731.096
990.359 724.082
990.674 728.068
990.989 714.054
991.304 720.040
991.619 726.025
991.934 717.011
992.249 733.997
992.565 731.982
992.880 725.968
993.195 718.954
993.510 727.939
993.825 725.925
994.140 721.910
994.455 713.895
994.770 728.881
995.085 715.866
995.401 727.851
995.716 725.837
996.031 727.822
996.346 716.807
996.661 714.792
996.976 722.777
997.291 730.762
997.606 725.748
997.921 717.733
998.237 731.718
998.552 734.702
998.867 732.687
999.182 732.672
999.497 726.657
999.812 731.642
1000.127 733.627
1000.442 730.611
1000.757 745.596
1001.073 749.581
1001.388 751.565
1001.703 746.550
1002.018 752.534
1002.333 751.519
1002.648 751.503
1002.963 765.488
1003.278 759.472
1003.593 759.456
1003.909 758.441
1004.224 762.425
1004.539 768.409
1004.854 773.393
1005.169 780.377
1005.484 776.361
1005.799 784.345
1006.114 785.329
1006.429 785.313
1006.745 787.297
1007.060 795.281
1007.375 791.265
1007.690 797.249
1008.005 796.233
1008.320 804.216
1008.635 810.200
1008.950 812.184
1009.265 814.167
1009.581 813.151
1009.896 823.134
1010.211 822.118
1010.526 838.101
1010.841 821.085
1011.156 832.068
1011.471 837.051
1011.786 842.035
1012.102 847.018
1012.417 847.001
1012.732 846.984
1013.047 845.967
1013.362 851.950
1013.677 846.933
1013.992 858.916
1014.307 859.899
1014.622 863.882
1014.938 871.865
1015.253 866.848
1015.568 878.831
1015.883 871.813
1016.198 873.796
1016.513 881.779
1016.828 877.761
1017.143 890.744
1017.458 889.726
1017.774 888.709
1018.089 896.691
1018.404 899.673
1018.719 894.656
1019.034 902.638
1019.349 916.620
1019.664 915.603
1019.979 920.585
1020.294 916.567
1020.610 928.549
1020.925 925.531
1021.240 933.513
1021.555 931.495
1021.870 936.477
1022.185 945.458
1022.500 941.440
1022.815 954.422
1023.130 958.403
1023.446 958.385
1023.761 967.367
1024.076 972.348
1024.391 963.330
1024.706 975.311
1025.021 973.293
1025.336 983.274
1025.651 993.255
1025.966 993.236
1026.282 996.218
1026.597 1001.199
1026.912 1008.180
1027.227 1015.161
1027.542 1007.142
1027.857 1007.123
1028.172 1025.104
1028.487 1027.085
1028.802 1048.066
1029.118 1045.046
1029.433 1047.027
1029.748 1050.008
1030.063 1062.988
1030.378 1047.969
1030.693 1045.949
1031.008 1048.930
1031.323 1066.910
1031.638 1059.891
1031.954 1072.871
1032.269 1065.851
1032.584 1078.832
1032.899 1074.812
1033.214 1080.792
1033.529 1082.772
1033.844 1080.752
1034.159 1075.732
1034.474 1084.712
1034.790 1093.692
1035.105 1090.671
1035.420 1096.651
1035.735 1091.631
1036.050 1095.611
1036.365 1095.590
1036.680 1102.570
1036.995 1110.549
1037.310 1114.529
1037.626 1099.508
1037.941 1105.487
1038.256 1114.467
1038.571 1110.446
1038.886 1107.425
1039.201 1107.404
1039.516 1116.383
1039.831 1106.362
1040.146 1115.341
1040.462 1114.320
1040.777 1117.299
1041.092 1119.278
1041.407 1119.256
1041.722 1114.235
1042.037 1117.214
1042.352 1112.192
1042.667 1117.171
1042.982 1128.149
1043.298 1121.128
1043.613 1111.106
1043.928 1123.084
1044.243 1116.063
1044.558 1118.041
1044.873 1114.019
1045.188 1115.997
1045.503 1113.975
1045.819 1114.953
1046.134 1118.931
1046.449 1118.909
1046.764 1108.887
1047.079 1110.864
1047.394 1113.842
1047.709 1111.820
1048.024 1110.797
1048.339 1103.775
1048.655 1103.752
1048.970 1104.729
1049.285 1105.707
1049.600 1114.684
1049.915 1104.661
1050.230 1096.638
1050.545 1099.615
1050.860 1098.592
1051.175 1088.569
1051.491 1095.546
1051.806 1107.523
1052.121 1097.500
1052.436 1093.477
1052.751 1089.453
1053.066 1081.430
1053.381 1089.406
1053.696 1077.383
1054.011 1072.359
1054.327 1068.336
1054.642 1083.312
1054.957 1070.288
1055.272 1067.264
1055.587 1065.241
1055.902 1069.217
1056.217 1064.193
1056.532 1066.168
1056.847 1073.144
1057.163 1067.120
1057.478 1069.096
1057.793 1054.072
1058.108 1038.047
1058.423 1050.023
1058.738 1051.998
1059.053 1049.974
1059.368 1057.949
1059.683 1058.924
1059.999 1047.900
1060.314 1048.875
1060.629 1048.850
1060.944 1053.825
1061.259 1052.800
1061.574 1046.775
1061.889 1032.750
1062.204 1040.724
1062.519 1045.699
1062.835 1046.674
1063.150 1038.648
1063.465 1039.623
1063.780 1039.597
1064.095 1040.572
1064.410 1027.546
1064.725 1038.520
1065.040 1032.494
1065.355 1032.468
1065.671 1037.442
1065.986 1032.416
1066.301 1021.390
1066.616 1015.364
1066.931 1023.338
1067.246 1029.312
1067.561 1026.285
1067.876 1028.259
1068.191 1027.232
1068.507 1019.206
1068.822 1024.179
1069.137 1036.152
1069.452 1024.126
1069.767 1019.099
1070.082 1020.072
1070.397 1016.045
1070.712 1013.018
1071.027 1007.991
1071.343 999.964
1071.658 1003.936
1071.973 1008.909
1072.288 1009.882
1072.603 1008.854
1072.918 1004.827
1073.233 1004.799
1073.548 998.771
1073.863 1008.743
1074.179 1004.716
1074.494 994.688
1074.809 994.660
1075.124 998.632
1075.439 993.604
1075.754 992.575
1076.069 984.547
1076.384 994.519
1076.699 995.490
1077.015 992.462
1077.330 981.433
1077.645 988.405
1077.960 988.376
1078.275 987.347
1078.590 983.318
1078.905 979.289
1079.220 977.260
1079.536 978.231
1079.851 986.202
1080.166 978.173
1080.481 964.144
1080.796 966.114
1081.111 980.085
1081.426 972.055
1081.741 973.026
1082.056 979.996
1082.372 979.966
1082.687 976.936
1083.002 967.906
1083.317 976.876
1083.632 977.846
1083.947 969.816
1084.262 971.786
1084.577 969.756
1084.892 978.725
1085.208 961.695
1085.523 969.664
1085.838 953.634
1086.153 959.603
1086.468 961.572
1086.783 962.541
1087.098 967.510
1087.413 961.479
1087.728 958.448
1088.044 967.417
1088.359 958.386
1088.674 961.355
1088.989 951.323
1089.304 957.292
1089.619 955.260
1089.934 958.228
1090.249 973.197
1090.564 955.165
1090.880 956.133
1091.195 947.101
1091.510 944.069
1091.825 953.037
1092.140 947.005
1092.467 962.972
1092.794 951.940
1093.121 953.908
1093.448 955.875
1093.775 950.842
1094.102 946.810
1094.429 948.777
1094.756 933.744
1095.083 938.711
1095.410 934.678
1095.737 934.645
1096.064 933.612
1096.391 932.579
1096.718 932.545
1097.045 945.512
1097.372 943.478
1097.699 933.445
1098.026 934.411
1098.353 937.377
1098.680 934.343
1099.007 922.309
1099.334 932.275
1099.661 932.241
1099.988 926.207
1100.315 927.173
1100.642 930.138
1100.969 927.104
1101.296 931.069
1101.623 929.035
1101.950 934.000
1102.277 931.965
1102.604 930.930
1102.931 928.895
1103.258 926.860
1103.585 924.825
1103.912 935.790
1104.239 934.755
1104.566 917.719
1104.893 924.684
1105.220 931.648
1105.547 937.612
1105.874 930.577
1106.201 931.541
1106.528 928.505
1106.855 927.469
1107.182 918.433
1107.509 915.397
1107.836 919.360
1108.163 921.324
1108.490 935.287
1108.817 921.251
1109.144 915.214
1109.470 920.178
1109.797 923.141
1110.124 925.104
1110.451 934.067
1110.778 929.030
1111.105 925.993
1111.432 926.955
1111.759 926.918
1112.086 927.881
1112.413 926.843
1112.740 930.805
1113.067 933.768
1113.394 932.730
1113.721 927.692
1114.048 932.654
1114.375 914.616
1114.702 918.578
1115.029 916.540
1115.356 918.501
1115.683 914.463
1116.010 921.424
1116.337 914.386
1116.664 923.347
1116.991 909.308
1117.318 900.269
1117.645 915.230
1117.972 910.191
1118.299 900.152
1118.626 904.113
1118.953 898.074
1119.280 902.034
1119.607 903.995
1119.934 908.955
1120.261 910.915
1120.588 903.876
1120.915 900.836
1121.242 890.796
1121.569 891.756
1121.896 893.716
1122.223 880.675
1122.550 898.635
1122.877 891.595
1123.204 896.554
1123.531 900.513
1123.858 885.473
1124.185 890.432
1124.512 893.391
1124.839 897.350
1125.166 900.309
1125.493 890.268
1125.820 894.227
1126.147 887.185
1126.474 873.144
1126.801 880.102
1127.128 886.061
1127.455 890.019
1127.782 891.977
1128.109 882.935
1128.436 885.893
1128.763 879.851
1129.090 875.809
1129.417 873.767
1129.744 878.724
1130.071 876.682
1130.398 873.639
1130.725 868.597
1131.052 875.554
1131.379 868.511
1131.706 867.468
1132.033 866.425
1132.360 864.382
1132.687 862.339
1133.014 863.296
1133.341 863.252
1133.668 861.209
1133.995 848.165
1134.322 848.122
1134.649 851.078
1134.976 847.034
1135.303 840.990
1135.630 849.946
1135.957 840.902
1136.284 841.858
1136.611 844.814
1136.938 842.769
1137.265 827.725
1137.592 835.680
1137.919 835.636
1138.246 820.591
1138.573 817.546
1138.900 815.501
1139.227 811.456
1139.554 809.411
1139.881 815.366
1140.208 796.321
1140.535 797.275
1140.862 799.230
1141.189 798.184
1141.516 789.139
1141.843 784.093
1142.170 774.047
1142.497 781.001
1142.824 782.955
1143.151 772.909
1143.478 772.863
1143.805 780.817
1144.131 765.771
1144.458 766.724
1144.785 772.678
1145.112 776.631
1145.439 769.584
1145.766 749.538
1146.093 761.491
1146.420 772.444
1146.747 760.397
1147.074 758.350
1147.401 754.302
1147.728 761.255
1148.055 767.208
1148.382 755.160
1148.709 757.113
1149.036 758.065
1149.363 757.017
1149.690 759.970
1150.017 764.922
1150.344 756.874
1150.671 748.826
1150.998 753.777
1151.325 746.729
1151.652 747.681
1151.979 743.633
1152.306 740.584
1152.633 747.536
1152.960 740.487
1153.287 749.438
1153.614 740.389
1153.941 750.340
1154.268 746.292
1154.595 745.242
1154.922 742.193
1155.249 749.144
1155.576 743.095
1155.903 746.046
1156.230 740.996
1156.557 740.947
1156.884 742.897
1157.211 746.847
1157.538 753.798
1157.865 744.748
1158.192 745.698
1158.519 736.648
1158.846 741.598
1159.173 736.548
1159.500 729.498
1159.827 737.447
1160.154 733.397
1160.481 733.347
1160.808 737.296
1161.135 745.245
1161.462 739.195
1161.789 741.144
1162.116 737.093
1162.443 731.043
1162.770 725.992
1163.097 723.941
1163.424 720.890
1163.751 724.838
1164.078 723.787
1164.405 719.736
1164.732 730.685
1165.059 734.633
1165.386 721.582
1165.713 721.530
1166.040 731.479
1166.367 731.427
1166.694 708.375
1167.021 712.324
1167.348 724.272
1167.675 719.220
1168.002 714.168
1168.329 697.116
1168.656 712.064
1168.983 702.012
1169.310 705.959
1169.637 706.907
1169.964 693.855
1170.291 695.802
1170.618 691.750
1170.945 678.698
1171.272 672.645
1171.599 662.592
1171.926 661.540
1172.253 669.487
1172.580 650.434
1172.907 654.381
1173.234 637.329
1173.561 642.276
1173.888 641.223
1174.215 621.170
1174.542 618.117
1174.869 628.064
1175.196 618.010
1175.523 618.957
1175.850 625.904
1176.177 631.851
1176.504 625.797
1176.831 628.744
1177.158 629.691
1177.485 609.637
1177.812 619.584
1178.139 619.530
1178.465 617.477
1178.792 620.423
1179.119 611.369
1179.446 620.316
1179.773 609.262
1180.100 598.208
1180.427 585.155
1180.754 595.101
1181.081 592.047
1181.408 595.993
1181.735 593.939
1182.062 596.885
1182.389 579.831
1182.716 577.777
1183.043 582.723
1183.370 582.669
1183.697 575.615
1184.024 570.561
1184.351 580.507
1184.678 573.453
1185.005 560.399
1185.332 575.345
1185.659 572.290
1185.986 585.236
1186.313 582.182
1186.640 582.128
1186.967 566.074
1187.294 561.019
1187.621 555.965
1187.948 565.911
1188.275 562.857
1188.602 550.802
1188.929 558.748
1189.256 559.694
1189.583 558.639
1189.910 561.585
1190.237 543.531
1190.564 550.477
1190.891 545.422
1191.218 547.368
1191.545 539.314
1191.872 546.259
1192.199 537.205
1192.526 540.151
1192.853 533.097
1193.180 535.042
1193.507 538.988
1193.834 531.934
1194.161 528.880
1194.488 534.825
1194.815 528.771
1195.142 521.717
1195.469 523.663
1195.796 523.609
1196.123 521.555
1196.450 518.500
1196.777 513.446
1197.104 517.392
1197.431 510.338
1197.758 516.284
1198.085 513.230
1198.412 520.176
1198.739 508.122
1199.066 511.069
1199.393 509.015
1199.720 511.961
1200.047 499.907
1200.374 505.853
1200.701 498.800
1201.028 491.746
1201.355 488.692
1201.682 492.639
1202.009 476.585
1202.336 490.532
1202.663 484.479
1202.990 483.425
1203.317 476.372
1203.644 472.319
1203.971 466.265
1204.298 472.212
1204.625 473.159
1204.952 465.106
1205.279 465.053
1205.606 465.000
1205.933 456.947
1206.260 456.895
1206.587 456.842
1206.914 454.789
1207.241 460.737
1207.568 460.684
1207.895 458.632
1208.222 449.579
1208.549 445.527
1208.876 447.475
1209.203 447.423
1209.530 444.371
1209.857 440.319
1210.184 428.267
1210.511 437.215
1210.838 427.164
1211.165 433.112
1211.492 421.060
1211.819 427.009
1212.146 424.958
1212.473 408.907
1212.799 410.855
1213.126 408.804
1213.453 410.753
1213.780 408.703
1214.107 408.652
1214.434 403.601
1214.761 398.551
1215.088 403.501
1215.415 396.450
1215.742 401.400
1216.069 392.350
1216.396 392.300
1216.723 398.250
1217.050 391.201
1217.377 385.151
1217.704 376.102
1218.031 382.053
1218.358 370.003
1218.685 379.954
1219.012 367.905
1219.339 377.857
1219.666 372.808
1219.993 368.760
1220.320 367.711
1220.647 361.663
1220.974 358.615
1221.301 357.567
1221.628 347.519
1221.955 345.472
1222.282 353.424
1222.609 346.377
1222.936 342.330
1223.263 343.283
1223.590 345.236
1223.917 350.189
1224.244 345.143
1224.571 341.096
1224.898 332.050
1225.225 329.004
1225.552 326.958
1225.879 332.913
1226.206 327.867
1226.533 319.822
1226.860 327.777
1227.187 318.732
1227.514 325.687
1227.841 318.642
1228.168 310.598
1228.495 327.554
1228.822 317.510
1229.149 316.466
1229.476 309.422
1229.803 307.379
1230.130 298.336
1230.457 307.292
1230.784 306.250
1231.111 300.207
1231.438 296.165
1231.765 296.122
1232.092 296.080
1232.419 298.038
1232.746 288.997
