168.180 0.488
168.450 44.488
168.720 64.488
168.990 71.487
169.260 73.487
169.530 61.487
169.799 58.487
170.069 63.486
170.339 69.486
170.609 60.486
170.879 62.486
171.149 68.485
171.418 68.485
171.688 69.485
171.958 70.484
172.228 68.484
172.498 72.484
172.768 68.484
173.037 58.483
173.307 70.483
173.577 66.483
173.847 64.483
174.117 59.482
174.387 61.482
174.656 71.482
174.926 66.481
175.196 67.481
175.466 65.481
175.736 64.481
176.006 68.480
176.275 67.480
176.545 68.480
176.815 70.480
177.085 69.479
177.355 65.479
177.625 68.479
177.894 56.478
178.164 61.478
178.434 67.478
178.704 66.478
178.974 72.477
179.244 66.477
179.513 71.477
179.783 71.477
180.053 78.476
180.323 69.476
180.593 71.476
180.863 69.475
181.132 70.475
181.402 70.475
181.672 69.475
181.942 73.474
182.212 65.474
182.482 59.474
182.751 66.473
183.021 63.473
183.291 68.473
183.561 72.473
183.831 66.472
184.101 71.472
184.370 71.472
184.640 72.472
184.910 72.471
185.164 64.471
185.417 72.471
185.671 76.470
185.925 61.470
186.178 70.470
186.432 75.470
186.686 63.469
186.939 77.469
187.193 71.469
187.447 78.468
187.700 67.468
187.954 66.468
188.207 74.468
188.461 78.467
188.715 72.467
188.968 74.467
189.222 64.466
189.476 66.466
189.729 65.466
189.983 68.466
190.237 70.465
190.490 64.465
190.744 59.465
190.998 68.464
191.251 75.464
191.505 70.464
191.759 65.464
192.012 63.463
192.266 64.463
192.520 67.463
192.773 71.462
193.027 63.462
193.281 76.462
193.534 68.462
193.788 72.461
194.042 68.461
194.295 70.461
194.549 72.460
194.802 79.460
195.056 72.460
195.310 80.460
195.563 72.459
195.817 67.459
196.071 71.459
196.324 80.458
196.578 69.458
196.832 73.458
197.085 75.458
197.339 74.457
197.593 70.457
197.846 71.457
198.100 78.456
198.354 63.456
198.607 54.456
198.861 64.456
199.115 70.455
199.368 64.455
199.622 66.455
199.876 73.454
200.129 75.454
200.383 76.454
200.636 74.453
200.890 68.453
201.144 73.453
201.397 71.453
201.651 67.452
201.905 66.452
202.158 73.452
202.412 69.451
202.666 81.451
202.919 68.451
203.173 63.451
203.427 77.450
203.680 72.450
203.934 71.450
204.188 75.449
204.441 67.449
204.695 61.449
204.949 69.448
205.202 74.448
205.456 72.448
205.710 75.448
205.963 71.447
206.217 72.447
206.471 81.447
206.724 76.446
206.978 76.446
207.231 80.446
207.485 80.445
207.739 73.445
207.992 64.445
208.246 73.445
208.500 75.444
208.753 74.444
209.007 75.444
209.261 75.443
209.514 76.443
209.768 74.443
210.022 73.442
210.275 67.442
210.529 76.442
210.783 77.442
211.036 74.441
211.290 69.441
211.544 77.441
211.797 62.440
212.051 75.440
212.305 80.440
212.558 71.439
212.812 69.439
213.065 77.439
213.319 74.438
213.573 71.438
213.826 77.438
214.080 74.438
214.334 79.437
214.587 79.437
214.841 76.437
215.095 71.436
215.348 67.436
215.602 80.436
215.856 69.435
216.109 71.435
216.363 66.435
216.617 76.434
216.870 68.434
217.124 73.434
217.378 77.434
217.631 75.433
217.885 69.433
218.139 81.433
218.392 75.432
218.646 77.432
218.900 76.432
219.153 81.431
219.407 83.431
219.660 75.431
219.914 84.430
220.168 80.430
220.421 74.430
220.675 69.429
220.929 76.429
221.182 67.429
221.436 70.429
221.690 82.428
221.943 73.428
222.197 78.428
222.451 77.427
222.704 81.427
222.958 74.427
223.212 63.426
223.465 72.426
223.719 75.426
223.973 70.425
224.226 76.425
224.480 80.425
224.734 84.424
224.987 75.424
225.241 66.424
225.494 70.423
225.748 76.423
226.002 72.423
226.255 71.423
226.509 82.422
226.763 81.422
227.016 73.422
227.270 67.421
227.524 75.421
227.777 73.421
228.031 80.420
228.285 77.420
228.538 76.420
228.792 75.419
229.046 76.419
229.299 72.419
229.553 82.418
229.807 79.418
230.060 77.418
230.314 72.417
230.568 72.417
230.821 71.417
231.075 85.416
231.329 79.416
231.582 80.416
231.836 80.415
232.089 84.415
232.343 86.415
232.597 79.414
232.850 72.414
233.104 72.414
233.358 79.413
233.611 71.413
233.865 78.413
234.119 76.412
234.372 78.412
234.626 67.412
234.880 79.412
235.133 84.411
235.387 75.411
235.641 78.411
235.894 79.410
236.148 76.410
236.402 81.410
236.655 84.409
236.909 75.409
237.163 82.409
237.416 78.408
237.670 71.408
237.924 77.408
238.177 81.407
238.431 90.407
238.684 85.407
238.938 81.406
239.192 84.406
239.445 80.406
239.699 74.405
239.953 79.405
240.206 76.405
240.460 76.404
240.714 82.404
240.967 75.404
241.221 82.403
241.475 77.403
241.728 80.403
241.982 80.402
242.236 79.402
242.489 77.402
242.743 88.401
242.997 81.401
243.250 77.401
243.504 87.400
243.758 81.400
244.011 88.400
244.265 91.399
244.518 78.399
244.772 85.399
245.026 94.398
245.279 86.398
245.533 84.397
245.787 79.397
246.040 87.397
246.294 87.396
246.548 79.396
246.801 91.396
247.055 84.395
247.309 79.395
247.562 79.395
247.816 81.394
248.070 87.394
248.323 85.394
248.577 84.393
248.831 85.393
249.084 80.393
249.338 77.392
249.592 86.392
249.845 79.392
250.099 87.391
250.353 90.391
250.606 83.391
250.860 82.390
251.113 85.390
251.367 82.390
251.621 88.389
251.874 80.389
252.128 83.389
252.382 87.388
252.635 90.388
252.889 84.387
253.143 88.387
253.396 84.387
253.650 81.386
253.911 90.386
254.172 79.386
254.433 84.385
254.694 89.385
254.955 79.385
255.216 81.384
255.477 89.384
255.738 85.384
255.999 84.383
256.261 96.383
256.522 89.383
256.783 88.382
257.044 96.382
257.305 87.382
257.566 92.381
257.827 90.381
258.088 92.380
258.349 91.380
258.610 87.380
258.871 87.379
259.132 92.379
259.393 89.379
259.654 85.378
259.915 88.378
260.176 91.378
260.437 82.377
260.698 84.377
260.959 94.377
261.221 92.376
261.482 91.376
261.743 83.375
262.004 89.375
262.265 80.375
262.526 84.374
262.787 91.374
263.048 97.374
263.309 97.373
263.570 86.373
263.831 93.373
264.092 88.372
264.353 84.372
264.614 81.372
264.875 85.371
265.136 96.371
265.397 82.370
265.658 92.370
265.919 93.370
266.181 92.369
266.442 92.369
266.703 84.369
266.964 83.368
267.225 86.368
267.486 100.368
267.747 93.367
268.008 85.367
268.269 87.366
268.530 87.366
268.791 100.366
269.052 83.365
269.313 87.365
269.574 96.365
269.835 91.364
270.096 92.364
270.357 89.363
270.618 95.363
270.879 89.363
271.141 96.362
271.402 92.362
271.663 89.362
271.924 93.361
272.185 87.361
272.446 93.361
272.707 93.360
272.968 94.360
273.229 92.359
273.490 85.359
273.751 87.359
274.012 99.358
274.273 88.358
274.534 92.358
274.795 91.357
275.056 88.357
275.317 95.356
275.578 85.356
275.839 90.356
276.101 94.355
276.362 88.355
276.623 90.355
276.884 102.354
277.145 97.354
277.406 97.353
277.667 90.353
277.928 89.353
278.189 91.352
278.450 89.352
278.711 86.351
278.972 92.351
279.233 90.351
279.494 93.350
279.755 98.350
280.016 96.350
280.277 90.349
280.538 93.349
280.799 96.348
281.061 97.348
281.322 90.348
281.583 94.347
281.844 96.347
282.105 90.347
282.366 92.346
282.627 95.346
282.888 96.345
283.149 96.345
283.410 109.345
283.671 91.344
283.932 107.344
284.193 102.343
284.454 94.343
284.715 91.343
284.976 102.342
285.237 81.342
285.498 95.342
285.759 96.341
286.021 94.341
286.282 98.340
286.543 95.340
286.804 97.340
287.065 94.339
287.326 94.339
287.587 95.338
287.848 102.338
288.109 99.338
288.370 99.337
288.631 108.337
288.892 99.336
289.153 106.336
289.414 93.336
289.675 95.335
289.936 95.335
290.197 108.334
290.458 95.334
290.719 95.334
290.981 93.333
291.242 90.333
291.503 102.332
291.764 100.332
292.025 96.332
292.286 104.331
292.547 94.331
292.808 98.331
293.069 100.330
293.330 96.330
293.591 100.329
293.852 104.329
294.113 96.329
294.374 94.328
294.635 105.328
294.896 93.327
295.157 90.327
295.418 102.327
295.679 100.326
295.941 104.326
296.202 102.325
296.463 102.325
296.724 99.324
296.985 103.324
297.246 100.324
297.507 96.323
297.768 98.323
298.029 99.322
298.290 97.322
298.551 100.322
298.812 106.321
299.073 101.321
299.334 98.320
299.595 96.320
299.856 98.320
300.117 98.319
300.378 94.319
300.639 102.318
300.901 99.318
301.162 105.318
301.423 107.317
301.684 101.317
301.945 93.316
302.206 105.316
302.467 105.316
302.728 100.315
302.989 107.315
303.250 108.314
303.511 104.314
303.772 101.313
304.033 103.313
304.294 103.313
304.555 104.312
304.816 103.312
305.077 105.311
305.338 98.311
305.599 94.311
305.861 99.310
306.122 99.310
306.383 107.309
306.644 105.309
306.905 105.308
307.166 107.308
307.427 106.308
307.688 98.307
307.949 112.307
308.210 111.306
308.471 101.306
308.732 104.306
308.993 108.305
309.254 102.305
309.515 115.304
309.776 103.304
310.037 102.303
310.298 105.303
310.559 106.303
310.821 97.302
311.082 103.302
311.343 107.301
311.604 111.301
311.865 109.300
312.126 111.300
312.387 97.300
312.648 109.299
312.909 103.299
313.170 103.298
313.437 98.298
313.704 110.297
313.971 105.297
314.238 117.297
314.504 112.296
314.771 111.296
315.038 108.295
315.305 104.295
315.572 111.294
315.839 109.294
316.106 102.294
316.373 104.293
316.640 105.293
316.906 110.292
317.173 109.292
317.440 107.291
317.707 110.291
317.974 108.291
318.241 109.290
318.508 110.290
318.775 105.289
319.042 104.289
319.308 109.288
319.575 116.288
319.842 114.288
320.109 115.287
320.376 110.287
320.643 117.286
320.910 113.286
321.177 109.285
321.444 109.285
321.710 101.284
321.977 109.284
322.244 108.284
322.511 107.283
322.778 110.283
323.045 111.282
323.312 119.282
323.579 112.281
323.846 118.281
324.112 110.281
324.379 119.280
324.646 114.280
324.913 113.279
325.180 108.279
325.447 115.278
325.714 114.278
325.981 118.277
326.248 107.277
326.514 117.277
326.781 117.276
327.048 117.276
327.315 112.275
327.582 111.275
327.849 111.274
328.116 121.274
328.383 112.273
328.649 116.273
328.916 118.272
329.183 109.272
329.450 116.272
329.717 119.271
329.984 116.271
330.251 116.270
330.518 111.270
330.785 120.269
331.051 112.269
331.318 119.268
331.585 113.268
331.852 125.268
332.119 124.267
332.386 117.267
332.653 125.266
332.920 126.266
333.187 120.265
333.453 122.265
333.720 132.264
333.987 130.264
334.254 128.263
334.521 130.263
334.788 128.262
335.055 142.262
335.322 141.262
335.589 138.261
335.855 147.261
336.122 148.260
336.389 151.260
336.656 153.259
336.923 150.259
337.190 158.258
337.457 170.258
337.724 163.257
337.991 174.257
338.257 171.256
338.524 178.256
338.791 189.256
339.058 187.255
339.325 196.255
339.592 192.254
339.859 196.254
340.126 193.253
340.393 202.253
340.659 217.252
340.926 213.252
341.193 228.251
341.460 242.251
341.727 245.250
341.994 244.250
342.261 250.249
342.528 262.249
342.795 260.248
343.061 281.248
343.328 294.248
343.595 301.247
343.862 304.247
344.129 308.246
344.396 319.246
344.663 330.245
344.930 344.245
345.197 346.244
345.463 355.244
345.730 367.243
345.997 382.243
346.264 392.242
346.531 410.242
346.798 415.241
347.065 430.241
347.332 432.240
347.599 456.240
347.865 467.239
348.132 477.239
348.399 496.238
348.666 508.238
348.933 514.237
349.200 527.237
349.467 535.237
349.734 558.236
350.001 573.236
350.267 585.235
350.534 604.235
350.801 615.234
351.068 632.234
351.335 637.233
351.602 653.233
351.869 658.232
352.136 680.232
352.402 689.231
352.669 700.231
352.936 715.230
353.203 727.230
353.470 751.229
353.737 760.229
354.004 777.228
354.271 791.228
354.538 805.227
354.804 831.227
355.071 843.226
355.338 852.226
355.605 866.225
355.872 888.225
356.139 903.224
356.406 921.224
356.673 931.223
356.940 943.223
357.206 969.830
357.473 989.047
357.740 1009.352
358.007 1041.084
358.274 1053.177
358.541 1072.451
358.808 1088.368
359.075 1130.081
359.342 1143.953
359.608 1158.547
359.875 1163.154
360.142 1199.398
360.409 1227.589
360.676 1251.516
360.943 1256.156
361.210 1270.325
361.477 1303.033
361.744 1340.182
362.010 1346.376
362.277 1375.872
362.544 1391.618
362.811 1400.430
363.078 1421.492
363.345 1458.599
363.612 1489.607
363.879 1513.535
364.146 1515.598
364.412 1541.136
364.679 1573.800
364.946 1595.257
365.213 1610.375
365.480 1633.232
365.748 1648.871
366.017 1677.784
366.285 1698.255
366.553 1690.855
366.822 1730.782
367.090 1740.397
367.358 1757.864
367.627 1776.655
367.895 1800.664
368.164 1826.213
368.432 1839.428
368.700 1870.510
368.969 1890.970
369.237 1896.659
369.505 1923.469
369.774 1924.915
370.042 1950.109
370.310 1966.738
370.579 1987.956
370.847 2013.688
371.115 2028.310
371.384 2041.559
371.652 2048.101
371.921 2054.721
372.189 2069.905
372.457 2107.478
372.726 2123.120
372.994 2118.838
373.262 2157.054
373.531 2153.125
373.799 2165.408
374.067 2179.725
374.336 2176.743
374.604 2205.702
374.872 2224.630
375.141 2238.718
375.409 2244.723
375.678 2265.999
375.946 2277.376
376.214 2287.768
376.483 2305.726
376.751 2301.495
377.019 2311.285
377.288 2342.501
377.556 2351.112
377.824 2367.938
378.093 2375.596
378.361 2388.845
378.629 2418.200
378.898 2437.626
379.166 2454.154
379.435 2472.919
379.703 2494.309
379.971 2508.194
380.240 2521.604
380.508 2552.540
380.776 2558.949
381.045 2575.267
381.313 2590.999
381.581 2611.475
381.850 2637.232
382.118 2679.757
382.386 2685.747
382.655 2706.254
382.923 2737.027
383.192 2762.242
383.460 2794.808
383.728 2785.439
383.997 2818.462
384.265 2864.407
384.533 2891.111
384.802 2918.197
385.070 2944.026
385.338 3003.446
385.607 3013.168
385.875 3005.573
386.143 3062.002
386.412 3095.728
386.680 3123.957
386.948 3136.394
387.217 3189.927
387.485 3212.364
387.754 3262.133
388.022 3280.916
388.290 3320.479
388.559 3348.001
388.827 3396.031
389.095 3425.474
389.364 3470.698
389.632 3482.218
389.900 3528.432
390.169 3555.003
390.437 3614.969
390.705 3617.052
390.974 3654.892
391.242 3707.327
391.511 3743.951
391.779 3783.338
392.047 3825.408
392.316 3860.229
392.584 3911.228
392.852 3932.421
393.121 3970.087
393.389 4022.767
393.657 4046.249
393.926 4097.590
394.194 4157.378
394.462 4177.130
394.731 4231.748
394.999 4285.263
395.268 4310.794
395.536 4378.879
395.804 4392.103
396.073 4432.958
396.341 4479.055
396.609 4519.099
396.878 4580.762
397.146 4627.518
397.414 4677.331
397.683 4707.081
397.951 4746.213
398.219 4815.467
398.488 4877.376
398.756 4895.543
399.025 4946.574
399.293 5003.282
399.561 5046.072
399.830 5118.344
400.098 5168.034
400.366 5188.229
400.635 5249.095
400.903 5300.036
401.171 5322.350
401.440 5388.215
401.708 5444.235
401.976 5514.274
402.245 5536.672
402.513 5618.985
402.782 5664.707
403.050 5700.553
403.318 5756.920
403.587 5838.878
403.855 5874.742
404.123 5914.359
404.392 5964.605
404.660 6018.941
404.934 6077.537
405.207 6140.298
405.481 6185.665
405.754 6224.448
406.028 6306.852
406.301 6331.365
406.575 6407.691
406.848 6432.588
407.122 6489.645
407.395 6565.847
407.669 6610.829
407.942 6631.814
408.216 6716.967
408.489 6755.889
408.763 6816.300
409.036 6879.197
409.310 6915.216
409.583 6974.964
409.857 7030.583
410.130 7111.582
410.404 7127.868
410.677 7174.622
410.951 7246.449
411.224 7274.647
411.498 7323.033
411.771 7382.161
412.045 7422.152
412.318 7481.403
412.592 7542.082
412.865 7576.717
413.139 7625.111
413.412 7722.965
413.686 7751.400
413.959 7794.954
414.233 7869.315
414.506 7899.594
414.780 7965.270
415.053 8040.106
415.327 8063.435
415.600 8153.322
415.874 8169.991
416.147 8219.392
416.421 8311.777
416.694 8327.355
416.968 8414.487
417.241 8488.966
417.515 8500.099
417.788 8570.088
418.062 8637.924
418.335 8670.448
418.609 8726.274
418.882 8786.668
419.156 8817.641
419.429 8884.440
419.703 8966.127
419.976 9018.056
420.250 9024.967
420.524 9126.711
420.797 9165.264
421.071 9195.914
421.344 9233.223
421.618 9283.818
421.891 9324.170
422.165 9424.962
422.438 9480.245
422.712 9514.996
422.985 9543.196
423.259 9605.243
423.532 9674.040
423.806 9677.342
424.079 9786.510
424.353 9847.082
424.626 9860.500
424.900 9884.543
425.173 9934.212
425.447 10002.079
425.720 10031.079
425.994 10081.159
426.267 10137.628
426.541 10187.640
426.814 10204.281
427.088 10275.176
427.361 10352.543
427.635 10370.296
427.908 10450.679
428.182 10457.360
428.455 10505.623
428.729 10507.114
429.002 10563.012
429.276 10628.095
429.549 10645.232
429.823 10664.053
430.096 10710.622
430.370 10753.341
430.643 10805.511
430.917 10839.946
431.190 10871.034
431.464 10944.622
431.737 10949.763
432.011 11017.202
432.284 11044.374
432.558 11053.329
432.831 11141.913
433.105 11138.338
433.378 11174.935
433.652 11217.713
433.925 11263.587
434.199 11333.726
434.472 11343.714
434.746 11391.057
435.019 11457.514
435.293 11488.590
435.566 11513.003
435.840 11549.210
436.119 11579.994
436.398 11632.625
436.677 11662.428
436.956 11688.170
437.235 11703.608
437.514 11689.026
437.793 11738.238
438.073 11778.810
438.352 11809.665
438.631 11844.165
438.910 11898.185
439.189 11903.366
439.468 11959.967
439.747 12000.044
440.026 12034.190
440.305 12119.067
440.584 12090.421
440.863 12152.765
441.142 12187.784
441.421 12235.449
441.700 12280.895
441.979 12317.514
442.258 12350.184
442.538 12413.060
442.817 12416.138
443.096 12464.634
443.375 12485.500
443.654 12540.287
443.933 12569.937
444.212 12664.104
444.491 12660.227
444.770 12725.446
445.049 12779.759
445.328 12849.640
445.607 12883.819
445.886 12933.428
446.165 12953.108
446.444 12991.213
446.723 13034.375
447.003 13059.890
447.282 13103.170
447.561 13124.903
447.840 13187.587
448.119 13235.202
448.398 13287.858
448.677 13343.618
448.956 13397.840
449.235 13434.848
449.514 13467.618
449.793 13510.001
450.072 13591.611
450.351 13610.852
450.630 13624.267
450.909 13692.789
451.188 13762.883
451.468 13797.191
451.747 13851.531
452.026 13874.636
452.305 13929.164
452.584 13970.632
452.863 14018.306
453.142 14076.077
453.421 14123.104
453.700 14199.807
453.979 14259.949
454.258 14282.662
454.537 14367.084
454.816 14442.631
455.095 14473.368
455.374 14516.400
455.653 14612.544
455.933 14660.169
456.212 14680.374
456.491 14768.760
456.770 14811.925
457.049 14907.410
457.328 14954.780
457.607 15043.255
457.886 15060.699
458.165 15108.941
458.444 15182.285
458.723 15259.257
459.002 15305.238
459.281 15382.953
459.560 15461.455
459.839 15551.329
460.119 15618.064
460.398 15661.532
460.677 15766.146
460.956 15839.131
461.235 15884.449
461.514 15988.743
461.793 16060.255
462.072 16173.991
462.351 16242.845
462.630 16325.853
462.909 16438.887
463.188 16542.756
463.467 16642.551
463.746 16680.187
464.025 16773.817
464.304 16891.464
464.584 16950.437
464.863 17027.254
465.142 17161.597
465.421 17235.096
465.700 17397.959
465.979 17458.186
466.258 17560.340
466.537 17725.052
466.816 17731.170
467.095 17869.453
467.374 17967.878
467.653 18072.118
467.932 18170.144
468.211 18268.973
468.490 18394.366
468.769 18495.971
469.049 18631.602
469.328 18722.970
469.607 18838.969
469.886 18951.968
470.165 19059.967
470.444 19177.144
470.723 19299.565
471.002 19402.172
471.281 19489.454
471.560 19607.571
471.839 19758.480
472.118 19889.631
472.397 19962.850
472.676 20099.358
472.955 20236.378
473.234 20350.059
473.514 20448.650
473.793 20603.788
474.072 20649.503
474.351 20800.157
474.630 20911.066
474.909 21047.477
475.188 21127.354
475.467 21264.122
475.746 21362.667
476.025 21478.652
476.304 21633.080
476.583 21700.152
476.862 21862.473
477.141 21952.037
477.420 22135.938
477.699 22146.884
477.979 22264.500
478.258 22385.819
478.537 22505.584
478.816 22623.532
479.095 22751.481
479.374 22885.860
479.653 22964.924
479.932 23052.408
480.211 23167.979
480.490 23326.046
480.769 23362.539
481.048 23513.896
481.327 23621.444
481.606 23731.817
481.885 23860.036
482.165 23939.828
482.444 24036.238
482.723 24174.385
483.002 24238.766
483.281 24394.309
483.560 24491.611
483.839 24575.369
484.118 24709.603
484.397 24800.340
484.676 24914.596
484.955 25013.450
485.234 25114.505
485.513 25207.213
485.792 25345.754
486.071 25409.058
486.350 25538.460
486.630 25587.236
486.909 25666.237
487.188 25789.117
487.467 25936.506
487.746 25920.122
488.025 26073.565
488.304 26181.260
488.583 26269.342
488.862 26362.890
489.141 26486.453
489.420 26592.464
489.699 26661.066
489.978 26730.836
490.257 26830.836
490.536 26890.854
490.815 27057.579
491.095 27111.930
491.374 27197.232
491.653 27263.224
491.932 27436.248
492.211 27556.825
492.490 27594.994
492.769 27707.766
493.048 27774.390
493.327 27845.113
493.606 28012.131
493.885 27995.829
494.164 28171.820
494.443 28272.993
494.722 28355.226
495.001 28440.625
495.280 28562.774
495.560 28631.845
495.839 28737.001
496.118 28778.903
496.397 28844.493
496.676 28966.624
496.955 29052.256
497.234 29211.369
497.513 29295.961
497.792 29323.831
498.071 29421.416
498.350 29517.994
498.629 29624.633
498.908 29747.369
499.187 29783.803
499.466 29911.440
499.745 29969.731
500.025 30107.526
500.304 30123.498
500.583 30249.879
500.862 30373.493
501.141 30469.162
501.420 30480.761
501.699 30482.287
501.978 30626.890
502.257 30679.632
502.536 30815.397
502.815 30872.855
503.094 30995.830
503.373 31067.546
503.652 31121.081
503.931 31199.059
504.211 31333.200
504.490 31381.831
504.769 31403.711
505.048 31538.403
505.327 31586.070
505.606 31676.004
505.885 31747.828
506.164 31822.014
506.443 31884.905
506.722 31965.235
507.001 32033.496
507.280 32087.522
507.559 32170.437
507.838 32287.469
508.117 32314.080
508.396 32403.540
508.676 32494.209
508.955 32454.768
509.234 32600.465
509.513 32678.822
509.792 32702.411
510.071 32753.692
510.350 32854.054
510.629 32919.762
510.908 32953.689
511.187 32989.586
511.466 33034.678
511.745 33170.097
512.024 33245.219
512.303 33208.641
512.582 33228.877
512.861 33366.913
513.141 33401.267
513.420 33476.366
513.699 33436.254
513.978 33556.294
514.257 33644.798
514.536 33624.580
514.815 33699.934
515.094 33729.862
515.373 33768.751
515.652 33820.576
515.931 33888.160
516.210 33965.658
516.489 33936.766
516.768 34025.802
517.047 34061.765
517.326 34092.364
517.606 34204.598
517.885 34176.413
518.164 34221.827
518.443 34289.637
518.722 34352.591
519.001 34382.466
519.280 34478.169
519.559 34516.046
519.838 34492.959
520.117 34579.645
520.396 34627.386
520.675 34645.327
520.954 34711.320
521.233 34757.601
521.512 34768.525
521.791 34875.545
522.071 34888.382
522.350 34973.653
522.629 35006.585
522.908 35004.636
523.187 35151.358
523.466 35134.688
523.745 35199.042
524.024 35237.084
524.303 35257.009
524.582 35295.787
524.861 35407.288
525.140 35432.759
525.419 35482.600
525.698 35438.739
525.977 35527.929
526.257 35599.806
526.536 35640.758
526.815 35652.516
527.094 35669.956
527.373 35720.866
527.652 35784.228
527.931 35847.050
528.210 35875.512
528.489 35900.274
528.768 35967.571
529.047 36050.983
529.326 36085.105
529.605 36147.524
529.884 36099.133
530.163 36207.181
530.442 36236.536
530.722 36249.556
531.001 36325.549
531.280 36367.814
531.559 36322.096
531.838 36389.203
532.117 36484.178
532.396 36549.456
532.675 36464.815
532.954 36565.538
533.233 36623.837
533.512 36612.839
533.791 36668.657
534.070 36729.205
534.349 36821.581
534.628 36819.855
534.907 36850.963
535.187 36832.953
535.466 36912.490
535.745 36954.235
536.024 36949.490
536.303 37008.320
536.582 37082.472
536.861 37063.520
537.140 37132.977
537.419 37176.912
537.698 37218.279
537.977 37219.977
538.256 37320.376
538.535 37279.345
538.814 37263.374
539.093 37255.732
539.372 37304.733
539.652 37364.702
539.931 37421.215
540.210 37493.040
540.489 37478.643
540.768 37492.078
541.047 37564.596
541.326 37598.792
541.605 37547.303
541.884 37623.790
542.163 37668.343
542.442 37650.711
542.721 37683.756
543.000 37718.437
543.279 37731.923
543.558 37716.508
543.837 37736.484
544.117 37765.186
544.396 37840.321
544.675 37788.350
544.954 37814.232
545.233 37879.815
545.512 37833.393
545.791 37849.833
546.070 37843.062
546.351 37821.784
546.632 37825.652
546.912 37874.007
547.193 37873.884
547.474 37896.148
547.755 37886.356
548.036 37782.337
548.317 37857.423
548.597 37900.016
548.878 37848.854
549.159 37860.459
549.440 37921.310
549.721 37860.457
550.001 37884.634
550.282 37914.613
550.563 37862.521
550.844 37944.645
551.125 37945.558
551.406 37905.122
551.686 37951.406
551.967 37888.818
552.248 37873.509
552.529 37937.032
552.810 37945.709
553.090 37881.328
553.371 37884.103
553.652 37888.063
553.933 37887.099
554.214 37846.970
554.495 37871.945
554.775 37901.723
555.056 37879.627
555.337 37872.902
555.618 37914.207
555.899 37908.443
556.179 37873.860
556.460 37925.660
556.741 37982.373
557.022 37874.817
557.303 37904.503
557.584 37933.220
557.864 37915.797
558.145 37863.722
558.426 37938.761
558.707 37929.020
558.988 37985.138
559.268 37920.151
559.549 37952.018
559.830 37880.149
560.111 37788.180
560.392 37830.568
560.673 37926.985
560.953 37963.257
561.234 38050.067
561.515 38031.322
561.796 37948.235
562.077 37884.817
562.357 37850.709
562.638 37886.005
562.919 37866.795
563.200 37944.494
563.481 37979.557
563.762 37954.430
564.042 37885.082
564.323 37814.915
564.604 37739.351
564.885 37784.360
565.166 37787.956
565.446 37834.159
565.727 37860.253
566.008 37805.902
566.289 37805.901
566.570 37749.896
566.851 37775.626
567.131 37730.760
567.412 37715.939
567.693 37650.243
567.974 37634.815
568.255 37610.471
568.535 37591.413
568.816 37640.920
569.097 37697.426
569.378 37570.777
569.659 37566.333
569.940 37606.452
570.220 37519.190
570.501 37610.684
570.782 37501.133
571.063 37426.481
571.344 37406.848
571.624 37390.407
571.905 37353.686
572.186 37385.781
572.467 37363.075
572.748 37317.208
573.029 37346.701
573.309 37380.905
573.590 37354.097
573.871 37301.425
574.152 37290.358
574.433 37241.061
574.713 37291.949
574.994 37153.533
575.275 37172.995
575.556 37069.024
575.837 37071.178
576.118 37094.362
576.398 37004.648
576.679 37005.656
576.960 36997.580
577.252 36974.346
577.543 36954.143
577.835 36895.556
578.127 36863.231
578.418 36831.917
578.710 36769.056
579.002 36709.693
579.293 36617.772
579.585 36706.484
579.877 36642.225
580.168 36657.453
580.460 36569.705
580.752 36552.989
581.043 36503.653
581.335 36441.984
581.627 36387.956
581.918 36417.775
582.210 36332.906
582.502 36303.253
582.793 36280.595
583.085 36245.974
583.376 36147.410
583.668 36144.924
583.960 36130.624
584.251 36120.427
584.543 36042.991
584.835 35983.011
585.126 35945.669
585.418 35902.042
585.710 35820.943
586.001 35738.906
586.293 35675.926
586.585 35705.489
586.876 35603.928
587.168 35500.586
587.460 35472.838
587.751 35434.093
588.043 35454.940
588.335 35389.240
588.626 35262.138
588.918 35260.309
589.210 35206.898
589.501 35125.976
589.793 35077.585
590.085 35084.090
590.376 34963.581
590.668 34959.265
590.960 34882.869
591.251 34850.896
591.543 34735.183
591.835 34758.023
592.126 34669.372
592.418 34609.317
592.710 34548.066
593.001 34494.163
593.293 34448.701
593.585 34433.726
593.876 34335.329
594.168 34315.344
594.460 34224.577
594.751 34159.195
595.043 34058.506
595.334 33993.054
595.626 33931.820
595.918 33849.112
596.209 33813.264
596.501 33715.614
596.793 33732.241
597.084 33572.600
597.376 33500.018
597.668 33430.049
597.959 33411.115
598.251 33332.092
598.543 33263.199
598.834 33175.818
599.126 33113.573
599.418 33065.132
599.709 32993.003
600.001 32905.818
600.293 32858.302
600.584 32814.119
600.876 32750.540
601.168 32630.927
601.459 32571.658
601.751 32538.832
602.043 32460.082
602.334 32382.411
602.626 32256.721
602.918 32220.358
603.209 32170.788
603.501 32190.183
603.793 32067.409
604.084 31924.098
604.376 31883.318
604.668 31820.951
604.959 31762.885
605.251 31639.615
605.543 31615.570
605.834 31499.977
606.126 31411.266
606.418 31401.156
606.709 31313.077
607.001 31218.319
607.292 31154.105
607.584 31122.955
607.876 31062.803
608.167 30938.336
608.459 30851.359
608.751 30744.609
609.042 30675.015
609.334 30680.367
609.626 30585.520
609.917 30473.276
610.209 30427.384
610.501 30398.567
610.792 30359.761
611.084 30276.309
611.376 30196.018
611.667 30134.095
611.959 30013.175
612.251 29965.663
612.542 29879.545
612.834 29796.065
613.126 29709.232
613.417 29681.002
613.709 29577.222
614.001 29522.689
614.292 29439.752
614.584 29390.192
614.876 29349.117
615.167 29269.008
615.459 29211.179
615.751 29099.226
616.042 29061.801
616.334 28972.374
616.626 28913.514
616.917 28862.974
617.209 28773.239
617.501 28767.976
617.792 28690.446
618.084 28648.052
618.376 28570.578
618.667 28540.526
618.959 28455.040
619.250 28379.177
619.542 28351.570
619.834 28321.759
620.125 28251.611
620.417 28184.326
620.709 28147.539
621.000 28095.263
621.292 28023.602
621.584 27958.844
621.875 27902.804
622.167 27863.189
622.459 27732.753
622.750 27699.225
623.042 27649.658
623.334 27598.449
623.625 27528.427
623.917 27489.267
624.209 27403.666
624.500 27352.407
624.792 27313.360
625.084 27287.196
625.375 27183.690
625.667 27125.615
625.959 27031.438
626.250 26989.679
626.542 26918.656
626.834 26884.496
627.125 26808.171
627.417 26760.365
627.709 26722.749
628.000 26598.603
628.292 26609.569
628.584 26571.930
628.875 26497.906
629.167 26476.783
629.459 26418.665
629.750 26300.553
630.042 26247.646
630.334 26173.753
630.625 26168.338
630.917 26087.481
631.208 25999.361
631.500 25937.973
631.792 25904.922
632.083 25852.237
632.375 25783.216
632.667 25767.811
632.958 25682.346
633.250 25632.977
633.542 25576.071
633.833 25566.172
634.125 25465.130
634.417 25417.259
634.708 25331.318
635.000 25320.540
635.292 25255.140
635.583 25184.360
635.875 25145.071
636.167 25096.292
636.458 25066.054
636.750 25068.946
637.042 24953.089
637.333 24914.982
637.625 24860.181
637.917 24820.857
638.208 24795.341
638.500 24733.713
638.792 24729.560
639.083 24649.275
639.375 24618.933
639.667 24555.424
639.958 24472.603
640.250 24429.697
640.542 24445.810
640.833 24415.838
641.125 24363.230
641.417 24360.895
641.708 24319.069
642.000 24266.570
642.292 24219.469
642.583 24241.138
642.875 24156.202
643.166 24137.015
643.458 24118.189
643.750 24146.563
644.041 24101.928
644.333 24051.875
644.625 24084.975
644.916 24066.435
645.208 24056.271
645.500 24018.604
645.791 24014.932
646.083 23951.717
646.375 23960.873
646.666 23935.230
646.958 23896.767
647.250 23895.850
647.541 23926.917
647.833 23879.364
648.125 23835.104
648.416 23825.011
648.708 23787.004
649.000 23777.811
649.291 23774.845
649.583 23773.716
649.875 23727.171
650.166 23702.910
650.458 23716.235
650.750 23734.489
651.041 23683.269
651.333 23649.903
651.625 23631.610
651.916 23621.620
652.208 23580.839
652.500 23581.769
652.791 23568.849
653.083 23536.600
653.375 23518.910
653.666 23482.911
653.958 23466.945
654.250 23444.867
654.541 23416.175
654.833 23447.580
655.124 23404.146
655.416 23393.266
655.708 23399.264
655.999 23365.300
656.291 23339.204
656.583 23332.906
656.874 23322.172
657.166 23285.238
657.458 23291.470
657.749 23263.955
658.041 23263.254
658.333 23290.395
658.624 23249.717
658.916 23225.906
659.208 23209.914
659.499 23211.067
659.791 23171.943
660.083 23177.836
660.374 23159.840
660.666 23169.561
660.958 23136.196
661.249 23094.916
661.541 23095.096
661.833 23097.971
662.124 23110.646
662.416 23080.943
662.708 23101.231
662.999 23104.116
663.291 23043.521
663.583 23069.665
663.874 23057.115
664.166 23041.710
664.458 23039.814
664.749 22992.424
665.041 23004.035
665.333 22957.563
665.624 22980.757
665.916 22932.259
666.208 22915.687
666.499 22923.378
666.791 22916.411
667.082 22909.769
667.374 22878.432
667.666 22873.562
667.957 22894.777
668.249 22822.580
668.541 22872.938
668.832 22824.185
669.124 22826.946
669.416 22848.174
669.707 22837.228
669.999 22794.047
670.291 22750.621
670.582 22795.404
670.874 22759.732
671.166 22769.583
671.457 22716.806
671.749 22728.650
672.041 22672.056
672.332 22684.900
672.624 22692.195
672.916 22660.510
673.207 22636.025
673.499 22664.461
673.791 22643.250
674.082 22619.392
674.374 22611.660
674.666 22588.749
674.957 22586.929
675.249 22547.007
675.541 22497.105
675.832 22500.596
676.124 22531.627
676.416 22510.113
676.707 22477.045
676.999 22464.017
677.291 22441.855
677.582 22422.777
677.874 22408.124
678.166 22402.497
678.457 22394.234
678.749 22383.143
679.040 22357.292
679.332 22339.469
679.624 22334.755
679.915 22303.715
680.207 22263.494
680.499 22268.558
680.790 22297.528
681.082 22263.008
681.374 22206.363
681.665 22193.346
681.957 22159.773
682.249 22140.586
682.540 22109.126
682.832 22089.665
683.124 22113.431
683.415 22065.421
683.707 22068.624
683.999 22065.551
684.290 22041.026
684.582 22001.065
684.874 21977.474
685.165 21939.586
685.457 21920.979
685.749 21916.870
686.040 21882.867
686.332 21846.024
686.624 21849.821
686.915 21788.308
687.207 21775.512
687.499 21720.185
687.790 21764.724
688.082 21754.402
688.374 21703.833
688.665 21654.295
688.957 21634.685
689.249 21650.163
689.540 21571.729
689.832 21569.663
690.124 21511.365
690.415 21496.901
690.707 21478.798
690.998 21429.748
691.290 21438.463
691.582 21395.028
691.873 21340.217
692.165 21324.703
692.457 21311.579
692.748 21281.265
693.040 21246.613
693.332 21225.652
693.623 21209.303
693.915 21140.907
694.207 21119.267
694.498 21055.871
694.790 21046.600
695.082 21039.385
695.373 20985.441
695.665 20985.439
695.957 20891.151
696.248 20831.045
696.540 20845.391
696.836 20822.751
697.133 20773.810
697.429 20723.265
697.725 20689.780
698.021 20655.903
698.318 20680.440
698.614 20573.880
698.910 20567.813
699.207 20511.323
699.503 20465.772
699.799 20439.435
700.095 20387.726
700.392 20386.690
700.688 20329.811
700.984 20274.433
701.281 20223.863
701.577 20186.902
701.873 20178.820
702.169 20149.553
702.466 20084.535
702.762 20090.631
703.058 20007.124
703.355 19977.248
703.651 19951.499
703.947 19911.424
704.243 19810.793
704.540 19809.958
704.836 19753.235
705.132 19701.431
705.428 19688.802
705.725 19638.862
706.021 19579.210
706.317 19572.629
706.614 19531.163
706.910 19440.575
707.206 19391.493
707.502 19394.558
707.799 19339.341
708.095 19298.850
708.391 19224.358
708.688 19201.701
708.984 19117.091
709.280 19086.332
709.576 19051.794
709.873 18985.630
710.169 18929.733
710.465 18894.269
710.762 18845.536
711.058 18784.043
711.354 18757.453
711.650 18708.347
711.947 18651.664
712.243 18594.790
712.539 18528.121
712.836 18538.686
713.132 18464.552
713.428 18428.259
713.724 18366.765
714.021 18308.991
714.317 18277.770
714.613 18214.898
714.910 18103.234
715.206 18105.135
715.502 18070.097
715.798 17949.764
716.095 17930.604
716.391 17904.715
716.687 17819.627
716.984 17798.604
717.280 17717.521
717.576 17682.801
717.872 17638.437
718.169 17572.796
718.465 17537.794
718.761 17503.791
719.058 17449.789
719.354 17366.420
719.650 17368.153
719.946 17312.782
720.243 17268.316
720.539 17182.777
720.835 17125.901
721.131 17084.773
721.428 17039.810
721.724 17024.818
722.020 16969.735
722.317 16897.661
722.613 16857.476
722.909 16826.585
723.205 16769.295
723.502 16722.754
723.798 16715.467
724.094 16671.749
724.391 16635.747
724.687 16551.193
724.983 16512.716
725.279 16471.852
725.576 16417.484
725.872 16372.245
726.168 16329.414
726.465 16285.303
726.761 16234.321
727.057 16181.455
727.353 16073.137
727.650 16086.117
727.946 16028.518
728.242 15976.900
728.539 15912.413
728.835 15870.872
729.131 15818.522
729.427 15764.298
729.724 15711.872
730.020 15683.498
730.316 15624.207
730.613 15583.691
730.909 15539.755
731.205 15452.804
731.501 15389.238
731.798 15338.940
732.094 15303.734
732.390 15207.362
732.687 15184.100
732.983 15117.791
733.279 15090.229
733.575 15051.841
733.872 14970.145
734.168 14915.025
734.464 14836.282
734.761 14818.920
735.057 14736.143
735.353 14681.077
735.649 14665.997
735.946 14589.047
736.242 14504.070
736.538 14497.686
736.835 14411.240
737.131 14371.831
737.427 14281.017
737.723 14263.367
738.020 14215.748
738.316 14123.045
738.612 14063.298
738.909 14048.651
739.205 13985.917
739.501 13957.470
739.797 13859.703
740.094 13794.344
740.390 13744.238
740.686 13714.182
740.982 13648.342
741.279 13584.167
741.575 13537.317
741.871 13523.090
742.168 13440.348
742.464 13409.004
742.760 13351.215
743.056 13305.778
743.353 13227.490
743.649 13180.963
743.945 13122.257
744.242 13079.152
744.538 13038.913
744.834 12971.148
745.130 12938.673
745.427 12876.784
745.723 12832.577
746.019 12827.493
746.316 12737.028
746.612 12712.161
746.908 12639.323
747.204 12551.180
747.501 12527.633
747.797 12459.197
748.093 12430.514
748.390 12418.677
748.686 12354.922
748.982 12283.564
749.278 12219.892
749.575 12173.447
749.871 12148.045
750.167 12088.636
750.464 12063.944
750.760 11999.521
751.056 11928.232
751.352 11886.533
751.649 11859.492
751.945 11794.941
752.241 11719.188
752.538 11689.673
752.834 11659.201
753.130 11585.567
753.426 11544.857
753.723 11516.423
754.019 11448.589
754.315 11394.694
754.611 11365.481
754.908 11305.173
755.204 11258.475
755.500 11209.472
755.797 11180.009
756.093 11107.466
756.389 11038.541
756.685 10992.446
756.982 10951.312
757.278 10913.195
757.574 10849.851
757.871 10812.700
758.167 10754.464
758.463 10717.596
758.759 10644.374
759.056 10620.921
759.352 10539.593
759.648 10485.373
759.945 10441.194
760.241 10433.024
760.537 10361.957
760.833 10308.270
761.130 10238.850
761.426 10201.421
761.722 10148.301
762.019 10122.387
762.315 10054.734
762.611 9983.285
762.907 9919.838
763.204 9900.501
763.500 9878.175
763.802 9810.496
764.104 9745.589
764.406 9717.275
764.708 9673.132
765.010 9605.034
765.312 9574.849
765.615 9523.657
765.917 9508.488
766.219 9413.327
766.521 9356.643
766.823 9332.349
767.125 9284.050
767.427 9263.037
767.729 9207.463
768.031 9163.806
768.333 9092.831
768.635 9057.200
768.937 9009.501
769.239 8973.892
769.542 8923.103
769.844 8872.287
770.146 8840.779
770.448 8803.992
770.750 8762.037
771.052 8719.550
771.354 8669.026
771.656 8607.641
771.958 8557.909
772.260 8508.976
772.562 8461.062
772.864 8455.962
773.166 8381.303
773.468 8361.892
773.771 8307.045
774.073 8248.251
774.375 8232.396
774.677 8176.156
774.979 8111.735
775.281 8069.738
775.583 8029.990
775.885 7998.227
776.187 7966.425
776.489 7904.981
776.791 7867.957
777.093 7826.750
777.395 7778.492
777.698 7736.124
778.000 7702.205
778.302 7678.232
778.604 7644.576
778.906 7577.997
779.208 7520.858
779.510 7471.370
779.812 7449.149
780.114 7387.858
780.416 7354.199
780.718 7329.088
781.020 7293.305
781.322 7230.588
781.625 7203.936
781.927 7161.200
782.229 7122.233
782.531 7092.240
782.833 7039.537
783.135 7011.571
783.437 6941.247
783.739 6920.397
784.041 6868.443
784.343 6819.685
784.645 6782.337
784.947 6762.377
785.249 6712.231
785.552 6682.461
785.854 6652.929
786.156 6574.719
786.458 6552.929
786.760 6486.558
787.062 6449.838
787.364 6434.567
787.666 6400.146
787.968 6349.249
788.270 6326.089
788.572 6273.343
788.874 6243.519
789.176 6203.519
789.478 6166.970
789.781 6135.229
790.083 6101.507
790.385 6041.738
790.687 6010.819
790.989 5977.648
791.291 5945.384
791.593 5908.997
791.895 5882.893
792.197 5845.587
792.499 5819.445
792.801 5777.745
793.103 5740.426
793.405 5710.379
793.708 5672.822
794.010 5632.440
794.312 5598.568
794.614 5552.302
794.916 5531.543
795.218 5486.226
795.520 5464.375
795.822 5417.245
796.124 5372.260
796.426 5346.072
796.728 5305.856
797.030 5286.199
797.332 5248.711
797.635 5209.278
797.937 5194.553
798.239 5143.774
798.541 5100.642
798.843 5077.334
799.145 5033.443
799.447 5022.918
799.749 4981.267
800.051 4942.999
800.353 4894.400
800.655 4852.564
800.957 4834.174
801.259 4812.736
801.562 4774.103
801.864 4736.652
802.166 4698.332
802.468 4674.454
802.770 4653.728
803.072 4626.610
803.374 4592.433
803.676 4549.544
803.978 4503.485
804.280 4481.797
804.582 4464.188
804.884 4410.577
805.186 4400.733
805.488 4370.557
805.791 4349.225
806.093 4316.024
806.395 4291.873
806.697 4248.674
806.999 4202.679
807.301 4188.269
807.603 4171.500
807.905 4148.229
808.207 4106.968
808.509 4083.225
808.811 4045.876
809.113 4015.494
809.415 4012.564
809.718 3969.780
810.020 3938.649
810.322 3909.754
810.624 3886.604
810.926 3864.466
811.228 3825.149
811.530 3810.068
811.834 3766.936
812.139 3752.010
812.443 3723.883
812.748 3712.210
813.052 3692.736
813.357 3655.964
813.661 3642.893
813.966 3605.945
814.270 3581.085
814.574 3562.797
814.879 3556.645
815.183 3516.495
815.488 3482.666
815.792 3469.387
816.097 3439.382
816.401 3414.246
816.706 3394.856
817.010 3372.413
817.314 3348.645
817.619 3321.380
817.923 3301.109
818.228 3276.552
818.532 3251.672
818.837 3243.369
819.141 3207.543
819.445 3196.340
819.750 3174.660
820.054 3150.605
820.359 3132.701
820.663 3120.351
820.968 3093.935
821.272 3076.731
821.577 3030.150
821.881 3032.077
822.185 3008.310
822.490 2988.268
822.794 2959.676
823.099 2934.825
823.403 2918.366
823.708 2899.415
824.012 2883.908
824.317 2858.067
824.621 2839.881
824.925 2832.858
825.230 2805.050
825.534 2783.202
825.839 2772.225
826.143 2747.987
826.448 2723.436
826.752 2713.807
827.057 2690.773
827.361 2687.873
827.665 2667.923
827.970 2658.248
828.274 2628.871
828.579 2618.077
828.883 2578.267
829.188 2569.107
829.492 2554.632
829.796 2532.295
830.101 2532.354
830.405 2524.064
830.710 2496.162
831.014 2465.736
831.319 2458.248
831.623 2444.464
831.928 2440.840
832.232 2401.349
832.536 2396.204
832.841 2378.770
833.145 2354.716
833.450 2353.780
833.754 2328.900
834.059 2328.555
834.363 2309.916
834.668 2287.819
834.972 2271.341
835.276 2262.572
835.581 2238.951
835.885 2235.396
836.190 2220.150
836.494 2195.854
836.799 2193.597
837.103 2185.462
837.407 2168.696
837.712 2166.822
838.016 2150.799
838.321 2130.478
838.625 2113.421
838.930 2111.592
839.234 2079.941
839.539 2077.872
839.843 2076.039
840.147 2048.133
840.452 2034.729
840.756 2026.444
841.061 2012.953
841.365 2010.876
841.670 1992.077
841.974 1975.335
842.279 1978.401
842.583 1955.217
842.887 1945.691
843.192 1942.346
843.496 1922.196
843.801 1921.860
844.105 1912.114
844.410 1894.976
844.714 1889.293
845.019 1883.572
845.323 1873.514
845.627 1853.682
845.932 1836.792
846.236 1834.080
846.541 1816.775
846.845 1807.859
847.150 1810.320
847.454 1797.263
847.758 1785.843
848.063 1779.512
848.367 1782.528
848.672 1762.800
848.976 1760.851
849.281 1746.650
849.585 1729.794
849.890 1743.487
850.194 1714.291
850.498 1708.230
850.803 1690.333
851.107 1682.655
851.412 1691.115
851.716 1678.056
852.021 1653.968
852.325 1661.619
852.630 1647.143
852.934 1636.539
853.238 1615.307
853.543 1612.071
853.847 1595.283
854.152 1609.487
854.456 1586.299
854.761 1581.245
855.065 1581.707
855.370 1564.045
855.674 1555.898
855.978 1558.455
856.283 1560.995
856.587 1544.173
856.892 1541.408
857.196 1521.177
857.501 1528.017
857.805 1519.875
858.109 1505.464
858.414 1489.119
858.718 1490.720
859.023 1489.244
859.327 1462.318
859.632 1464.678
859.936 1462.770
860.241 1451.899
860.545 1434.460
860.849 1433.713
861.154 1427.105
861.458 1419.005
861.763 1412.383
862.067 1418.395
862.372 1416.176
862.676 1403.585
862.981 1406.290
863.285 1401.419
863.589 1393.123
863.894 1387.614
864.198 1382.318
864.503 1382.536
864.807 1374.683
865.112 1366.668
865.416 1361.610
865.721 1359.573
866.025 1369.521
866.329 1371.520
866.634 1348.196
866.938 1351.203
867.243 1341.617
867.547 1347.418
867.852 1334.238
868.156 1336.669
868.460 1323.560
868.765 1324.812
869.069 1336.032
869.374 1321.195
869.678 1313.646
869.983 1312.790
870.287 1310.416
870.592 1314.588
870.896 1305.617
871.200 1305.612
871.505 1300.739
871.809 1297.486
872.114 1295.678
872.418 1285.239
872.723 1286.392
873.027 1285.743
873.332 1286.898
873.636 1288.438
873.940 1283.668
874.245 1283.017
874.549 1268.585
874.854 1275.139
875.158 1264.116
875.463 1271.764
875.767 1269.049
876.072 1269.530
876.376 1262.952
876.680 1258.660
876.985 1242.146
877.289 1255.029
877.594 1247.327
877.898 1248.003
878.203 1235.317
878.507 1237.813
878.811 1233.011
879.116 1235.514
879.420 1234.120
879.725 1217.371
880.029 1222.706
880.334 1214.835
880.638 1220.674
880.943 1223.193
881.247 1210.663
881.551 1202.292
881.856 1204.661
882.160 1199.556
882.465 1201.734
882.769 1190.289
883.074 1192.448
883.378 1188.635
883.683 1191.354
883.987 1180.613
884.291 1184.985
884.596 1181.181
884.900 1195.319
885.205 1186.784
885.509 1193.488
885.814 1199.308
886.118 1208.945
886.423 1215.826
886.727 1205.294
887.031 1215.297
887.336 1219.330
887.640 1223.679
887.945 1222.459
888.249 1224.783
888.554 1225.187
888.858 1225.682
889.162 1231.780
889.467 1229.451
889.771 1234.024
890.076 1237.464
890.380 1253.475
890.685 1252.321
890.989 1245.214
891.294 1243.152
891.598 1242.898
891.902 1237.164
892.207 1245.415
892.511 1259.171
892.816 1253.893
893.120 1246.074
893.425 1251.820
893.729 1261.461
894.034 1252.728
894.338 1249.960
894.642 1253.182
894.947 1247.413
895.251 1247.864
895.556 1239.769
895.860 1245.535
896.165 1247.379
896.469 1250.379
896.774 1243.666
897.078 1252.452
897.382 1257.318
897.687 1253.837
897.991 1257.784
898.296 1258.948
898.600 1259.872
898.905 1250.796
899.209 1249.160
899.513 1246.357
899.818 1253.111
900.122 1257.316
900.427 1245.635
900.731 1242.123
901.036 1253.321
901.340 1247.472
901.645 1241.621
901.949 1246.754
902.253 1248.621
902.558 1250.021
902.862 1251.656
903.167 1247.656
903.471 1239.897
903.776 1238.684
904.080 1233.744
904.385 1248.804
904.689 1229.455
904.993 1237.444
905.298 1232.711
905.602 1236.209
905.907 1245.681
906.211 1240.479
906.516 1230.283
906.820 1228.300
907.125 1233.332
907.429 1240.416
907.733 1223.527
908.038 1231.786
908.342 1231.779
908.647 1233.456
908.951 1220.857
909.256 1221.483
909.560 1234.834
909.864 1231.896
910.169 1229.533
910.473 1231.659
910.778 1222.509
911.082 1216.127
911.387 1221.324
911.691 1224.405
911.996 1217.144
912.300 1227.922
912.609 1219.684
912.918 1222.781
913.227 1212.925
913.537 1223.731
913.846 1220.618
914.155 1208.892
914.464 1216.831
914.773 1217.666
915.082 1216.477
915.391 1211.820
915.700 1210.841
916.010 1208.526
916.319 1206.569
916.628 1214.010
916.937 1211.070
917.246 1208.333
917.555 1200.302
917.864 1195.982
918.174 1203.817
918.483 1200.671
918.792 1202.237
919.101 1201.643
919.410 1200.651
919.719 1205.187
920.028 1203.204
920.337 1202.810
920.647 1201.021
920.956 1202.606
921.265 1194.260
921.574 1197.817
921.883 1191.839
922.192 1182.243
922.501 1183.415
922.811 1180.774
923.120 1187.140
923.429 1190.329
923.738 1189.128
924.047 1189.881
924.356 1190.878
924.665 1190.439
924.974 1191.633
925.284 1174.806
925.593 1182.895
925.902 1181.967
926.211 1186.032
926.520 1177.220
926.829 1172.109
927.138 1172.453
927.448 1172.797
927.757 1176.405
928.066 1172.108
928.375 1172.631
928.684 1179.171
928.993 1179.347
929.302 1174.534
929.611 1167.800
929.921 1172.482
930.230 1159.973
930.539 1171.780
930.848 1151.210
931.157 1160.952
931.466 1157.909
931.775 1156.615
932.085 1153.911
932.394 1164.011
932.703 1158.098
933.012 1151.397
933.321 1158.880
933.630 1147.581
933.939 1150.900
934.248 1166.994
934.558 1151.006
934.867 1166.040
935.176 1170.006
935.485 1149.400
935.794 1160.763
936.103 1165.778
936.412 1173.095
936.721 1184.142
937.031 1176.290
937.340 1176.785
937.649 1175.454
937.958 1192.074
938.267 1200.958
938.576 1200.178
938.885 1206.509
939.195 1210.530
939.504 1219.633
939.813 1222.025
940.122 1222.317
940.431 1234.702
940.740 1235.927
941.049 1233.660
941.359 1238.871
941.668 1239.891
941.977 1243.075
942.286 1248.869
942.595 1242.966
942.904 1232.658
943.213 1238.106
943.522 1236.266
943.832 1228.414
944.141 1232.500
944.450 1227.241
944.759 1223.596
945.068 1230.637
945.377 1220.135
945.686 1218.334
945.995 1215.908
946.305 1197.824
946.614 1208.831
946.923 1205.323
947.232 1187.517
947.541 1186.702
947.850 1187.046
948.159 1172.380
948.469 1168.117
948.778 1176.260
949.087 1163.005
949.396 1149.733
949.705 1140.513
950.014 1139.359
950.323 1131.160
950.632 1130.622
950.942 1120.632
951.251 1117.189
951.560 1097.701
951.869 1098.351
952.178 1097.579
952.487 1088.003
952.796 1084.894
953.106 1075.424
953.415 1076.000
953.724 1069.485
954.033 1065.497
954.342 1058.707
954.651 1051.081
954.960 1043.477
955.269 1033.351
955.579 1028.509
955.888 1022.321
956.197 1031.660
956.506 1022.061
956.815 998.552
957.124 1004.359
957.433 999.703
957.743 989.408
958.052 982.559
958.361 982.607
958.670 972.481
958.979 968.227
959.288 961.524
959.597 959.587
959.906 960.819
960.216 942.407
960.525 934.766
960.834 935.111
961.143 919.235
961.452 927.219
961.761 914.526
962.070 909.715
962.380 903.698
962.689 903.137
962.998 903.433
963.307 886.191
963.616 885.371
963.925 878.665
964.234 869.190
964.543 871.247
964.853 876.662
965.162 868.448
965.471 866.052
965.780 847.314
966.095 855.563
966.410 850.382
966.725 836.272
967.040 838.245
967.356 829.396
967.671 843.385
967.986 843.373
968.301 833.362
968.616 822.351
968.931 834.339
969.246 825.328
969.561 832.317
969.876 824.305
970.192 835.294
970.507 824.282
970.822 823.271
971.137 825.259
971.452 812.248
971.767 822.236
972.082 811.224
972.397 807.213
972.712 810.201
973.028 797.189
973.343 808.177
973.658 799.166
973.973 806.154
974.288 809.142
974.603 798.130
974.918 800.118
975.233 804.106
975.548 801.094
975.864 796.082
976.179 790.070
976.494 788.058
976.809 793.046
977.124 791.034
977.439 783.022
977.754 789.010
978.069 788.998
978.384 780.986
978.700 787.973
979.015 787.961
979.330 778.949
979.645 777.936
979.960 779.924
980.275 775.912
980.590 769.899
980.905 766.887
981.221 772.874
981.536 768.862
981.851 766.849
982.166 750.837
982.481 759.824
982.796 752.812
983.111 759.799
983.426 749.786
983.741 745.773
984.057 746.761
984.372 755.748
984.687 756.735
985.002 748.722
985.317 741.709
985.632 747.696
985.947 726.684
986.262 729.671
986.577 744.658
986.893 735.645
987.208 737.631
987.523 732.618
987.838 733.605
988.153 737.592
988.468 736.579
988.783 726.566
989.098 721.552
989.413 711.539
989.729 726.526
990.044 722.512
990.359 723.499
990.674 731.486
990.989 720.472
991.304 715.459
991.619 733.445
991.934 727.432
992.249 735.418
992.565 724.404
992.880 725.391
993.195 722.377
993.510 732.363
993.825 719.350
994.140 722.336
994.455 729.322
994.770 731.308
995.085 720.294
995.401 733.280
995.716 715.266
996.031 725.252
996.346 719.238
996.661 717.224
996.976 717.210
997.291 723.196
997.606 723.182
997.921 723.168
998.237 726.153
998.552 724.139
998.867 728.125
999.182 731.111
999.497 736.096
999.812 738.082
1000.127 742.067
1000.442 738.053
1000.757 747.038
1001.073 745.024
1001.388 744.009
1001.703 744.994
1002.018 733.980
1002.333 758.965
1002.648 758.950
1002.963 769.936
1003.278 764.921
1003.593 755.906
1003.909 755.891
1004.224 776.876
1004.539 772.861
1004.854 764.846
1005.169 771.831
1005.484 770.816
1005.799 786.801
1006.114 781.786
1006.429 781.771
1006.745 777.755
1007.060 795.740
1007.375 801.725
1007.690 800.709
1008.005 794.694
1008.320 817.679
1008.635 812.663
1008.950 810.648
1009.265 811.632
1009.581 809.617
1009.896 818.601
1010.211 822.585
1010.526 825.570
1010.841 818.554
1011.156 816.538
1011.471 831.522
1011.786 830.507
1012.102 844.491
1012.417 843.475
1012.732 851.459
1013.047 840.443
1013.362 840.427
1013.677 853.411
1013.992 848.394
1014.307 857.378
1014.622 861.362
1014.938 864.346
1015.253 869.330
1015.568 866.313
1015.883 877.297
1016.198 880.280
1016.513 878.264
1016.828 879.247
1017.143 888.231
1017.458 894.214
1017.774 879.198
1018.089 894.181
1018.404 905.164
1018.719 905.148
1019.034 912.131
1019.349 916.114
1019.664 916.097
1019.979 923.080
1020.294 919.063
1020.610 919.046
1020.925 920.029
1021.240 930.012
1021.555 941.995
1021.870 940.978
1022.185 943.961
1022.500 947.943
1022.815 944.926
1023.130 946.909
1023.446 945.891
1023.761 955.874
1024.076 960.856
1024.391 955.839
1024.706 971.821
1025.021 972.803
1025.336 985.786
1025.651 988.768
1025.966 997.750
1026.282 987.733
1026.597 993.715
1026.912 993.697
1027.227 1016.679
1027.542 1004.661
1027.857 1013.643
1028.172 1015.625
1028.487 1029.607
1028.802 1040.588
1029.118 1030.570
1029.433 1037.552
1029.748 1037.534
1030.063 1058.515
1030.378 1054.497
1030.693 1043.478
1031.008 1053.460
1031.323 1056.441
1031.638 1056.423
1031.954 1062.404
1032.269 1063.385
1032.584 1076.367
1032.899 1080.348
1033.214 1076.329
1033.529 1086.310
1033.844 1085.291
1034.159 1078.272
1034.474 1096.253
1034.790 1097.234
1035.105 1087.215
1035.420 1089.196
1035.735 1102.177
1036.050 1099.157
1036.365 1096.138
1036.680 1109.119
1036.995 1097.099
1037.310 1099.080
1037.626 1106.060
1037.941 1099.041
1038.256 1105.021
1038.571 1116.001
1038.886 1112.982
1039.201 1107.962
1039.516 1111.942
1039.831 1116.922
1040.146 1118.902
1040.462 1109.882
1040.777 1113.862
1041.092 1117.842
1041.407 1122.822
1041.722 1114.802
1042.037 1124.781
1042.352 1108.761
1042.667 1114.741
1042.982 1114.720
1043.298 1110.700
1043.613 1105.679
1043.928 1123.659
1044.243 1123.638
1044.558 1116.618
1044.873 1128.597
1045.188 1128.576
1045.503 1112.555
1045.819 1120.534
1046.134 1122.513
1046.449 1115.492
1046.764 1107.471
1047.079 1120.450
1047.394 1106.429
1047.709 1110.408
1048.024 1100.387
1048.339 1106.365
1048.655 1102.344
1048.970 1107.323
1049.285 1109.301
1049.600 1101.280
1049.915 1104.258
1050.230 1100.236
1050.545 1098.215
1050.860 1111.193
1051.175 1103.171
1051.491 1092.149
1051.806 1087.127
1052.121 1093.105
1052.436 1086.083
1052.751 1093.061
1053.066 1094.039
1053.381 1082.017
1053.696 1078.994
1054.011 1085.972
1054.327 1074.950
1054.642 1081.927
1054.957 1072.905
1055.272 1069.882
1055.587 1065.859
1055.902 1069.837
1056.217 1070.814
1056.532 1074.791
1056.847 1068.768
1057.163 1066.745
1057.478 1055.722
1057.793 1052.699
1058.108 1037.676
1058.423 1051.653
1058.738 1046.630
1059.053 1061.607
1059.368 1047.583
1059.683 1052.560
1059.999 1056.536
1060.314 1058.513
1060.629 1050.489
1060.944 1053.466
1061.259 1052.442
1061.574 1045.418
1061.889 1033.394
1062.204 1037.370
1062.519 1044.346
1062.835 1042.322
1063.150 1039.298
1063.465 1039.274
1063.780 1041.250
1064.095 1036.226
1064.410 1029.201
1064.725 1040.177
1065.040 1035.152
1065.355 1041.128
1065.671 1031.103
1065.986 1027.079
1066.301 1020.054
1066.616 1033.029
1066.931 1010.004
1067.246 1016.979
1067.561 1021.954
1067.876 1019.929
1068.191 1022.904
1068.507 1015.879
1068.822 1022.854
1069.137 1023.829
1069.452 1021.803
1069.767 1023.778
1070.082 1024.752
1070.397 1018.727
1070.712 1018.701
1071.027 1008.675
1071.343 1005.650
1071.658 1015.624
1071.973 1010.598
1072.288 1008.572
1072.603 1001.546
1072.918 1002.520
1073.233 1000.494
1073.548 998.467
1073.863 994.441
1074.179 1007.415
1074.494 996.388
1074.809 998.362
1075.124 997.335
1075.439 990.309
1075.754 986.282
1076.069 995.255
1076.384 996.228
1076.699 998.201
1077.015 985.174
1077.330 986.147
1077.645 985.120
1077.960 976.093
1078.275 982.066
1078.590 981.038
1078.905 979.011
1079.220 971.983
1079.536 971.956
1079.851 991.928
1080.166 982.901
1080.481 975.873
1080.796 977.845
1081.111 975.817
1081.426 972.789
1081.741 974.761
1082.056 973.733
1082.372 980.705
1082.687 977.676
1083.002 965.648
1083.317 981.620
1083.632 982.591
1083.947 980.563
1084.262 972.534
1084.577 955.505
1084.892 969.477
1085.208 965.448
1085.523 970.419
1085.838 955.390
1086.153 954.361
1086.468 967.332
1086.783 959.302
1087.098 954.273
1087.413 949.244
1087.728 963.214
1088.044 952.185
1088.359 955.155
1088.674 953.125
1088.989 956.096
1089.304 961.066
1089.619 955.036
1089.934 961.006
1090.249 958.976
1090.564 959.946
1090.880 952.916
1091.195 949.885
1091.510 943.855
1091.825 956.824
1092.140 953.794
1092.467 945.763
1092.794 947.733
1093.121 949.702
1093.448 938.671
1093.775 948.640
1094.102 945.609
1094.429 946.578
1094.756 942.547
1095.083 935.516
1095.410 943.485
1095.737 937.453
1096.064 934.422
1096.391 941.390
1096.718 936.359
1097.045 935.327
1097.372 933.295
1097.699 936.263
1098.026 932.231
1098.353 939.199
1098.680 941.167
1099.007 927.135
1099.334 934.103
1099.661 941.071
1099.988 926.038
1100.315 921.006
1100.642 929.973
1100.969 931.940
1101.296 922.908
1101.623 941.875
1101.950 930.842
1102.277 927.809
1102.604 925.776
1102.931 935.743
1103.258 927.710
1103.585 934.676
1103.912 932.643
1104.239 925.610
1104.566 923.576
1104.893 932.542
1105.220 923.509
1105.547 933.475
1105.874 935.441
1106.201 917.407
1106.528 919.373
1106.855 919.339
1107.182 925.305
1107.509 919.270
1107.836 924.236
1108.163 927.202
1108.490 926.167
1108.817 922.132
1109.144 918.098
1109.470 923.063
1109.797 915.028
1110.124 914.993
1110.451 923.958
1110.778 925.923
1111.105 926.888
1111.432 931.852
1111.759 918.817
1112.086 921.782
1112.413 925.746
1112.740 941.710
1113.067 927.675
1113.394 933.639
1113.721 929.603
1114.048 923.567
1114.375 924.531
1114.702 924.495
1115.029 919.459
1115.356 915.422
1115.683 910.386
1116.010 915.349
1116.337 910.313
1116.664 912.276
1116.991 900.239
1117.318 906.203
1117.645 913.166
1117.972 921.129
1118.299 906.092
1118.626 911.054
1118.953 909.017
1119.280 910.980
1119.607 917.942
1119.934 893.905
1120.261 902.867
1120.588 906.830
1120.915 902.792
1121.242 887.754
1121.569 889.716
1121.896 891.678
1122.223 899.640
1122.550 896.602
1122.877 897.563
1123.204 891.525
1123.531 901.486
1123.858 896.448
1124.185 893.409
1124.512 901.371
1124.839 900.332
1125.166 893.293
1125.493 888.254
1125.820 889.215
1126.147 888.176
1126.474 882.136
1126.801 878.097
1127.128 884.058
1127.455 894.018
1127.782 882.978
1128.109 886.939
1128.436 881.899
1128.763 884.859
1129.090 878.819
1129.417 875.779
1129.744 877.739
1130.071 865.699
1130.398 877.658
1130.725 864.618
1131.052 881.578
1131.379 864.537
1131.706 865.496
1132.033 871.456
1132.360 863.415
1132.687 864.374
1133.014 857.333
1133.341 857.292
1133.668 860.251
1133.995 859.209
1134.322 855.168
1134.649 850.127
1134.976 844.085
1135.303 848.043
1135.630 841.002
1135.957 855.960
1136.284 842.918
1136.611 839.876
1136.938 847.834
1137.265 834.792
1137.592 820.750
1137.919 833.708
1138.246 830.665
1138.573 819.623
1138.900 818.580
1139.227 806.538
1139.554 801.495
1139.881 811.452
1140.208 794.409
1140.535 802.366
1140.862 802.323
1141.189 798.280
1141.516 787.237
1141.843 785.193
1142.170 777.150
1142.497 767.107
1142.824 768.063
1143.151 771.019
1143.478 775.976
1143.805 772.932
1144.131 773.888
1144.458 764.844
1144.785 771.800
1145.112 770.756
1145.439 760.711
1145.766 762.667
1146.093 774.623
1146.420 782.578
1146.747 760.534
1147.074 758.489
1147.401 753.444
1147.728 760.400
1148.055 771.355
1148.382 752.310
1148.709 759.265
1149.036 755.220
1149.363 751.174
1149.690 749.129
1150.017 755.084
1150.344 750.038
1150.671 747.993
1150.998 747.947
1151.325 747.901
1151.652 753.856
1151.979 745.810
1152.306 738.764
1152.633 752.718
1152.960 733.672
1153.287 745.626
1153.614 744.579
1153.941 742.533
1154.268 734.487
1154.595 739.440
1154.922 741.394
1155.249 745.347
1155.576 740.300
1155.903 748.254
1156.230 752.207
1156.557 743.160
1156.884 741.113
1157.211 745.066
1157.538 746.019
1157.865 738.972
1158.192 737.924
1158.519 742.877
1158.846 749.830
1159.173 740.782
1159.500 734.735
1159.827 743.687
1160.154 739.639
1160.481 724.591
1160.808 735.544
1161.135 731.496
1161.462 734.448
1161.789 735.400
1162.116 736.352
1162.443 729.303
1162.770 729.255
1163.097 727.207
1163.424 722.159
1163.751 722.110
1164.078 734.062
1164.405 728.013
1164.732 725.964
1165.059 729.916
1165.386 731.867
1165.713 721.818
1166.040 724.769
1166.367 719.720
1166.694 715.671
1167.021 722.622
1167.348 726.573
1167.675 702.524
1168.002 718.475
1168.329 714.426
1168.656 710.376
1168.983 700.327
1169.310 710.277
1169.637 705.228
1169.964 703.178
1170.291 701.129
1170.618 694.079
1170.945 678.029
1171.272 677.979
1171.599 664.930
1171.926 654.880
1172.253 663.830
1172.580 659.780
1172.907 647.730
1173.234 645.680
1173.561 642.630
1173.888 637.579
1174.215 624.529
1174.542 623.479
1174.869 628.429
1175.196 628.378
1175.523 632.328
1175.850 625.278
1176.177 630.227
1176.504 629.177
1176.831 625.126
1177.158 624.075
1177.485 634.025
1177.812 617.974
1178.139 626.923
1178.465 623.873
1178.792 624.822
1179.119 615.771
1179.446 611.720
1179.773 601.669
1180.100 603.618
1180.427 601.567
1180.754 596.516
1181.081 589.465
1181.408 591.414
1181.735 591.363
1182.062 588.312
1182.389 584.261
1182.716 575.210
1183.043 579.159
1183.370 570.108
1183.697 574.056
1184.024 564.005
1184.351 570.954
1184.678 570.903
1185.005 561.851
1185.332 561.800
1185.659 569.749
1185.986 572.698
1186.313 573.646
1186.640 571.595
1186.967 568.543
1187.294 565.492
1187.621 556.441
1187.948 561.389
1188.275 549.338
1188.602 546.286
1188.929 546.235
1189.256 552.184
1189.583 548.132
1189.910 551.081
1190.237 538.029
1190.564 555.978
1190.891 544.926
1191.218 548.875
1191.545 551.823
1191.872 543.772
1192.199 543.721
1192.526 539.669
1192.853 546.618
1193.180 541.566
1193.507 541.515
1193.834 529.464
1194.161 531.412
1194.488 531.361
1194.815 527.309
1195.142 530.258
1195.469 530.207
1195.796 526.156
1196.123 532.104
1196.450 518.053
1196.777 515.002
1197.104 513.951
1197.431 523.899
1197.758 518.848
1198.085 512.797
1198.412 525.746
1198.739 504.695
1199.066 512.644
1199.393 510.593
1199.720 501.542
1200.047 502.491
1200.374 498.440
1200.701 496.389
1201.028 497.338
1201.355 503.288
1201.682 494.237
1202.009 487.186
1202.336 478.136
1202.663 493.085
1202.990 485.034
1203.317 472.984
1203.644 471.933
1203.971 470.883
1204.298 475.833
1204.625 470.782
1204.952 473.732
1205.279 475.682
1205.606 475.632
1205.933 453.582
1206.260 456.532
1206.587 460.482
1206.914 457.432
1207.241 452.382
1207.568 451.332
1207.895 446.283
1208.222 448.233
1208.549 446.184
1208.876 435.134
1209.203 438.085
1209.530 437.035
1209.857 437.986
1210.184 436.937
1210.511 432.888
1210.838 429.839
1211.165 432.790
1211.492 426.741
1211.819 421.693
1212.146 423.644
1212.473 412.596
1212.799 417.547
1213.126 407.499
1213.453 409.451
1213.780 407.403
1214.107 413.355
1214.434 396.307
1214.761 399.259
1215.088 392.211
1215.415 395.163
1215.742 410.116
1216.069 384.069
1216.396 388.021
1216.723 381.974
1217.050 392.927
1217.377 391.880
1217.704 380.833
1218.031 377.787
1218.358 371.740
1218.685 377.694
1219.012 372.647
1219.339 368.601
1219.666 370.555
1219.993 366.509
1220.320 365.463
1220.647 360.418
1220.974 356.372
1221.301 347.327
1221.628 346.281
1221.955 343.236
1222.282 351.191
1222.609 340.147
1222.936 347.102
1223.263 338.057
1223.590 341.013
1223.917 341.969
1224.244 340.925
1224.571 347.881
1224.898 338.837
1225.225 332.793
1225.552 330.750
1225.879 334.707
1226.206 326.664
1226.533 328.621
1226.860 320.578
1227.187 318.535
1227.514 316.493
1227.841 313.451
1228.168 313.409
1228.495 315.367
1228.822 313.325
1229.149 312.284
1229.476 303.242
1229.803 305.201
1230.130 309.160
1230.457 305.119
1230.784 295.079
1231.111 303.038
1231.438 297.998
1231.765 301.958
1232.092 285.918
1232.419 292.878
1232.746 293.839
