168.180 7.460
168.450 47.459
168.720 61.459
168.990 71.459
169.260 70.459
169.530 70.458
169.799 64.458
170.069 62.458
170.339 70.458
170.609 65.457
170.879 72.457
171.149 66.457
171.418 68.456
171.688 72.456
171.958 71.456
172.228 69.456
172.498 64.455
172.768 60.455
173.037 66.455
173.307 68.454
173.577 66.454
173.847 63.454
174.117 62.454
174.387 69.453
174.656 70.453
174.926 73.453
175.196 70.452
175.466 63.452
175.736 77.452
176.006 62.452
176.275 72.451
176.545 68.451
176.815 69.451
177.085 67.450
177.355 63.450
177.625 66.450
177.894 66.449
178.164 68.449
178.434 61.449
178.704 74.449
178.974 72.448
179.244 70.448
179.513 70.448
179.783 77.447
180.053 74.447
180.323 72.447
180.593 66.447
180.863 68.446
181.132 72.446
181.402 73.446
181.672 64.445
181.942 63.445
182.212 71.445
182.482 66.445
182.751 69.444
183.021 70.444
183.291 65.444
183.561 70.443
183.831 69.443
184.101 69.443
184.370 70.442
184.640 69.442
184.910 65.442
185.164 68.442
185.417 69.441
185.671 70.441
185.925 67.441
186.178 71.440
186.432 73.440
186.686 64.440
186.939 82.440
187.193 74.439
187.447 71.439
187.700 74.439
187.954 75.438
188.207 66.438
188.461 78.438
188.715 60.437
188.968 73.437
189.222 71.437
189.476 79.437
189.729 70.436
189.983 73.436
190.237 69.436
190.490 70.435
190.744 64.435
190.998 62.435
191.251 79.434
191.505 64.434
191.759 69.434
192.012 70.434
192.266 65.433
192.520 74.433
192.773 71.433
193.027 67.432
193.281 68.432
193.534 69.432
193.788 66.431
194.042 64.431
194.295 74.431
194.549 66.430
194.802 67.430
195.056 69.430
195.310 72.430
195.563 66.429
195.817 65.429
196.071 66.429
196.324 82.428
196.578 72.428
196.832 61.428
197.085 79.427
197.339 80.427
197.593 72.427
197.846 68.427
198.100 69.426
198.354 70.426
198.607 69.426
198.861 76.425
199.115 70.425
199.368 73.425
199.622 67.424
199.876 71.424
200.129 76.424
200.383 77.423
200.636 79.423
200.890 63.423
201.144 70.422
201.397 75.422
201.651 71.422
201.905 76.422
202.158 71.421
202.412 71.421
202.666 76.421
202.919 70.420
203.173 66.420
203.427 70.420
203.680 67.419
203.934 69.419
204.188 73.419
204.441 73.418
204.695 64.418
204.949 77.418
205.202 73.417
205.456 71.417
205.710 75.417
205.963 69.417
206.217 75.416
206.471 77.416
206.724 73.416
206.978 88.415
207.231 80.415
207.485 84.415
207.739 81.414
207.992 65.414
208.246 73.414
208.500 68.413
208.753 75.413
209.007 81.413
209.261 77.412
209.514 75.412
209.768 69.412
210.022 73.411
210.275 67.411
210.529 74.411
210.783 73.410
211.036 71.410
211.290 67.410
211.544 79.410
211.797 73.409
212.051 73.409
212.305 69.409
212.558 61.408
212.812 66.408
213.065 72.408
213.319 68.407
213.573 73.407
213.826 75.407
214.080 72.406
214.334 77.406
214.587 73.406
214.841 72.405
215.095 73.405
215.348 74.405
215.602 78.404
215.856 80.404
216.109 77.404
216.363 70.403
216.617 80.403
216.870 74.403
217.124 79.402
217.378 72.402
217.631 80.402
217.885 69.401
218.139 74.401
218.392 78.401
218.646 72.400
218.900 76.400
219.153 78.400
219.407 78.399
219.660 77.399
219.914 78.399
220.168 81.398
220.421 78.398
220.675 78.398
220.929 81.397
221.182 73.397
221.436 78.397
221.690 82.396
221.943 72.396
222.197 86.396
222.451 78.395
222.704 77.395
222.958 77.395
223.212 76.394
223.465 77.394
223.719 81.394
223.973 75.393
224.226 74.393
224.480 78.393
224.734 79.392
224.987 85.392
225.241 75.392
225.494 74.391
225.748 81.391
226.002 77.391
226.255 72.390
226.509 80.390
226.763 83.390
227.016 77.389
227.270 82.389
227.524 80.389
227.777 80.388
228.031 73.388
228.285 72.388
228.538 73.387
228.792 80.387
229.046 77.387
229.299 74.386
229.553 75.386
229.807 69.386
230.060 73.385
230.314 83.385
230.568 78.385
230.821 83.384
231.075 86.384
231.329 77.384
231.582 82.383
231.836 79.383
232.089 79.383
232.343 83.382
232.597 79.382
232.850 87.382
233.104 75.381
233.358 77.381
233.611 78.381
233.865 91.380
234.119 82.380
234.372 81.380
234.626 76.379
234.880 81.379
235.133 72.378
235.387 73.378
235.641 81.378
235.894 77.377
236.148 75.377
236.402 79.377
236.655 90.376
236.909 76.376
237.163 83.376
237.416 82.375
237.670 76.375
237.924 88.375
238.177 83.374
238.431 87.374
238.684 79.374
238.938 86.373
239.192 81.373
239.445 78.373
239.699 78.372
239.953 70.372
240.206 76.371
240.460 82.371
240.714 83.371
240.967 82.370
241.221 76.370
241.475 81.370
241.728 83.369
241.982 80.369
242.236 83.369
242.489 75.368
242.743 81.368
242.997 81.368
243.250 74.367
243.504 80.367
243.758 73.367
244.011 81.366
244.265 87.366
244.518 75.365
244.772 81.365
245.026 85.365
245.279 82.364
245.533 87.364
245.787 81.364
246.040 83.363
246.294 77.363
246.548 84.363
246.801 87.362
247.055 81.362
247.309 77.361
247.562 82.361
247.816 88.361
248.070 81.360
248.323 78.360
248.577 82.360
248.831 77.359
249.084 85.359
249.338 86.359
249.592 92.358
249.845 85.358
250.099 80.357
250.353 87.357
250.606 82.357
250.860 75.356
251.113 81.356
251.367 85.356
251.621 83.355
251.874 88.355
252.128 89.355
252.382 87.354
252.635 83.354
252.889 78.353
253.143 83.353
253.396 82.353
253.650 81.352
253.911 83.352
254.172 81.352
254.433 85.351
254.694 94.351
254.955 83.351
255.216 82.350
255.477 88.350
255.738 87.349
255.999 86.349
256.261 90.349
256.522 82.348
256.783 87.348
257.044 87.348
257.305 93.347
257.566 87.347
257.827 87.346
258.088 91.346
258.349 89.346
258.610 85.345
258.871 88.345
259.132 93.345
259.393 92.344
259.654 82.344
259.915 90.343
260.176 92.343
260.437 85.343
260.698 90.342
260.959 77.342
261.221 89.342
261.482 83.341
261.743 85.341
262.004 85.340
262.265 90.340
262.526 90.340
262.787 86.339
263.048 87.339
263.309 90.338
263.570 89.338
263.831 86.338
264.092 92.337
264.353 92.337
264.614 92.337
264.875 86.336
265.136 95.336
265.397 93.335
265.658 94.335
265.919 89.335
266.181 91.334
266.442 94.334
266.703 92.334
266.964 97.333
267.225 88.333
267.486 92.332
267.747 92.332
268.008 87.332
268.269 93.331
268.530 85.331
268.791 93.330
269.052 89.330
269.313 89.330
269.574 91.329
269.835 91.329
270.096 99.328
270.357 87.328
270.618 87.328
270.879 85.327
271.141 89.327
271.402 94.327
271.663 93.326
271.924 97.326
272.185 94.325
272.446 92.325
272.707 92.325
272.968 102.324
273.229 100.324
273.490 86.323
273.751 88.323
274.012 93.323
274.273 90.322
274.534 96.322
274.795 92.321
275.056 89.321
275.317 88.321
275.578 89.320
275.839 95.320
276.101 92.319
276.362 84.319
276.623 91.319
276.884 92.318
277.145 90.318
277.406 85.317
277.667 98.317
277.928 90.317
278.189 99.316
278.450 98.316
278.711 94.315
278.972 91.315
279.233 87.315
279.494 97.314
279.755 101.314
280.016 96.313
280.277 85.313
280.538 93.313
280.799 99.312
281.061 96.312
281.322 102.311
281.583 97.311
281.844 96.311
282.105 94.310
282.366 95.310
282.627 85.309
282.888 89.309
283.149 88.309
283.410 105.308
283.671 96.308
283.932 102.307
284.193 102.307
284.454 94.307
284.715 93.306
284.976 99.306
285.237 93.305
285.498 103.305
285.759 97.305
286.021 96.304
286.282 104.304
286.543 92.303
286.804 93.303
287.065 86.302
287.326 95.302
287.587 95.302
287.848 102.301
288.109 100.301
288.370 100.300
288.631 99.300
288.892 94.300
289.153 99.299
289.414 96.299
289.675 104.298
289.936 104.298
290.197 97.297
290.458 90.297
290.719 105.297
290.981 97.296
291.242 94.296
291.503 94.295
291.764 98.295
292.025 91.295
292.286 103.294
292.547 91.294
292.808 96.293
293.069 94.293
293.330 97.292
293.591 96.292
293.852 97.292
294.113 102.291
294.374 104.291
294.635 102.290
294.896 97.290
295.157 96.290
295.418 108.289
295.679 98.289
295.941 103.288
296.202 95.288
296.463 104.287
296.724 100.287
296.985 106.287
297.246 96.286
297.507 97.286
297.768 99.285
298.029 100.285
298.290 99.284
298.551 99.284
298.812 104.284
299.073 105.283
299.334 99.283
299.595 104.282
299.856 106.282
300.117 106.281
300.378 97.281
300.639 102.281
300.901 100.280
301.162 109.280
301.423 105.279
301.684 99.279
301.945 101.278
302.206 102.278
302.467 106.278
302.728 105.277
302.989 108.277
303.250 104.276
303.511 101.276
303.772 99.275
304.033 105.275
304.294 108.274
304.555 110.274
304.816 106.274
305.077 105.273
305.338 102.273
305.599 98.272
305.861 100.272
306.122 104.271
306.383 107.271
306.644 100.271
306.905 112.270
307.166 110.270
307.427 94.269
307.688 104.269
307.949 107.268
308.210 110.268
308.471 108.267
308.732 106.267
308.993 99.267
309.254 107.266
309.515 105.266
309.776 97.265
310.037 105.265
310.298 110.264
310.559 110.264
310.821 106.263
311.082 104.263
311.343 103.263
311.604 103.262
311.865 106.262
312.126 108.261
312.387 99.261
312.648 104.260
312.909 113.260
313.170 113.259
313.437 110.259
313.704 113.258
313.971 108.258
314.238 112.258
314.504 118.257
314.771 109.257
315.038 107.256
315.305 109.256
315.572 103.255
315.839 112.255
316.106 101.254
316.373 108.254
316.640 107.253
316.906 116.253
317.173 101.253
317.440 101.252
317.707 98.252
317.974 117.251
318.241 110.251
318.508 111.250
318.775 112.250
319.042 106.249
319.308 116.249
319.575 112.248
319.842 109.248
320.109 113.248
320.376 103.247
320.643 113.247
320.910 112.246
321.177 115.246
321.444 101.245
321.710 99.245
321.977 112.244
322.244 105.244
322.511 112.243
322.778 102.243
323.045 113.242
323.312 113.242
323.579 118.241
323.846 111.241
324.112 110.241
324.379 116.240
324.646 113.240
324.913 105.239
325.180 107.239
325.447 124.238
325.714 114.238
325.981 116.237
326.248 112.237
326.514 108.236
326.781 113.236
327.048 120.235
327.315 109.235
327.582 117.234
327.849 110.234
328.116 120.233
328.383 112.233
328.649 118.233
328.916 117.232
329.183 112.232
329.450 111.231
329.717 124.231
329.984 117.230
330.251 118.230
330.518 121.229
330.785 121.229
331.051 111.228
331.318 119.228
331.585 121.227
331.852 120.227
332.119 128.226
332.386 130.226
332.653 129.225
332.920 129.225
333.187 120.224
333.453 123.224
333.720 127.223
333.987 128.223
334.254 120.222
334.521 124.222
334.788 130.221
335.055 137.221
335.322 141.221
335.589 133.220
335.855 140.220
336.122 143.219
336.389 149.219
336.656 156.218
336.923 150.218
337.190 154.217
337.457 151.217
337.724 162.216
337.991 172.216
338.257 162.215
338.524 173.215
338.791 189.214
339.058 184.214
339.325 187.213
339.592 185.213
339.859 190.212
340.126 205.212
340.393 211.211
340.659 217.211
340.926 216.210
341.193 226.210
341.460 231.209
341.727 245.209
341.994 247.208
342.261 250.208
342.528 269.207
342.795 276.207
343.061 268.206
343.328 291.206
343.595 293.205
343.862 303.205
344.129 314.204
344.396 319.204
344.663 330.203
344.930 346.203
345.197 350.202
345.463 359.202
345.730 373.201
345.997 370.201
346.264 396.200
346.531 403.200
346.798 414.199
347.065 427.199
347.332 446.198
347.599 455.198
347.865 470.197
348.132 486.197
348.399 489.196
348.666 505.196
348.933 513.195
349.200 528.195
349.467 536.194
349.734 557.194
350.001 580.193
350.267 585.193
350.534 587.192
350.801 611.192
351.068 624.191
351.335 635.191
351.602 648.190
351.869 655.189
352.136 673.189
352.402 689.188
352.669 708.188
352.936 721.187
353.203 731.187
353.470 750.186
353.737 754.186
354.004 778.185
354.271 800.185
354.538 805.184
354.804 830.184
355.071 842.183
355.338 850.183
355.605 867.182
355.872 888.182
356.139 899.181
356.406 914.181
356.673 949.180
356.940 965.180
357.206 983.971
357.473 997.133
357.740 1016.408
358.007 1040.018
358.274 1063.317
358.541 1076.477
358.808 1104.535
359.075 1118.789
359.342 1142.890
359.608 1164.632
359.875 1166.165
360.142 1206.577
360.409 1228.573
360.676 1256.641
360.943 1264.367
361.210 1285.743
361.477 1310.271
361.744 1335.952
362.010 1344.251
362.277 1359.177
362.544 1392.622
362.811 1405.609
363.078 1425.618
363.345 1468.037
363.612 1485.315
363.879 1512.424
364.146 1518.733
364.412 1537.901
364.679 1589.865
364.946 1600.609
365.213 1607.088
365.480 1636.441
365.748 1628.283
366.017 1669.021
366.285 1679.607
366.553 1700.610
366.822 1740.591
367.090 1738.165
367.358 1745.807
367.627 1784.315
367.895 1791.795
368.164 1811.847
368.432 1838.278
368.700 1871.570
368.969 1904.298
369.237 1913.313
369.505 1921.195
369.774 1921.544
370.042 1953.400
370.310 1967.804
370.579 1990.136
370.847 2015.883
371.115 2032.754
371.384 2032.570
371.652 2045.824
371.921 2045.772
372.189 2062.112
372.457 2101.842
372.726 2123.070
372.994 2117.680
373.262 2154.779
373.531 2145.375
373.799 2157.649
374.067 2185.182
374.336 2195.334
374.604 2206.752
374.872 2234.481
375.141 2231.010
375.409 2250.156
375.678 2257.235
375.946 2283.849
376.214 2286.638
376.483 2313.261
376.751 2310.086
377.019 2311.237
377.288 2335.994
377.556 2354.292
377.824 2385.094
378.093 2375.547
378.361 2387.726
378.629 2418.152
378.898 2426.882
379.166 2458.388
379.435 2471.801
379.703 2484.634
379.971 2502.810
380.240 2531.191
380.508 2549.286
380.776 2563.174
381.045 2573.089
381.313 2617.660
381.581 2613.556
381.850 2644.677
382.118 2678.632
382.386 2683.559
382.655 2699.816
382.923 2741.274
383.192 2766.480
383.460 2789.382
383.728 2788.595
383.997 2832.391
384.265 2871.900
384.533 2891.061
384.802 2906.281
385.070 2948.296
385.338 2979.457
385.607 3008.788
385.875 2999.051
386.143 3046.767
386.412 3085.905
386.680 3116.306
386.948 3119.046
387.217 3196.420
387.485 3207.961
387.754 3251.213
388.022 3284.130
388.290 3294.370
388.559 3347.950
388.827 3388.346
389.095 3434.147
389.364 3468.463
389.632 3495.225
389.900 3517.512
390.169 3554.952
390.437 3592.067
390.705 3618.084
390.974 3673.299
391.242 3719.206
391.511 3746.062
391.779 3774.657
392.047 3815.649
392.316 3864.484
392.584 3923.108
392.852 3932.371
393.121 3968.962
393.389 4042.092
393.657 4062.275
393.926 4107.176
394.194 4146.633
394.462 4190.939
394.731 4234.899
394.999 4260.744
395.268 4324.574
395.536 4357.552
395.804 4399.468
396.073 4463.595
396.341 4480.060
396.609 4521.154
396.878 4575.443
397.146 4637.995
397.414 4675.178
397.683 4721.737
397.951 4758.755
398.219 4809.121
398.488 4869.981
398.756 4899.677
399.025 4972.784
399.293 5016.831
399.561 5043.935
399.830 5097.373
400.098 5160.638
400.366 5200.718
400.635 5254.275
400.903 5305.210
401.171 5347.326
401.440 5423.729
401.708 5458.813
401.976 5511.083
402.245 5546.016
402.513 5625.217
402.782 5673.042
403.050 5703.634
403.318 5739.124
403.587 5849.299
403.855 5878.871
404.123 5915.355
404.392 5964.554
404.660 6020.980
404.934 6068.072
405.207 6124.557
405.481 6175.132
405.754 6233.831
406.028 6300.498
406.301 6359.616
406.575 6412.892
406.848 6434.631
407.122 6504.268
407.395 6562.641
407.669 6596.087
407.942 6644.355
408.216 6732.705
408.489 6745.355
408.763 6813.097
409.036 6880.197
409.310 6920.406
409.583 6969.671
409.857 7030.531
410.130 7111.530
410.404 7108.968
410.677 7172.480
410.951 7262.121
411.224 7269.376
411.498 7334.439
411.771 7376.891
412.045 7437.693
412.318 7499.023
412.592 7524.414
412.865 7584.947
413.139 7637.457
413.412 7700.163
413.686 7754.445
413.959 7809.336
414.233 7855.876
414.506 7879.031
414.780 7946.777
415.053 8065.696
415.327 8057.255
415.600 8130.799
415.874 8171.975
416.147 8231.524
416.421 8303.604
416.694 8367.831
416.968 8416.463
417.241 8463.612
417.515 8488.959
417.788 8569.030
418.062 8632.843
418.335 8680.448
418.609 8728.230
418.882 8784.614
419.156 8817.591
419.429 8870.432
419.703 8967.075
419.976 9011.020
420.250 9029.892
420.524 9124.666
420.797 9159.243
421.071 9206.798
421.344 9255.990
421.618 9309.561
421.891 9353.852
422.165 9429.887
422.438 9454.401
422.712 9525.880
422.985 9552.066
423.259 9614.121
423.532 9642.180
423.806 9690.201
424.079 9797.437
424.353 9844.031
424.626 9857.458
424.900 9889.472
425.173 9951.127
425.447 9981.028
425.720 10027.028
425.994 10100.127
426.267 10165.689
426.541 10202.634
426.814 10201.226
427.088 10275.125
427.361 10350.477
427.635 10378.293
427.908 10435.506
428.182 10437.208
428.455 10520.707
428.729 10521.147
429.002 10547.854
429.276 10625.019
429.549 10676.430
429.823 10674.062
430.096 10690.469
430.370 10767.388
430.643 10803.443
430.917 10837.880
431.190 10887.111
431.464 10917.352
431.737 10955.747
432.011 11018.157
432.284 11034.251
432.558 11073.377
432.831 11130.795
433.105 11117.244
433.378 11190.963
433.652 11224.682
433.925 11254.516
434.199 11292.592
434.472 11316.689
434.746 11398.005
435.019 11478.483
435.293 11477.571
435.566 11511.955
435.840 11520.360
436.119 11589.872
436.398 11646.475
436.677 11665.347
436.956 11695.049
437.235 11705.532
437.514 11713.581
437.793 11752.950
438.073 11781.708
438.352 11812.557
438.631 11852.936
438.910 11888.339
439.189 11895.502
439.468 11960.892
439.747 12000.968
440.026 12031.211
440.305 12082.918
440.584 12075.792
440.863 12160.496
441.142 12179.950
441.421 12241.233
441.700 12279.871
441.979 12303.870
442.258 12348.192
442.538 12439.247
442.817 12428.695
443.096 12466.522
443.375 12490.294
443.654 12564.483
443.933 12611.633
444.212 12692.289
444.491 12661.146
444.770 12739.999
445.049 12777.757
445.328 12830.057
445.607 12874.978
445.886 12932.396
446.165 12938.393
446.444 12989.202
446.723 13039.229
447.003 13076.520
447.282 13085.435
447.561 13154.348
447.840 13206.290
448.119 13252.935
448.398 13278.902
448.677 13373.356
448.956 13385.881
449.235 13427.828
449.514 13458.591
449.793 13498.968
450.072 13600.566
450.351 13639.884
450.630 13652.268
450.909 13669.642
451.188 13786.037
451.468 13816.308
451.747 13845.415
452.026 13887.725
452.305 13937.206
452.584 13967.537
452.863 14021.299
453.142 14064.865
453.421 14161.705
453.700 14202.809
453.979 14234.409
454.258 14305.055
454.537 14378.276
454.816 14424.132
455.095 14461.016
455.374 14500.975
455.653 14597.071
455.933 14652.926
456.212 14713.205
456.491 14761.509
456.770 14804.674
457.049 14906.324
457.328 14925.946
457.607 15009.212
457.886 15068.873
458.165 15120.189
458.444 15209.004
458.723 15291.093
459.002 15327.792
459.281 15363.389
459.560 15479.897
459.839 15525.605
460.119 15615.953
460.398 15695.320
460.677 15759.935
460.956 15850.344
461.235 15900.752
461.514 16020.383
461.793 16077.562
462.072 16216.922
462.351 16260.135
462.630 16332.924
462.909 16389.950
463.188 16527.423
463.467 16652.677
463.746 16694.343
464.025 16783.902
464.304 16903.577
464.584 16947.347
464.863 17047.399
465.142 17157.499
465.421 17247.148
465.700 17399.922
465.979 17464.171
466.258 17580.403
466.537 17694.784
466.816 17761.203
467.095 17870.400
467.374 17960.800
467.653 18074.065
467.932 18172.088
468.211 18272.916
468.490 18381.296
468.769 18470.914
469.049 18613.527
469.328 18738.912
469.607 18867.912
469.886 18948.911
470.165 19079.910
470.444 19193.102
470.723 19324.557
471.002 19435.213
471.281 19502.409
471.560 19626.532
471.839 19754.414
472.118 19859.483
472.397 19960.786
472.676 20095.284
472.955 20229.278
473.234 20341.953
473.514 20412.375
473.793 20589.616
474.072 20674.621
474.351 20809.180
474.630 20892.825
474.909 21044.384
475.188 21151.563
475.467 21257.990
475.746 21380.845
476.025 21477.579
476.304 21629.972
476.583 21717.369
476.862 21840.011
477.141 21943.822
477.420 22088.843
477.699 22162.131
477.979 22280.784
478.258 22409.300
478.537 22539.370
478.816 22618.343
479.095 22750.394
479.374 22865.245
479.653 22989.580
479.932 23047.203
480.211 23174.104
480.490 23257.874
480.769 23392.437
481.048 23531.415
481.327 23592.427
481.606 23725.545
481.885 23822.669
482.165 23922.150
482.444 23992.608
482.723 24158.747
483.002 24263.626
483.281 24380.719
483.560 24452.048
483.839 24597.159
484.118 24705.379
484.397 24808.595
484.676 24907.250
484.955 24998.820
485.234 25140.485
485.513 25226.942
485.792 25325.900
486.071 25367.459
486.350 25564.440
486.630 25606.924
486.909 25693.202
487.188 25777.632
487.467 25929.167
487.746 25989.490
488.025 26073.503
488.304 26167.726
488.583 26297.259
488.862 26375.237
489.141 26524.693
489.420 26555.173
489.699 26655.839
489.978 26734.898
490.257 26801.907
490.536 26913.425
490.815 27064.725
491.095 27112.896
491.374 27225.947
491.653 27306.194
491.932 27468.013
492.211 27531.122
492.490 27560.167
492.769 27663.782
493.048 27773.307
493.327 27870.510
493.606 28022.262
493.885 28074.098
494.164 28186.000
494.443 28278.007
494.722 28377.498
495.001 28431.444
495.280 28572.854
495.560 28668.183
495.839 28753.117
496.118 28798.014
496.397 28943.321
496.676 29016.965
496.955 29078.378
497.234 29202.244
497.513 29253.602
497.792 29348.920
498.071 29427.390
498.350 29538.053
498.629 29658.776
498.908 29738.252
499.187 29810.876
499.466 29878.212
499.745 29992.784
500.025 30087.343
500.304 30117.405
500.583 30202.628
500.862 30380.480
501.141 30431.838
501.420 30465.608
501.699 30518.406
501.978 30676.222
502.257 30710.787
502.536 30795.172
502.815 30853.639
503.094 30981.625
503.373 31093.746
503.652 31114.957
503.931 31251.574
504.211 31319.965
504.490 31369.609
504.769 31403.647
505.048 31549.496
505.327 31581.949
505.606 31675.940
505.885 31785.366
506.164 31814.836
506.443 31857.373
506.722 31983.500
507.001 32055.857
507.280 32138.425
507.559 32154.029
507.838 32262.839
508.117 32303.779
508.396 32405.524
508.676 32478.760
508.955 32489.539
509.234 32568.572
509.513 32605.936
509.792 32652.089
510.071 32733.114
510.350 32837.562
510.629 32850.908
510.908 32909.521
511.187 32974.136
511.466 33059.202
511.745 33143.364
512.024 33225.646
512.303 33241.329
512.582 33285.048
512.861 33363.780
513.141 33412.437
513.420 33455.892
513.699 33470.777
513.978 33554.194
514.257 33585.729
514.536 33612.344
514.815 33717.092
515.094 33737.886
515.373 33776.759
515.652 33793.320
515.931 33897.149
516.210 33948.507
516.489 33900.665
516.768 33963.799
517.047 34035.726
517.326 34040.558
517.606 34123.022
517.885 34192.221
518.164 34260.414
518.443 34291.550
518.722 34360.431
519.001 34403.112
519.280 34454.483
519.559 34504.182
519.838 34531.130
520.117 34623.655
520.396 34637.097
520.675 34671.630
520.954 34726.850
521.233 34762.400
521.512 34805.390
521.791 34864.801
522.071 34900.915
522.350 34974.558
522.629 35018.126
522.908 35035.431
523.187 35107.858
523.466 35133.660
523.745 35196.091
524.024 35225.492
524.303 35254.066
524.582 35313.923
524.861 35374.626
525.140 35469.093
525.419 35463.415
525.698 35452.988
525.977 35480.201
526.257 35594.980
526.536 35652.122
526.815 35667.676
527.094 35659.436
527.373 35740.726
527.652 35813.603
527.931 35842.242
528.210 35882.090
528.489 35926.750
528.768 35965.612
529.047 36032.909
529.326 36113.477
529.605 36112.422
529.884 36133.128
530.163 36215.640
530.442 36256.358
530.722 36253.277
531.001 36360.523
531.280 36380.048
531.559 36366.456
531.838 36384.413
532.117 36415.050
532.396 36532.362
532.675 36501.613
532.954 36588.179
533.233 36629.455
533.512 36640.211
533.791 36679.945
534.070 36716.841
534.349 36850.900
534.628 36796.116
534.907 36868.908
535.187 36864.168
535.466 36920.015
535.745 36946.579
536.024 36959.861
536.303 37040.544
536.582 37038.680
536.861 37084.387
537.140 37128.154
537.419 37168.275
537.698 37246.839
537.977 37199.892
538.256 37233.478
538.535 37266.874
538.814 37316.794
539.093 37287.184
539.372 37298.930
539.652 37403.908
539.931 37381.876
540.210 37452.666
540.489 37492.972
540.768 37494.890
541.047 37557.805
541.326 37584.301
541.605 37593.345
541.884 37570.838
542.163 37662.495
542.442 37660.259
542.721 37725.114
543.000 37719.332
543.279 37719.331
543.558 37736.671
543.837 37747.988
544.117 37789.250
544.396 37816.098
544.675 37749.672
544.954 37811.265
545.233 37845.898
545.512 37810.113
545.791 37881.679
546.070 37816.881
546.351 37896.184
546.632 37836.221
546.912 37882.642
547.193 37863.166
547.474 37894.143
547.755 37927.954
548.036 37791.930
548.317 37875.747
548.597 37928.989
548.878 37852.654
549.159 37895.206
549.440 37875.742
549.721 37915.513
550.001 37892.301
550.282 37914.544
550.563 37849.891
550.844 37904.963
551.125 37905.837
551.406 37880.921
551.686 37931.046
551.967 37883.927
552.248 37891.744
552.529 37917.676
552.810 37935.997
553.090 37876.446
553.371 37928.349
553.652 37905.318
553.933 37880.293
554.214 37859.388
554.495 37910.299
554.775 37893.007
555.056 37877.636
555.337 37919.902
555.618 37925.665
555.899 37900.688
556.179 37925.663
556.460 37955.398
556.741 37962.091
557.022 37928.541
557.303 37892.894
557.584 37914.845
557.864 37891.618
558.145 37856.901
558.426 37907.742
558.707 37891.195
558.988 37953.059
559.268 37916.200
559.549 37960.701
559.830 37859.669
560.111 37835.866
560.392 37883.282
560.673 37904.319
560.953 37960.232
561.234 38038.136
561.515 38017.401
561.796 37950.140
562.077 37883.753
562.357 37838.718
562.638 37901.883
562.919 37836.750
563.200 37962.473
563.481 37969.432
563.762 37989.531
564.042 37908.123
564.323 37824.881
564.604 37808.623
564.885 37813.460
565.166 37830.219
565.446 37804.820
565.727 37837.955
566.008 37817.935
566.289 37774.544
566.570 37774.997
566.851 37832.059
567.131 37726.656
567.412 37693.730
567.693 37666.232
567.974 37715.141
568.255 37637.477
568.535 37588.328
568.816 37578.719
569.097 37637.109
569.378 37557.675
569.659 37573.278
569.940 37590.328
570.220 37527.137
570.501 37615.633
570.782 37526.132
571.063 37489.531
571.344 37459.931
571.624 37398.347
571.905 37406.769
572.186 37419.807
572.467 37319.825
572.748 37350.296
573.029 37311.412
573.309 37333.544
573.590 37346.970
573.871 37278.209
574.152 37274.184
574.433 37252.050
574.713 37255.581
574.994 37189.673
575.275 37184.006
575.556 37062.910
575.837 37083.197
576.118 37064.042
576.398 37005.579
576.679 37020.714
576.960 36990.431
577.252 36978.308
577.543 36929.822
577.835 36916.689
578.127 36883.355
578.418 36835.879
578.710 36784.144
579.002 36726.785
579.293 36654.057
579.585 36673.950
579.877 36647.222
580.168 36627.931
580.460 36580.804
580.752 36545.788
581.043 36474.041
581.335 36486.756
581.627 36404.186
581.918 36415.649
582.210 36319.533
582.502 36282.722
582.793 36287.693
583.085 36246.920
583.376 36140.142
583.668 36179.894
583.960 36100.615
584.251 36095.552
584.543 36040.841
584.835 35919.847
585.126 35931.078
585.418 35895.736
585.710 35812.553
586.001 35734.670
586.293 35667.519
586.585 35644.926
586.876 35552.696
587.168 35495.283
587.460 35485.320
587.751 35408.878
588.043 35417.080
588.335 35392.307
588.626 35329.280
588.918 35236.040
589.210 35165.760
589.501 35142.751
589.793 35090.158
590.085 35054.406
590.376 34960.325
590.668 34964.476
590.960 34919.899
591.251 34830.640
591.543 34743.590
591.835 34715.383
592.126 34706.559
592.418 34622.023
592.710 34556.517
593.001 34514.375
593.293 34432.571
593.585 34368.398
593.876 34317.060
594.168 34259.582
594.460 34203.053
594.751 34153.748
595.043 34049.834
595.334 34013.352
595.626 33934.955
595.918 33851.172
596.209 33837.933
596.501 33731.655
596.793 33707.368
597.084 33569.286
597.376 33534.375
597.668 33499.928
597.959 33478.914
598.251 33324.468
598.543 33241.582
598.834 33137.019
599.126 33145.777
599.418 33063.967
599.709 33010.155
600.001 32896.041
600.293 32879.764
600.584 32790.323
600.876 32741.830
601.168 32652.389
601.459 32548.939
601.751 32562.475
602.043 32489.118
602.334 32369.376
602.626 32237.255
602.918 32221.345
603.209 32153.456
603.501 32180.394
603.793 32059.767
604.084 32004.739
604.376 31868.173
604.668 31816.559
604.959 31743.439
605.251 31678.192
605.543 31619.780
605.834 31497.738
606.126 31445.584
606.418 31366.693
606.709 31312.986
607.001 31237.541
607.292 31141.125
607.584 31101.381
607.876 31062.711
608.167 30918.953
608.459 30866.289
608.751 30802.334
609.042 30675.994
609.334 30656.721
609.626 30582.220
609.917 30495.597
610.209 30424.090
610.501 30404.879
610.792 30377.793
611.084 30331.596
611.376 30198.052
611.667 30134.004
611.959 30031.073
612.251 29964.517
612.542 29886.815
612.834 29798.071
613.126 29715.405
613.417 29673.628
613.709 29616.551
614.001 29558.794
614.292 29420.115
614.584 29394.206
614.876 29351.073
615.167 29274.006
615.459 29184.748
615.751 29095.106
616.042 29041.593
616.334 28954.250
616.626 28890.450
616.917 28907.708
617.209 28819.779
617.501 28737.226
617.792 28736.757
618.084 28661.745
618.376 28629.373
618.667 28526.742
618.959 28444.223
619.250 28415.119
619.542 28357.320
619.834 28310.023
620.125 28237.946
620.417 28189.081
620.709 28196.824
621.000 28112.602
621.292 28033.188
621.584 27953.927
621.875 27902.718
622.167 27875.663
622.459 27799.333
622.750 27692.383
623.042 27635.079
623.334 27608.025
623.625 27554.453
623.917 27472.756
624.209 27409.382
624.500 27328.143
624.792 27280.327
625.084 27278.388
625.375 27170.994
625.667 27121.644
625.959 27013.875
626.250 27011.944
626.542 26964.288
626.834 26904.856
627.125 26833.449
627.417 26798.326
627.709 26726.571
628.000 26659.121
628.292 26592.830
628.584 26545.370
628.875 26463.470
629.167 26445.260
629.459 26430.387
629.750 26291.605
630.042 26285.980
630.334 26207.161
630.625 26144.532
630.917 26109.173
631.208 26051.746
631.500 25960.655
631.792 25900.855
632.083 25872.026
632.375 25794.080
632.667 25774.706
632.958 25674.254
633.250 25647.900
633.542 25582.999
633.833 25541.959
634.125 25452.965
634.417 25410.116
634.708 25316.089
635.000 25296.204
635.292 25259.091
635.583 25201.455
635.875 25173.317
636.167 25124.481
636.458 25056.860
636.750 25034.543
637.042 24925.860
637.333 24952.037
637.625 24874.102
637.917 24836.716
638.208 24797.238
638.500 24721.727
638.792 24706.740
639.083 24616.735
639.375 24591.390
639.667 24543.625
639.958 24519.159
640.250 24442.179
640.542 24460.184
640.833 24377.360
641.125 24338.307
641.417 24343.678
641.708 24289.568
642.000 24289.143
642.292 24240.076
642.583 24203.561
642.875 24152.379
643.166 24139.717
643.458 24127.386
643.750 24125.178
644.041 24095.370
644.333 24047.179
644.625 24083.046
644.916 24056.237
645.208 24035.982
645.500 24006.589
645.791 24030.441
646.083 23949.798
646.375 23952.543
646.666 23942.468
646.958 23935.141
647.250 23932.392
647.541 23878.250
647.833 23847.224
648.125 23824.006
648.416 23795.564
648.708 23804.378
649.000 23759.340
649.291 23746.237
649.583 23742.319
649.875 23759.369
650.166 23710.207
650.458 23725.396
650.750 23682.547
651.041 23652.595
651.333 23640.545
651.625 23641.733
651.916 23607.576
652.208 23579.816
652.500 23571.427
652.791 23569.691
653.083 23512.255
653.375 23497.323
653.666 23482.819
653.958 23477.162
654.250 23462.599
654.541 23437.679
654.833 23401.435
655.124 23367.502
655.416 23404.430
655.708 23339.737
655.999 23342.565
656.291 23305.116
656.583 23312.019
656.874 23312.608
657.166 23253.894
657.458 23302.761
657.749 23285.682
658.041 23243.216
658.333 23254.144
658.624 23231.527
658.916 23227.715
659.208 23233.651
659.499 23220.513
659.791 23183.297
660.083 23190.157
660.374 23126.283
660.666 23171.378
660.958 23147.594
661.249 23101.518
661.541 23133.351
661.833 23098.833
662.124 23119.194
662.416 23082.768
662.708 23083.809
662.999 23073.220
663.291 23033.790
663.583 23060.880
663.874 23014.546
664.166 23041.612
664.458 23004.900
664.749 23001.996
665.041 22993.278
665.333 22978.761
665.624 22985.508
665.916 22960.288
666.208 22949.568
666.499 22979.643
666.791 22927.022
667.082 22890.233
667.374 22868.595
667.666 22883.199
667.957 22873.213
668.249 22848.821
668.541 22879.687
668.832 22838.747
669.124 22802.383
669.416 22850.033
669.707 22821.425
669.999 22791.983
670.291 22764.271
670.582 22775.616
670.874 22760.615
671.166 22742.879
671.457 22752.241
671.749 22729.535
672.041 22696.657
672.332 22705.548
672.624 22674.270
672.916 22617.832
673.207 22626.001
673.499 22626.621
673.791 22612.331
674.082 22598.413
674.374 22619.523
674.666 22602.589
674.957 22581.833
675.249 22533.927
675.541 22514.963
675.832 22498.493
676.124 22528.518
676.416 22494.977
676.707 22467.921
676.999 22473.931
677.291 22456.808
677.582 22430.702
677.874 22385.907
678.166 22437.601
678.457 22380.013
678.749 22377.995
679.040 22350.120
679.332 22338.351
679.624 22348.802
679.915 22328.910
680.207 22311.004
680.499 22245.146
680.790 22278.129
681.082 22251.731
681.374 22184.912
681.665 22213.582
681.957 22165.767
682.249 22133.347
682.540 22123.287
682.832 22083.445
683.124 22126.599
683.415 22069.396
683.707 22078.748
683.999 22033.710
684.290 22003.005
684.582 22056.281
684.874 22024.542
685.165 21954.843
685.457 21923.947
685.749 21880.824
686.040 21874.533
686.332 21875.686
686.624 21814.728
686.915 21793.334
687.207 21774.369
687.499 21770.483
687.790 21734.683
688.082 21770.800
688.374 21727.455
688.665 21679.981
688.957 21663.467
689.249 21626.313
689.540 21575.743
689.832 21563.357
690.124 21515.383
690.415 21495.753
690.707 21516.946
690.998 21440.996
691.290 21429.041
691.582 21396.980
691.873 21355.613
692.165 21325.621
692.457 21317.675
692.748 21269.774
693.040 21247.533
693.332 21240.028
693.623 21212.295
693.915 21145.972
694.207 21083.880
694.498 21068.176
694.790 21051.665
695.082 21045.492
695.373 20974.950
695.665 20961.462
695.957 20917.977
696.248 20883.778
696.540 20871.207
696.836 20814.343
697.133 20794.439
697.429 20736.618
697.725 20709.372
698.021 20637.132
698.318 20651.276
698.614 20567.557
698.910 20584.275
699.207 20515.345
699.503 20447.020
699.799 20439.316
700.095 20428.973
700.392 20362.786
700.688 20336.931
700.984 20267.090
701.281 20233.032
701.577 20229.138
701.873 20206.622
702.169 20166.977
702.466 20073.064
702.762 20066.800
703.058 19997.726
703.355 19970.949
703.651 19909.155
703.947 19874.267
704.243 19817.867
704.540 19808.812
704.836 19746.948
705.132 19742.337
705.428 19694.842
705.725 19648.998
706.021 19573.973
706.317 19543.821
706.614 19545.402
706.910 19463.972
707.206 19398.530
707.502 19364.785
707.799 19334.108
708.095 19271.179
708.391 19232.401
708.688 19218.910
708.984 19133.280
709.280 19112.661
709.576 19083.242
709.873 18973.314
710.169 18944.856
710.465 18925.621
710.762 18857.598
711.058 18792.028
711.354 18758.346
711.650 18713.286
711.947 18675.834
712.243 18626.992
712.539 18572.444
712.836 18516.365
713.132 18444.269
713.428 18412.009
713.724 18348.498
714.021 18323.976
714.317 18273.621
714.613 18202.716
714.910 18123.193
715.206 18107.019
715.502 18076.000
715.798 17965.659
716.095 17939.509
716.391 17884.573
716.687 17847.533
716.984 17822.506
717.280 17718.399
717.576 17676.679
717.872 17645.321
718.169 17611.674
718.465 17538.671
718.761 17508.669
719.058 17429.666
719.354 17386.278
719.650 17349.010
719.946 17305.659
720.243 17234.125
720.539 17186.654
720.835 17150.802
721.131 17086.649
721.428 17068.715
721.724 17039.723
722.020 16953.595
722.317 16910.550
722.613 16846.329
722.909 16836.470
723.205 16751.134
723.502 16706.629
723.798 16690.317
724.094 16645.624
724.391 16628.621
724.687 16572.047
724.983 16522.571
725.279 16438.858
725.576 16430.320
725.872 16346.224
726.168 16299.408
726.465 16276.222
726.761 16177.536
727.057 16155.510
727.353 16112.694
727.650 16068.116
727.946 16023.427
728.242 15992.647
728.539 15909.311
728.835 15869.755
729.131 15829.287
729.427 15744.389
729.724 15711.746
730.020 15680.408
730.316 15626.057
730.613 15584.553
730.909 15494.129
731.205 15459.587
731.501 15419.684
731.798 15368.399
732.094 15324.338
732.390 15252.511
732.687 15205.669
732.983 15123.569
733.279 15090.102
733.575 15041.871
733.872 14979.860
734.168 14942.456
734.464 14866.666
734.761 14832.544
735.057 14755.681
735.353 14739.946
735.649 14680.632
735.946 14610.530
736.242 14548.103
736.538 14465.141
736.835 14414.058
737.131 14362.888
737.427 14297.555
737.723 14266.180
738.020 14239.195
738.316 14143.484
738.612 14081.778
738.909 14077.934
739.205 13959.343
739.501 13945.575
739.797 13864.466
740.094 13799.102
740.390 13749.000
740.686 13706.232
740.982 13661.911
741.279 13592.835
741.575 13572.446
741.871 13495.562
742.168 13457.847
742.464 13375.572
742.760 13332.474
743.056 13291.907
743.353 13258.792
743.649 13181.812
743.945 13137.826
744.242 13098.666
744.538 13044.680
744.834 12995.526
745.130 12937.558
745.427 12872.722
745.723 12848.161
746.019 12795.895
746.316 12728.046
746.612 12691.358
746.908 12620.489
747.204 12584.478
747.501 12553.114
747.797 12479.732
748.093 12453.062
748.390 12385.998
748.686 12346.890
748.982 12270.608
749.278 12250.389
749.575 12171.335
749.871 12143.948
750.167 12090.480
750.464 12041.013
750.760 12022.179
751.056 11931.065
751.352 11888.378
751.649 11850.417
751.945 11824.595
752.241 11756.823
752.538 11667.688
752.834 11649.113
753.130 11587.418
753.426 11549.703
753.723 11527.241
754.019 11452.442
754.315 11415.513
754.611 11371.341
754.908 11308.030
755.204 11273.335
755.500 11214.332
755.797 11174.853
756.093 11098.326
756.389 11044.411
756.685 11017.354
756.982 10950.167
757.278 10885.971
757.574 10849.709
757.871 10823.602
758.167 10763.358
758.463 10715.448
758.759 10639.216
759.056 10597.686
759.352 10520.374
759.648 10502.298
759.945 10445.066
760.241 10429.862
760.537 10367.855
760.833 10298.065
761.130 10256.815
761.426 10178.161
761.722 10149.162
762.019 10108.129
762.315 10052.577
762.611 9998.246
762.907 9941.848
763.204 9915.491
763.500 9876.009
763.802 9799.238
764.104 9748.476
764.406 9701.961
764.708 9672.985
765.010 9605.898
765.312 9571.661
765.615 9524.521
765.917 9504.283
766.219 9444.555
766.521 9386.859
766.823 9337.261
767.125 9300.112
767.427 9265.931
767.729 9220.512
768.031 9187.006
768.333 9122.152
768.635 9027.609
768.937 9028.679
769.239 8981.880
769.542 8927.017
769.844 8874.168
770.146 8830.466
770.448 8791.633
770.750 8737.446
771.052 8691.932
771.354 8658.680
771.656 8594.265
771.958 8565.911
772.260 8534.307
772.562 8491.491
772.864 8418.093
773.166 8402.600
773.468 8354.589
773.771 8295.643
774.073 8242.996
774.375 8193.387
774.677 8169.866
774.979 8120.783
775.281 8057.326
775.583 8054.425
775.885 8001.142
776.187 7964.218
776.489 7922.243
776.791 7888.313
777.093 7852.261
777.395 7782.442
777.698 7749.327
778.000 7690.742
778.302 7654.412
778.604 7621.737
778.906 7568.570
779.208 7549.565
779.510 7491.830
779.812 7457.246
780.114 7400.070
780.416 7337.528
780.718 7316.558
781.020 7282.825
781.322 7251.089
781.625 7197.571
781.927 7161.039
782.229 7127.243
782.531 7094.147
782.833 7043.516
783.135 7022.785
783.437 6965.905
783.739 6933.706
784.041 6880.729
784.343 6834.045
784.645 6800.846
784.947 6781.944
785.249 6724.541
785.552 6684.380
785.854 6640.252
786.156 6584.982
786.458 6553.808
786.760 6514.635
787.062 6474.829
787.364 6435.450
787.666 6390.505
787.968 6354.339
788.270 6314.317
788.572 6253.132
788.874 6230.651
789.176 6200.172
789.478 6166.800
789.781 6138.250
790.083 6110.940
790.385 6072.516
790.687 6029.918
790.989 5972.129
791.291 5952.722
791.593 5913.111
791.895 5888.096
792.197 5847.560
792.499 5798.841
792.801 5780.793
793.103 5752.054
793.405 5698.402
793.708 5664.063
794.010 5632.265
794.312 5605.888
794.614 5546.797
794.916 5532.435
795.218 5474.349
795.520 5474.850
795.822 5429.810
796.124 5399.657
796.426 5352.247
796.728 5316.264
797.030 5283.913
797.332 5252.752
797.635 5194.383
797.937 5189.121
798.239 5146.748
798.541 5103.613
798.843 5077.161
799.145 5054.168
799.447 4997.745
799.749 4976.932
800.051 4921.065
800.353 4909.755
800.655 4863.732
800.957 4837.091
801.259 4802.276
801.562 4756.476
801.864 4729.307
802.166 4712.475
802.468 4692.649
802.770 4633.190
803.072 4609.144
803.374 4576.000
803.676 4543.300
803.978 4529.602
804.280 4506.827
804.582 4467.038
804.884 4421.450
805.186 4403.568
805.488 4363.393
805.791 4341.071
806.093 4313.866
806.395 4268.863
806.697 4267.335
806.999 4233.172
807.301 4192.044
807.603 4161.468
807.905 4143.148
808.207 4117.604
808.509 4094.820
808.811 4059.405
809.113 4038.740
809.415 3993.858
809.718 3971.554
810.020 3927.790
810.322 3900.864
810.624 3884.499
810.926 3868.166
811.228 3817.258
811.530 3799.302
811.834 3785.054
812.139 3756.645
812.443 3719.868
812.748 3692.866
813.052 3687.768
813.357 3663.458
813.661 3637.939
813.966 3600.040
814.270 3587.608
814.574 3560.719
814.879 3544.059
815.183 3514.419
815.488 3488.211
815.792 3460.662
816.097 3432.552
816.401 3406.472
816.706 3392.786
817.010 3377.947
817.314 3349.425
817.619 3335.482
817.923 3312.345
818.228 3281.121
818.532 3266.710
818.837 3224.241
819.141 3200.730
819.445 3187.622
819.750 3184.944
820.054 3152.331
820.359 3137.277
820.663 3110.682
820.968 3097.568
821.272 3059.448
821.577 3038.531
821.881 3020.486
822.185 3014.815
822.490 2994.773
822.794 2969.035
823.099 2955.642
823.403 2922.975
823.708 2899.240
824.012 2890.430
824.317 2872.244
824.621 2848.316
824.925 2829.805
825.230 2800.078
825.534 2775.361
825.839 2766.289
826.143 2738.202
826.448 2739.619
826.752 2704.003
827.057 2697.350
827.361 2676.110
827.665 2660.972
827.970 2647.428
828.274 2623.849
828.579 2613.041
828.883 2594.590
829.188 2579.614
829.492 2550.553
829.796 2552.598
830.101 2537.057
830.405 2523.879
830.710 2482.237
831.014 2481.251
831.319 2451.172
831.623 2442.309
831.928 2431.768
832.232 2420.905
832.536 2399.972
832.841 2387.492
833.145 2356.510
833.450 2351.599
833.754 2335.674
834.059 2319.390
834.363 2310.722
834.668 2290.629
834.972 2269.141
835.276 2260.370
835.581 2245.799
835.885 2235.201
836.190 2221.978
836.494 2200.718
836.799 2203.562
837.103 2194.411
837.407 2165.439
837.712 2167.643
838.016 2158.779
838.321 2124.136
838.625 2111.166
838.930 2124.764
839.234 2095.218
839.539 2079.733
839.843 2072.729
840.147 2048.965
840.452 2027.255
840.756 2023.120
841.061 2008.580
841.365 2011.712
841.670 1985.593
841.974 1987.680
842.279 1983.438
842.583 1970.780
842.887 1948.639
843.192 1933.687
843.496 1924.098
843.801 1921.647
844.105 1904.454
844.410 1901.152
844.714 1889.078
845.019 1879.069
845.323 1873.297
845.627 1846.992
845.932 1836.572
846.236 1826.251
846.541 1825.296
846.845 1819.737
847.150 1811.200
847.454 1793.708
847.758 1809.079
848.063 1789.373
848.367 1772.139
848.672 1772.749
848.976 1752.673
849.281 1744.141
849.585 1737.551
849.890 1728.412
850.194 1715.199
850.498 1714.867
850.803 1688.948
851.107 1685.858
851.412 1679.383
851.716 1669.791
852.021 1666.344
852.325 1652.228
852.630 1634.333
852.934 1635.161
853.238 1631.015
853.543 1622.050
853.847 1612.014
854.152 1604.747
854.456 1601.811
854.761 1575.424
855.065 1574.775
855.370 1578.239
855.674 1563.383
855.978 1557.124
856.283 1557.478
856.587 1546.115
856.892 1535.755
857.196 1517.719
857.501 1516.012
857.805 1513.259
858.109 1505.238
858.414 1495.204
858.718 1493.641
859.023 1484.868
859.327 1468.313
859.632 1469.596
859.936 1472.785
860.241 1445.589
860.545 1432.222
860.849 1439.531
861.154 1437.889
861.458 1431.724
861.763 1422.079
862.067 1416.212
862.372 1418.907
862.676 1404.347
862.981 1407.050
863.285 1398.307
863.589 1401.583
863.894 1386.447
864.198 1379.249
864.503 1369.958
864.807 1380.152
865.112 1374.943
865.416 1373.643
865.721 1364.048
866.025 1355.283
866.329 1358.279
866.634 1364.703
866.938 1367.634
867.243 1338.650
867.547 1336.184
867.852 1333.115
868.156 1339.210
868.460 1317.871
868.765 1331.888
869.069 1339.471
869.374 1325.529
869.678 1311.629
869.983 1310.778
870.287 1312.017
870.592 1319.809
870.896 1313.528
871.200 1300.899
871.505 1305.051
871.809 1294.576
872.114 1304.490
872.418 1293.135
872.723 1281.682
873.027 1296.358
873.332 1283.082
873.636 1286.428
873.940 1280.759
874.245 1277.400
874.549 1288.215
874.854 1270.419
875.158 1269.338
875.463 1269.749
875.767 1265.226
876.072 1254.841
876.376 1256.413
876.680 1243.065
876.985 1235.607
877.289 1254.819
877.594 1246.209
877.898 1246.886
878.203 1241.445
878.507 1244.841
878.811 1230.983
879.116 1241.647
879.420 1236.631
879.725 1216.250
880.029 1215.212
880.334 1214.620
880.638 1210.459
880.943 1216.620
881.247 1213.175
881.551 1209.342
881.856 1203.533
882.160 1193.890
882.465 1198.787
882.769 1196.425
883.074 1193.140
883.378 1193.867
883.683 1194.769
883.987 1176.758
884.291 1191.124
884.596 1183.685
884.900 1193.280
885.205 1192.923
885.509 1193.268
885.814 1194.550
886.118 1202.355
886.423 1191.990
886.727 1211.442
887.031 1206.886
887.336 1222.754
887.640 1218.902
887.945 1221.322
888.249 1214.532
888.554 1225.876
888.858 1224.547
889.162 1233.383
889.467 1227.394
889.771 1233.798
890.076 1239.982
890.380 1243.166
890.685 1259.420
890.989 1248.653
891.294 1247.503
891.598 1238.996
891.902 1241.523
892.207 1238.764
892.511 1252.519
892.816 1248.153
893.120 1254.123
893.425 1262.638
893.729 1260.311
894.034 1247.892
894.338 1246.965
894.642 1248.337
894.947 1248.101
895.251 1245.783
895.556 1243.231
895.860 1243.449
896.165 1242.518
896.469 1247.365
896.774 1252.680
897.078 1243.874
897.382 1251.515
897.687 1247.099
897.991 1256.616
898.296 1254.057
898.600 1254.981
898.905 1249.625
899.209 1249.851
899.513 1240.524
899.818 1256.600
900.122 1258.008
900.427 1243.527
900.731 1249.350
901.036 1250.277
901.340 1245.355
901.645 1246.989
901.949 1240.885
902.253 1248.376
902.558 1250.713
902.862 1251.409
903.167 1247.408
903.471 1249.988
903.776 1250.688
904.080 1247.620
904.385 1242.904
904.689 1246.186
904.993 1247.589
905.298 1243.801
905.602 1240.696
905.907 1240.689
906.211 1243.064
906.516 1233.818
906.820 1228.996
907.125 1246.347
907.429 1229.714
907.733 1233.727
908.038 1235.341
908.342 1227.708
908.647 1226.531
908.951 1226.308
909.256 1228.857
909.560 1233.621
909.864 1246.003
910.169 1228.316
910.473 1224.700
910.778 1228.958
911.082 1218.734
911.387 1217.229
911.691 1231.812
911.996 1221.683
912.300 1224.773
912.609 1216.528
912.918 1223.479
913.227 1221.329
913.537 1207.070
913.846 1218.424
914.155 1204.754
914.464 1217.529
914.773 1213.508
915.082 1215.234
915.391 1221.267
915.700 1217.372
916.010 1208.253
916.319 1211.169
916.628 1203.960
916.937 1210.794
917.246 1196.315
917.555 1196.116
917.864 1205.508
918.174 1203.539
918.483 1205.290
918.792 1215.710
919.101 1199.394
919.410 1189.544
919.719 1198.981
920.028 1202.922
920.337 1201.536
920.647 1207.674
920.956 1210.273
921.265 1194.966
921.574 1186.585
921.883 1183.591
922.192 1190.928
922.501 1197.098
922.811 1193.483
923.120 1192.861
923.429 1191.039
923.738 1188.835
924.047 1182.544
924.356 1176.499
924.665 1192.161
924.974 1181.236
925.284 1191.715
925.593 1172.475
925.902 1181.667
926.211 1179.621
926.520 1174.877
926.829 1186.093
927.138 1185.442
927.448 1172.493
927.757 1175.071
928.066 1178.989
928.375 1179.533
928.684 1177.830
928.993 1178.005
929.302 1178.364
929.611 1165.411
929.921 1171.127
930.230 1164.867
930.539 1167.290
930.848 1156.124
931.157 1162.731
931.466 1160.757
931.775 1164.785
932.085 1156.782
932.394 1157.275
932.703 1159.914
933.012 1162.921
933.321 1161.802
933.630 1154.872
933.939 1152.759
934.248 1163.323
934.558 1151.778
934.867 1155.558
935.176 1167.379
935.485 1160.500
935.794 1152.273
936.103 1170.103
936.412 1164.391
936.721 1172.964
937.031 1186.898
937.340 1191.196
937.649 1172.563
937.958 1186.600
938.267 1200.554
938.576 1194.545
938.885 1212.698
939.195 1207.450
939.504 1207.027
939.813 1220.223
940.122 1210.782
940.431 1230.075
940.740 1221.374
941.049 1230.362
941.359 1231.228
941.668 1236.544
941.977 1251.330
942.286 1241.090
942.595 1230.729
942.904 1238.067
943.213 1239.107
943.522 1234.315
943.832 1226.453
944.141 1214.269
944.450 1235.662
944.759 1227.553
945.068 1230.156
945.377 1213.791
945.686 1212.000
945.995 1222.720
946.305 1208.976
946.614 1222.848
946.923 1214.964
947.232 1202.782
947.541 1190.505
947.850 1179.496
948.159 1174.738
948.469 1164.851
948.778 1177.194
949.087 1165.308
949.396 1146.529
949.705 1152.336
950.014 1152.439
950.323 1138.744
950.632 1122.175
950.942 1116.208
951.251 1135.191
951.560 1118.122
951.869 1096.618
952.178 1095.859
952.487 1096.511
952.796 1083.195
953.106 1061.142
953.415 1071.830
953.724 1072.793
954.033 1073.748
954.342 1065.649
954.651 1049.442
954.960 1036.993
955.269 1036.537
955.579 1031.689
955.888 1024.287
956.197 1020.613
956.506 1014.604
956.815 1007.514
957.124 1002.794
957.433 991.228
957.743 987.867
958.052 990.152
958.361 971.970
958.670 978.880
958.979 966.711
959.288 960.010
959.597 971.432
959.906 963.754
960.216 949.719
960.525 942.070
960.834 934.724
961.143 927.536
961.452 932.235
961.761 916.295
962.070 923.237
962.380 902.253
962.689 905.937
962.998 895.663
963.307 890.012
963.616 895.466
963.925 876.206
964.234 880.193
964.543 871.908
964.853 881.448
965.162 871.148
965.471 867.719
965.780 852.016
966.095 863.299
966.410 856.057
966.725 847.989
967.040 838.880
967.356 837.029
967.671 834.017
967.986 831.005
968.301 832.993
968.616 828.981
968.931 834.969
969.246 822.957
969.561 835.945
969.876 833.933
970.192 833.921
970.507 829.909
970.822 822.897
971.137 811.885
971.452 815.872
971.767 824.860
972.082 821.848
972.397 811.836
972.712 804.823
973.028 802.811
973.343 807.798
973.658 798.786
973.973 795.774
974.288 803.761
974.603 803.749
974.918 798.736
975.233 804.723
975.548 802.711
975.864 798.698
976.179 795.685
976.494 791.673
976.809 790.660
977.124 793.647
977.439 789.634
977.754 790.622
978.069 788.609
978.384 787.596
978.700 779.583
979.015 781.570
979.330 779.557
979.645 785.544
979.960 773.531
980.275 772.518
980.590 782.505
980.905 781.492
981.221 773.478
981.536 772.465
981.851 767.452
982.166 764.439
982.481 758.425
982.796 758.412
983.111 766.399
983.426 762.385
983.741 758.372
984.057 753.359
984.372 750.345
984.687 742.331
985.002 743.318
985.317 737.304
985.632 741.291
985.947 735.277
986.262 742.263
986.577 740.250
986.893 737.236
987.208 735.222
987.523 733.208
987.838 717.194
988.153 724.181
988.468 735.167
988.783 722.153
989.098 726.139
989.413 724.125
989.729 731.111
990.044 729.096
990.359 725.082
990.674 733.068
990.989 729.054
991.304 722.040
991.619 736.025
991.934 735.011
992.249 739.997
992.565 723.982
992.880 714.968
993.195 719.954
993.510 722.939
993.825 720.925
994.140 714.910
994.455 723.895
994.770 733.881
995.085 726.866
995.401 737.851
995.716 718.837
996.031 725.822
996.346 719.807
996.661 715.792
996.976 717.777
997.291 723.762
997.606 717.748
997.921 722.733
998.237 719.718
998.552 725.702
998.867 731.687
999.182 738.672
999.497 731.657
999.812 732.642
1000.127 733.627
1000.442 741.611
1000.757 745.596
1001.073 742.581
1001.388 747.565
1001.703 750.550
1002.018 741.534
1002.333 744.519
1002.648 752.503
1002.963 768.488
1003.278 749.472
1003.593 749.456
1003.909 763.441
1004.224 767.425
1004.539 772.409
1004.854 781.393
1005.169 777.377
1005.484 774.361
1005.799 778.345
1006.114 791.329
1006.429 782.313
1006.745 776.297
1007.060 790.281
1007.375 797.265
1007.690 798.249
1008.005 799.233
1008.320 803.216
1008.635 817.200
1008.950 815.184
1009.265 821.167
1009.581 810.151
1009.896 816.134
1010.211 832.118
1010.526 838.101
1010.841 819.085
1011.156 816.068
1011.471 826.051
1011.786 841.035
1012.102 843.018
1012.417 843.001
1012.732 847.984
1013.047 840.967
1013.362 848.950
1013.677 851.933
1013.992 853.916
1014.307 856.899
1014.622 862.882
1014.938 861.865
1015.253 863.848
1015.568 873.831
1015.883 874.813
1016.198 875.796
1016.513 887.779
1016.828 883.761
1017.143 879.744
1017.458 889.726
1017.774 888.709
1018.089 894.691
1018.404 900.673
1018.719 904.656
1019.034 914.638
1019.349 919.620
1019.664 912.603
1019.979 911.585
1020.294 918.567
1020.610 924.549
1020.925 934.531
1021.240 921.513
1021.555 935.495
1021.870 946.477
1022.185 942.458
1022.500 944.440
1022.815 954.422
1023.130 956.403
1023.446 961.385
1023.761 962.367
1024.076 968.348
1024.391 967.330
1024.706 974.311
1025.021 981.293
1025.336 987.274
1025.651 988.255
1025.966 990.236
1026.282 990.218
1026.597 1002.199
1026.912 997.180
1027.227 1014.161
1027.542 1013.142
1027.857 1012.123
1028.172 1019.104
1028.487 1028.085
1028.802 1036.066
1029.118 1029.046
1029.433 1036.027
1029.748 1038.008
1030.063 1052.988
1030.378 1051.969
1030.693 1053.949
1031.008 1051.930
1031.323 1059.910
1031.638 1053.891
1031.954 1059.871
1032.269 1071.851
1032.584 1076.832
1032.899 1064.812
1033.214 1077.792
1033.529 1076.772
1033.844 1080.752
1034.159 1097.732
1034.474 1103.712
1034.790 1102.692
1035.105 1091.671
1035.420 1075.651
1035.735 1091.631
1036.050 1105.611
1036.365 1095.590
1036.680 1094.570
1036.995 1108.549
1037.310 1111.529
1037.626 1109.508
1037.941 1108.487
1038.256 1106.467
1038.571 1107.446
1038.886 1114.425
1039.201 1113.404
1039.516 1122.383
1039.831 1109.362
1040.146 1117.341
1040.462 1112.320
1040.777 1113.299
1041.092 1112.278
1041.407 1114.256
1041.722 1115.235
1042.037 1118.214
1042.352 1111.192
1042.667 1113.171
1042.982 1118.149
1043.298 1130.128
1043.613 1117.106
1043.928 1121.084
1044.243 1120.063
1044.558 1114.041
1044.873 1121.019
1045.188 1127.997
1045.503 1117.975
1045.819 1113.953
1046.134 1109.931
1046.449 1107.909
1046.764 1107.887
1047.079 1103.864
1047.394 1117.842
1047.709 1115.820
1048.024 1108.797
1048.339 1098.775
1048.655 1100.752
1048.970 1105.729
1049.285 1106.707
1049.600 1108.684
1049.915 1099.661
1050.230 1101.638
1050.545 1103.615
1050.860 1091.592
1051.175 1093.569
1051.491 1097.546
1051.806 1102.523
1052.121 1093.500
1052.436 1097.477
1052.751 1088.453
1053.066 1090.430
1053.381 1099.406
1053.696 1077.383
1054.011 1081.359
1054.327 1072.336
1054.642 1075.312
1054.957 1067.288
1055.272 1082.264
1055.587 1077.241
1055.902 1074.217
1056.217 1068.193
1056.532 1071.168
1056.847 1071.144
1057.163 1061.120
1057.478 1065.096
1057.793 1058.072
1058.108 1051.047
1058.423 1055.023
1058.738 1048.998
1059.053 1053.974
1059.368 1049.949
1059.683 1051.924
1059.999 1046.900
1060.314 1046.875
1060.629 1051.850
1060.944 1056.825
1061.259 1049.800
1061.574 1039.775
1061.889 1038.750
1062.204 1039.724
1062.519 1045.699
1062.835 1045.674
1063.150 1040.648
1063.465 1035.623
1063.780 1041.597
1064.095 1038.572
1064.410 1031.546
1064.725 1034.520
1065.040 1039.494
1065.355 1028.468
1065.671 1032.442
1065.986 1024.416
1066.301 1022.390
1066.616 1023.364
1066.931 1030.338
1067.246 1036.312
1067.561 1025.285
1067.876 1024.259
1068.191 1023.232
1068.507 1020.206
1068.822 1017.179
1069.137 1022.152
1069.452 1023.126
1069.767 1027.099
1070.082 1010.072
1070.397 1014.045
1070.712 1008.018
1071.027 1008.991
1071.343 1008.964
1071.658 1014.936
1071.973 1001.909
1072.288 1013.882
1072.603 1002.854
1072.918 1010.827
1073.233 1002.799
1073.548 1011.771
1073.863 1001.743
1074.179 1003.716
1074.494 994.688
1074.809 992.660
1075.124 994.632
1075.439 998.604
1075.754 993.575
1076.069 988.547
1076.384 983.519
1076.699 985.490
1077.015 977.462
1077.330 984.433
1077.645 985.405
1077.960 985.376
1078.275 985.347
1078.590 980.318
1078.905 981.289
1079.220 973.260
1079.536 979.231
1079.851 981.202
1080.166 977.173
1080.481 984.144
1080.796 974.114
1081.111 974.085
1081.426 977.055
1081.741 981.026
1082.056 973.996
1082.372 983.966
1082.687 973.936
1083.002 968.906
1083.317 980.876
1083.632 983.846
1083.947 974.816
1084.262 966.786
1084.577 970.756
1084.892 971.725
1085.208 970.695
1085.523 970.664
1085.838 951.634
1086.153 963.603
1086.468 959.572
1086.783 965.541
1087.098 950.510
1087.413 958.479
1087.728 958.448
1088.044 953.417
1088.359 959.386
1088.674 956.355
1088.989 941.323
1089.304 953.292
1089.619 962.260
1089.934 963.228
1090.249 951.197
1090.564 949.165
1090.880 943.133
1091.195 954.101
1091.510 951.069
1091.825 950.037
1092.140 946.005
1092.467 949.972
1092.794 954.940
1093.121 945.908
1093.448 943.875
1093.775 950.842
1094.102 938.810
1094.429 955.777
1094.756 950.744
1095.083 938.711
1095.410 945.678
1095.737 945.645
1096.064 933.612
1096.391 938.579
1096.718 935.545
1097.045 938.512
1097.372 937.478
1097.699 934.445
1098.026 937.411
1098.353 936.377
1098.680 937.343
1099.007 929.309
1099.334 938.275
1099.661 933.241
1099.988 929.207
1100.315 930.173
1100.642 938.138
1100.969 932.104
1101.296 929.069
1101.623 936.035
1101.950 927.000
1102.277 929.965
1102.604 926.930
1102.931 928.895
1103.258 932.860
1103.585 927.825
1103.912 930.790
1104.239 921.755
1104.566 928.719
1104.893 927.684
1105.220 921.648
1105.547 913.612
1105.874 931.577
1106.201 919.541
1106.528 917.505
1106.855 915.469
1107.182 917.433
1107.509 922.397
1107.836 929.360
1108.163 927.324
1108.490 934.287
1108.817 931.251
1109.144 919.214
1109.470 926.178
1109.797 923.141
1110.124 924.104
1110.451 919.067
1110.778 923.030
1111.105 925.993
1111.432 927.955
1111.759 927.918
1112.086 923.881
1112.413 916.843
1112.740 931.805
1113.067 927.768
1113.394 928.730
1113.721 921.692
1114.048 923.654
1114.375 918.616
1114.702 922.578
1115.029 928.540
1115.356 925.501
1115.683 899.463
1116.010 914.424
1116.337 911.386
1116.664 909.347
1116.991 902.308
1117.318 913.269
1117.645 917.230
1117.972 910.191
1118.299 907.152
1118.626 906.113
1118.953 914.074
1119.280 902.034
1119.607 906.995
1119.934 908.955
1120.261 913.915
1120.588 892.876
1120.915 893.836
1121.242 897.796
1121.569 891.756
1121.896 902.716
1122.223 904.675
1122.550 901.635
1122.877 897.595
1123.204 902.554
1123.531 899.513
1123.858 891.473
1124.185 903.432
1124.512 891.391
1124.839 894.350
1125.166 883.309
1125.493 890.268
1125.820 888.227
1126.147 890.185
1126.474 887.144
1126.801 886.102
1127.128 893.061
1127.455 881.019
1127.782 885.977
1128.109 882.935
1128.436 879.893
1128.763 885.851
1129.090 874.809
1129.417 874.767
1129.744 883.724
1130.071 867.682
1130.398 879.639
1130.725 856.597
1131.052 879.554
1131.379 870.511
1131.706 872.468
1132.033 868.425
1132.360 857.382
1132.687 864.339
1133.014 858.296
1133.341 849.252
1133.668 853.209
1133.995 851.165
1134.322 859.122
1134.649 846.078
1134.976 844.034
1135.303 850.990
1135.630 845.946
1135.957 851.902
1136.284 839.858
1136.611 844.814
1136.938 834.769
1137.265 831.725
1137.592 836.680
1137.919 823.636
1138.246 819.591
1138.573 814.546
1138.900 810.501
1139.227 802.456
1139.554 806.411
1139.881 808.366
1140.208 793.321
1140.535 801.275
1140.862 798.230
1141.189 788.184
1141.516 789.139
1141.843 785.093
1142.170 779.047
1142.497 762.001
1142.824 777.955
1143.151 766.909
1143.478 772.863
1143.805 765.817
1144.131 770.771
1144.458 771.724
1144.785 770.678
1145.112 767.631
1145.439 761.584
1145.766 760.538
1146.093 769.491
1146.420 762.444
1146.747 767.397
1147.074 756.350
1147.401 754.302
1147.728 757.255
1148.055 757.208
1148.382 745.160
1148.709 753.113
1149.036 757.065
1149.363 753.017
1149.690 743.970
1150.017 753.922
1150.344 758.874
1150.671 746.826
1150.998 751.777
1151.325 748.729
1151.652 745.681
1151.979 742.633
1152.306 743.584
1152.633 749.536
1152.960 752.487
1153.287 751.438
1153.614 739.389
1153.941 740.340
1154.268 740.292
1154.595 740.242
1154.922 751.193
1155.249 747.144
1155.576 748.095
1155.903 737.046
1156.230 740.996
1156.557 728.947
1156.884 740.897
1157.211 751.847
1157.538 740.798
1157.865 748.748
1158.192 741.698
1158.519 738.648
1158.846 738.598
1159.173 742.548
1159.500 737.498
1159.827 736.447
1160.154 725.397
1160.481 729.347
1160.808 739.296
1161.135 739.245
1161.462 744.195
1161.789 734.144
1162.116 740.093
1162.443 732.043
1162.770 718.992
1163.097 717.941
1163.424 727.890
1163.751 728.838
1164.078 722.787
1164.405 722.736
1164.732 720.685
1165.059 725.633
1165.386 718.582
1165.713 719.530
1166.040 734.479
1166.367 717.427
1166.694 719.375
1167.021 723.324
1167.348 717.272
1167.675 713.220
1168.002 716.168
1168.329 711.116
1168.656 711.064
1168.983 698.012
1169.310 706.959
1169.637 702.907
1169.964 699.855
1170.291 697.802
1170.618 690.750
1170.945 676.698
1171.272 668.645
1171.599 666.592
1171.926 658.540
1172.253 658.487
1172.580 657.434
1172.907 660.381
1173.234 639.329
1173.561 632.276
1173.888 633.223
1174.215 618.170
1174.542 626.117
1174.869 630.064
1175.196 623.010
1175.523 619.957
1175.850 628.904
1176.177 632.851
1176.504 620.797
1176.831 626.744
1177.158 621.691
1177.485 623.637
1177.812 617.584
1178.139 615.530
1178.465 623.477
1178.792 622.423
1179.119 608.369
1179.446 609.316
1179.773 601.262
1180.100 611.208
1180.427 592.155
1180.754 593.101
1181.081 592.047
1181.408 593.993
1181.735 589.939
1182.062 596.885
1182.389 581.831
1182.716 572.777
1183.043 581.723
1183.370 582.669
1183.697 577.615
1184.024 573.561
1184.351 569.507
1184.678 578.453
1185.005 560.399
1185.332 564.345
1185.659 561.290
1185.986 570.236
1186.313 574.182
1186.640 565.128
1186.967 561.074
1187.294 562.019
1187.621 563.965
1187.948 557.911
1188.275 550.857
1188.602 550.802
1188.929 554.748
1189.256 553.694
1189.583 547.639
1189.910 558.585
1190.237 545.531
1190.564 542.477
1190.891 545.422
1191.218 558.368
1191.545 553.314
1191.872 543.259
1192.199 533.205
1192.526 540.151
1192.853 531.097
1193.180 536.042
1193.507 541.988
1193.834 529.934
1194.161 527.880
1194.488 529.825
1194.815 538.771
1195.142 531.717
1195.469 527.663
1195.796 521.609
1196.123 528.555
1196.450 526.500
1196.777 513.446
1197.104 513.392
1197.431 513.338
1197.758 517.284
1198.085 511.230
1198.412 520.176
1198.739 513.122
1199.066 525.069
1199.393 525.015
1199.720 500.961
1200.047 505.907
1200.374 504.853
1200.701 492.800
1201.028 494.746
1201.355 490.692
1201.682 491.639
1202.009 484.585
1202.336 482.532
1202.663 486.479
1202.990 486.425
1203.317 479.372
1203.644 468.319
1203.971 471.265
1204.298 473.212
1204.625 476.159
1204.952 467.106
1205.279 473.053
1205.606 467.000
1205.933 451.947
1206.260 449.895
1206.587 460.842
1206.914 455.789
1207.241 444.737
1207.568 453.684
1207.895 457.632
1208.222 453.579
1208.549 445.527
1208.876 443.475
1209.203 443.423
1209.530 442.371
1209.857 439.319
1210.184 437.267
1210.511 435.215
1210.838 422.164
1211.165 431.112
1211.492 421.060
1211.819 424.009
1212.146 416.958
1212.473 400.907
1212.799 415.855
1213.126 410.804
1213.453 397.753
1213.780 399.703
1214.107 404.652
1214.434 400.601
1214.761 403.551
1215.088 403.501
1215.415 384.450
1215.742 395.400
1216.069 383.350
1216.396 389.300
1216.723 396.250
1217.050 390.201
1217.377 385.151
1217.704 383.102
1218.031 377.053
1218.358 371.003
1218.685 376.954
1219.012 368.905
1219.339 361.857
1219.666 364.808
1219.993 358.760
1220.320 370.711
1220.647 362.663
1220.974 359.615
1221.301 351.567
1221.628 340.519
1221.955 349.472
1222.282 343.424
1222.609 348.377
1222.936 342.330
1223.263 347.283
1223.590 340.236
1223.917 342.189
1224.244 336.143
1224.571 340.096
1224.898 338.050
1225.225 333.004
1225.552 330.958
1225.879 328.913
1226.206 323.867
1226.533 326.822
1226.860 322.777
1227.187 311.732
1227.514 321.687
1227.841 318.642
1228.168 313.598
1228.495 317.554
1228.822 312.510
1229.149 311.466
1229.476 318.422
1229.803 317.379
1230.130 307.336
1230.457 295.292
1230.784 293.250
1231.111 303.207
1231.438 301.165
1231.765 300.122
1232.092 299.080
1232.419 296.038
1232.746 301.997
