168.180 6.446
168.450 55.445
168.720 69.445
168.990 68.445
169.260 71.444
169.530 63.444
169.799 64.444
170.069 69.444
170.339 66.443
170.609 72.443
170.879 69.443
171.149 68.442
171.418 71.442
171.688 76.442
171.958 74.441
172.228 70.441
172.498 67.441
172.768 75.441
173.037 66.440
173.307 62.440
173.577 66.440
173.847 62.439
174.117 71.439
174.387 69.439
174.656 77.439
174.926 75.438
175.196 70.438
175.466 69.438
175.736 67.437
176.006 67.437
176.275 65.437
176.545 75.436
176.815 74.436
177.085 74.436
177.355 71.436
177.625 65.435
177.894 67.435
178.164 72.435
178.434 68.434
178.704 73.434
178.974 77.434
179.244 80.434
179.513 73.433
179.783 74.433
180.053 75.433
180.323 67.432
180.593 75.432
180.863 70.432
181.132 65.431
181.402 63.431
181.672 66.431
181.942 72.431
182.212 66.430
182.482 62.430
182.751 64.430
183.021 68.429
183.291 75.429
183.561 70.429
183.831 70.428
184.101 74.428
184.370 73.428
184.640 74.427
184.910 70.427
185.164 65.427
185.417 74.427
185.671 71.426
185.925 62.426
186.178 67.426
186.432 73.425
186.686 72.425
186.939 81.425
187.193 71.424
187.447 73.424
187.700 75.424
187.954 71.424
188.207 70.423
188.461 81.423
188.715 72.423
188.968 76.422
189.222 70.422
189.476 72.422
189.729 71.421
189.983 76.421
190.237 74.421
190.490 75.420
190.744 71.420
190.998 72.420
191.251 82.420
191.505 69.419
191.759 68.419
192.012 70.419
192.266 68.418
192.520 67.418
192.773 76.418
193.027 72.417
193.281 75.417
193.534 63.417
193.788 70.416
194.042 67.416
194.295 72.416
194.549 65.415
194.802 65.415
195.056 76.415
195.310 77.415
195.563 70.414
195.817 69.414
196.071 65.414
196.324 78.413
196.578 70.413
196.832 65.413
197.085 74.412
197.339 86.412
197.593 80.412
197.846 69.411
198.100 64.411
198.354 72.411
198.607 70.410
198.861 76.410
199.115 76.410
199.368 78.410
199.622 72.409
199.876 72.409
200.129 69.409
200.383 76.408
200.636 89.408
200.890 64.408
201.144 74.407
201.397 77.407
201.651 68.407
201.905 74.406
202.158 76.406
202.412 76.406
202.666 75.405
202.919 73.405
203.173 71.405
203.427 72.404
203.680 72.404
203.934 75.404
204.188 70.403
204.441 72.403
204.695 67.403
204.949 73.402
205.202 70.402
205.456 78.402
205.710 73.402
205.963 75.401
206.217 71.401
206.471 72.401
206.724 86.400
206.978 82.400
207.231 74.400
207.485 90.399
207.739 82.399
207.992 85.399
208.246 78.398
208.500 77.398
208.753 85.398
209.007 79.397
209.261 80.397
209.514 72.397
209.768 74.396
210.022 79.396
210.275 69.396
210.529 73.395
210.783 73.395
211.036 81.395
211.290 68.394
211.544 72.394
211.797 71.394
212.051 80.393
212.305 71.393
212.558 78.393
212.812 69.392
213.065 69.392
213.319 70.392
213.573 70.391
213.826 86.391
214.080 75.391
214.334 84.390
214.587 83.390
214.841 78.390
215.095 79.389
215.348 81.389
215.602 71.389
215.856 69.388
216.109 78.388
216.363 74.388
216.617 81.387
216.870 76.387
217.124 77.387
217.378 70.386
217.631 88.386
217.885 74.386
218.139 86.385
218.392 82.385
218.646 78.385
218.900 75.384
219.153 76.384
219.407 82.384
219.660 74.383
219.914 79.383
220.168 78.383
220.421 82.382
220.675 83.382
220.929 85.382
221.182 80.381
221.436 69.381
221.690 75.381
221.943 78.380
222.197 77.380
222.451 75.380
222.704 80.379
222.958 74.379
223.212 73.379
223.465 83.378
223.719 72.378
223.973 78.378
224.226 79.377
224.480 72.377
224.734 79.376
224.987 77.376
225.241 75.376
225.494 77.375
225.748 77.375
226.002 79.375
226.255 84.374
226.509 82.374
226.763 78.374
227.016 69.373
227.270 78.373
227.524 78.373
227.777 76.372
228.031 81.372
228.285 74.372
228.538 76.371
228.792 76.371
229.046 71.371
229.299 73.370
229.553 83.370
229.807 76.370
230.060 84.369
230.314 78.369
230.568 82.368
230.821 83.368
231.075 83.368
231.329 77.367
231.582 79.367
231.836 82.367
232.089 75.366
232.343 84.366
232.597 81.366
232.850 86.365
233.104 80.365
233.358 82.365
233.611 77.364
233.865 90.364
234.119 85.364
234.372 89.363
234.626 76.363
234.880 79.362
235.133 77.362
235.387 74.362
235.641 81.361
235.894 83.361
236.148 78.361
236.402 90.360
236.655 89.360
236.909 78.360
237.163 76.359
237.416 82.359
237.670 81.359
237.924 86.358
238.177 85.358
238.431 95.357
238.684 87.357
238.938 85.357
239.192 87.356
239.445 87.356
239.699 76.356
239.953 79.355
240.206 91.355
240.460 81.355
240.714 80.354
240.967 81.354
241.221 81.353
241.475 83.353
241.728 87.353
241.982 80.352
242.236 85.352
242.489 81.352
242.743 82.351
242.997 80.351
243.250 81.351
243.504 85.350
243.758 80.350
244.011 90.349
244.265 84.349
244.518 80.349
244.772 79.348
245.026 87.348
245.279 83.348
245.533 76.347
245.787 81.347
246.040 84.347
246.294 88.346
246.548 86.346
246.801 83.345
247.055 85.345
247.309 81.345
247.562 86.344
247.816 82.344
248.070 91.344
248.323 88.343
248.577 84.343
248.831 85.342
249.084 83.342
249.338 87.342
249.592 96.341
249.845 90.341
250.099 85.341
250.353 88.340
250.606 87.340
250.860 81.339
251.113 89.339
251.367 85.339
251.621 82.338
251.874 91.338
252.128 88.338
252.382 87.337
252.635 91.337
252.889 94.336
253.143 85.336
253.396 88.336
253.650 86.335
253.911 91.335
254.172 84.335
254.433 78.334
254.694 92.334
254.955 88.333
255.216 95.333
255.477 87.333
255.738 89.332
255.999 87.332
256.261 82.332
256.522 86.331
256.783 92.331
257.044 91.330
257.305 87.330
257.566 90.330
257.827 98.329
258.088 93.329
258.349 89.328
258.610 95.328
258.871 86.328
259.132 89.327
259.393 92.327
259.654 87.327
259.915 90.326
260.176 93.326
260.437 91.325
260.698 86.325
260.959 86.325
261.221 91.324
261.482 85.324
261.743 88.323
262.004 90.323
262.265 85.323
262.526 87.322
262.787 90.322
263.048 94.321
263.309 93.321
263.570 100.321
263.831 98.320
264.092 86.320
264.353 86.320
264.614 91.319
264.875 89.319
265.136 98.318
265.397 93.318
265.658 97.318
265.919 95.317
266.181 96.317
266.442 95.316
266.703 95.316
266.964 95.316
267.225 97.315
267.486 94.315
267.747 96.314
268.008 93.314
268.269 92.314
268.530 92.313
268.791 93.313
269.052 83.312
269.313 85.312
269.574 91.312
269.835 97.311
270.096 103.311
270.357 88.310
270.618 91.310
270.879 90.310
271.141 93.309
271.402 91.309
271.663 100.308
271.924 101.308
272.185 89.308
272.446 88.307
272.707 95.307
272.968 88.306
273.229 93.306
273.490 92.306
273.751 83.305
274.012 87.305
274.273 96.304
274.534 100.304
274.795 96.304
275.056 93.303
275.317 89.303
275.578 92.302
275.839 97.302
276.101 95.302
276.362 91.301
276.623 95.301
276.884 96.300
277.145 96.300
277.406 90.299
277.667 98.299
277.928 89.299
278.189 103.298
278.450 107.298
278.711 101.297
278.972 92.297
279.233 95.297
279.494 91.296
279.755 94.296
280.016 98.295
280.277 95.295
280.538 94.295
280.799 96.294
281.061 100.294
281.322 93.293
281.583 93.293
281.844 101.292
282.105 93.292
282.366 88.292
282.627 92.291
282.888 93.291
283.149 94.290
283.410 111.290
283.671 96.290
283.932 103.289
284.193 99.289
284.454 102.288
284.715 95.288
284.976 98.287
285.237 89.287
285.498 98.287
285.759 96.286
286.021 92.286
286.282 104.285
286.543 104.285
286.804 105.285
287.065 99.284
287.326 97.284
287.587 105.283
287.848 105.283
288.109 99.282
288.370 107.282
288.631 98.282
288.892 91.281
289.153 102.281
289.414 106.280
289.675 104.280
289.936 96.279
290.197 102.279
290.458 95.279
290.719 92.278
290.981 104.278
291.242 102.277
291.503 96.277
291.764 98.276
292.025 102.276
292.286 107.276
292.547 92.275
292.808 95.275
293.069 97.274
293.330 100.274
293.591 104.273
293.852 100.273
294.113 98.273
294.374 96.272
294.635 104.272
294.896 101.271
295.157 99.271
295.418 100.270
295.679 103.270
295.941 105.270
296.202 101.269
296.463 106.269
296.724 106.268
296.985 100.268
297.246 99.267
297.507 97.267
297.768 102.266
298.029 101.266
298.290 99.266
298.551 100.265
298.812 109.265
299.073 105.264
299.334 99.264
299.595 97.263
299.856 102.263
300.117 103.262
300.378 99.262
300.639 98.262
300.901 103.261
301.162 113.261
301.423 108.260
301.684 109.260
301.945 104.259
302.206 106.259
302.467 101.258
302.728 105.258
302.989 111.258
303.250 110.257
303.511 107.257
303.772 103.256
304.033 105.256
304.294 114.255
304.555 107.255
304.816 101.254
305.077 104.254
305.338 100.254
305.599 104.253
305.861 110.253
306.122 104.252
306.383 109.252
306.644 104.251
306.905 109.251
307.166 108.250
307.427 105.250
307.688 107.249
307.949 108.249
308.210 101.249
308.471 105.248
308.732 98.248
308.993 106.247
309.254 107.247
309.515 116.246
309.776 114.246
310.037 112.245
310.298 107.245
310.559 103.244
310.821 106.244
311.082 107.244
311.343 105.243
311.604 110.243
311.865 104.242
312.126 106.242
312.387 96.241
312.648 106.241
312.909 104.240
313.170 107.240
313.437 114.239
313.704 114.239
313.971 107.238
314.238 110.238
314.504 110.238
314.771 117.237
315.038 118.237
315.305 110.236
315.572 111.236
315.839 110.235
316.106 105.235
316.373 103.234
316.640 113.234
316.906 118.233
317.173 103.233
317.440 107.232
317.707 106.232
317.974 111.231
318.241 113.231
318.508 113.231
318.775 112.230
319.042 109.230
319.308 110.229
319.575 118.229
319.842 109.228
320.109 113.228
320.376 107.227
320.643 114.227
320.910 118.226
321.177 114.226
321.444 109.225
321.710 113.225
321.977 104.224
322.244 115.224
322.511 111.223
322.778 111.223
323.045 105.222
323.312 112.222
323.579 112.222
323.846 118.221
324.112 112.221
324.379 127.220
324.646 120.220
324.913 113.219
325.180 109.219
325.447 113.218
325.714 113.218
325.981 117.217
326.248 112.217
326.514 113.216
326.781 106.216
327.048 111.215
327.315 106.215
327.582 114.214
327.849 114.214
328.116 112.213
328.383 108.213
328.649 119.212
328.916 115.212
329.183 106.211
329.450 113.211
329.717 121.210
329.984 118.210
330.251 122.209
330.518 115.209
330.785 122.208
331.051 121.208
331.318 116.207
331.585 118.207
331.852 121.206
332.119 121.206
332.386 134.205
332.653 120.205
332.920 129.204
333.187 125.204
333.453 119.203
333.720 132.203
333.987 125.203
334.254 131.202
334.521 134.202
334.788 132.201
335.055 142.201
335.322 135.200
335.589 136.200
335.855 147.199
336.122 147.199
336.389 146.198
336.656 151.198
336.923 151.197
337.190 157.197
337.457 171.196
337.724 160.196
337.991 163.195
338.257 164.194
338.524 182.194
338.791 183.193
339.058 183.193
339.325 185.192
339.592 195.192
339.859 203.191
340.126 209.191
340.393 206.190
340.659 213.190
340.926 220.189
341.193 228.189
341.460 233.188
341.727 241.188
341.994 249.187
342.261 249.187
342.528 266.186
342.795 264.186
343.061 271.185
343.328 287.185
343.595 298.184
343.862 306.184
344.129 316.183
344.396 329.183
344.663 334.182
344.930 348.182
345.197 350.181
345.463 363.181
345.730 381.180
345.997 377.180
346.264 399.179
346.531 412.179
346.798 427.178
347.065 429.178
347.332 441.177
347.599 454.177
347.865 471.176
348.132 490.176
348.399 498.175
348.666 503.174
348.933 511.174
349.200 521.173
349.467 542.173
349.734 555.172
350.001 575.172
350.267 589.171
350.534 589.171
350.801 615.170
351.068 623.170
351.335 633.169
351.602 655.169
351.869 661.168
352.136 681.168
352.402 688.167
352.669 710.167
352.936 724.166
353.203 725.166
353.470 750.165
353.737 762.164
354.004 783.164
354.271 788.163
354.538 803.163
354.804 830.162
355.071 841.162
355.338 845.161
355.605 864.161
355.872 889.160
356.139 904.160
356.406 919.159
356.673 935.159
356.940 953.158
357.206 976.857
357.473 1002.192
357.740 1015.372
358.007 1046.124
358.274 1062.276
358.541 1083.576
358.808 1104.513
359.075 1131.037
359.342 1128.596
359.608 1153.373
359.875 1164.106
360.142 1214.811
360.409 1215.176
360.676 1256.619
360.943 1274.664
361.210 1288.814
361.477 1302.964
361.744 1330.699
362.010 1343.189
362.277 1372.682
362.544 1393.648
362.811 1413.946
363.078 1433.937
363.345 1454.315
363.612 1478.922
363.879 1503.881
364.146 1528.254
364.412 1543.191
364.679 1583.397
364.946 1597.345
365.213 1613.543
365.480 1629.903
365.748 1649.881
366.017 1666.819
366.285 1699.277
366.553 1718.016
366.822 1730.709
367.090 1742.508
367.358 1770.892
367.627 1773.278
367.895 1798.385
368.164 1811.823
368.432 1831.646
368.700 1878.197
368.969 1893.125
369.237 1896.584
369.505 1911.159
369.774 1923.734
370.042 1946.694
370.310 1962.199
370.579 2006.834
370.847 2031.571
371.115 2031.605
371.384 2040.367
371.652 2055.821
371.921 2064.657
372.189 2078.680
372.457 2100.699
372.726 2128.632
372.994 2120.981
373.262 2149.193
373.531 2138.750
373.799 2152.118
374.067 2169.738
374.336 2179.958
374.604 2211.122
374.872 2241.057
375.141 2241.926
375.409 2245.745
375.678 2260.478
375.946 2277.303
376.214 2285.533
376.483 2306.736
376.751 2294.942
377.019 2301.524
377.288 2341.352
377.556 2357.497
377.824 2380.768
378.093 2381.940
378.361 2386.631
378.629 2418.127
378.898 2438.623
379.166 2466.929
379.435 2469.637
379.703 2483.540
379.971 2509.189
380.240 2538.661
380.508 2537.509
380.776 2554.603
381.045 2576.259
381.313 2615.499
381.581 2617.792
381.850 2647.865
382.118 2682.909
382.386 2692.090
382.655 2697.661
382.923 2742.324
383.192 2762.168
383.460 2793.658
383.728 2799.254
383.997 2834.517
384.265 2869.720
384.533 2900.756
384.802 2915.965
385.070 2947.191
385.338 2992.490
385.607 3008.763
385.875 3021.679
386.143 3064.096
386.412 3099.995
386.680 3116.281
386.948 3136.318
387.217 3196.394
387.485 3211.200
387.754 3246.840
388.022 3274.311
388.290 3306.288
388.559 3350.099
388.827 3393.773
389.095 3416.673
389.364 3465.163
389.632 3494.111
389.900 3514.226
390.169 3557.098
390.437 3604.011
390.705 3629.963
390.974 3675.445
391.242 3710.504
391.511 3721.172
391.779 3777.868
392.047 3813.466
392.316 3848.312
392.584 3931.759
392.852 3939.872
393.121 3971.085
393.389 4029.149
393.657 4065.465
393.926 4102.868
394.194 4151.955
394.462 4181.319
394.731 4233.807
394.999 4267.102
395.268 4314.974
395.536 4363.909
395.804 4393.087
396.073 4445.581
396.341 4480.035
396.609 4529.550
396.878 4588.063
397.146 4620.075
397.414 4675.153
397.683 4721.712
397.951 4761.877
398.219 4809.096
398.488 4857.364
398.756 4910.112
399.025 4965.406
399.293 5024.128
399.561 5058.523
399.830 5113.039
400.098 5187.895
400.366 5201.738
400.635 5259.480
400.903 5307.275
401.171 5344.173
401.440 5413.244
401.708 5458.788
401.976 5501.633
402.245 5550.166
402.513 5629.381
402.782 5666.727
403.050 5694.214
403.318 5748.493
403.587 5826.237
403.855 5883.025
404.123 5927.881
404.392 5974.978
404.660 6025.134
404.934 6077.461
405.207 6151.728
405.481 6207.601
405.754 6240.095
406.028 6314.128
406.301 6341.771
406.575 6399.211
406.848 6446.124
407.122 6484.327
407.395 6577.336
407.669 6614.949
407.942 6666.365
408.216 6747.416
408.489 6765.246
408.763 6818.323
409.036 6881.223
409.310 6916.187
409.583 6960.211
409.857 7018.951
410.130 7104.143
410.404 7128.837
410.677 7169.320
410.951 7274.673
411.224 7294.403
411.498 7333.372
411.771 7407.136
412.045 7430.391
412.318 7507.313
412.592 7529.569
412.865 7596.308
413.139 7632.266
413.412 7717.717
413.686 7761.643
413.959 7815.496
414.233 7875.418
414.506 7901.569
414.780 7940.604
415.053 8044.132
415.327 8079.702
415.600 8153.245
415.874 8154.656
416.147 8227.437
416.421 8321.853
416.694 8314.108
416.968 8389.082
417.241 8463.586
417.515 8511.111
417.788 8589.146
418.062 8630.806
418.335 8685.448
418.609 8728.204
418.882 8787.594
419.156 8809.590
419.429 8885.362
419.703 8936.081
419.976 9012.991
420.250 9053.747
420.524 9115.668
420.797 9162.203
421.071 9214.725
421.344 9265.886
421.618 9310.528
421.891 9339.952
422.165 9433.842
422.438 9470.248
422.712 9522.872
422.985 9549.067
423.259 9603.183
423.532 9678.934
423.806 9697.127
424.079 9787.431
424.353 9869.006
424.626 9873.385
424.900 9873.510
425.173 9960.083
425.447 10027.003
425.720 10059.002
425.994 10101.102
426.267 10169.679
426.541 10192.578
426.814 10226.226
427.088 10274.095
427.361 10358.507
427.635 10365.188
427.908 10415.319
428.182 10424.116
428.455 10504.536
428.729 10518.103
429.002 10571.998
429.276 10619.953
429.549 10660.274
429.823 10670.012
430.096 10702.503
430.370 10755.277
430.643 10828.618
430.917 10843.896
431.190 10884.061
431.464 10930.431
431.737 10946.667
432.011 11031.236
432.284 11053.359
432.558 11072.346
432.831 11140.829
433.105 11127.238
433.378 11202.997
433.652 11229.671
433.925 11268.518
434.199 11304.589
434.472 11328.651
434.746 11411.979
435.019 11494.473
435.293 11480.536
435.566 11519.897
435.840 11532.250
436.119 11582.895
436.398 11636.519
436.677 11657.400
436.956 11707.894
437.235 11704.518
437.514 11687.964
437.793 11732.255
438.073 11816.096
438.352 11803.699
438.631 11843.107
438.910 11875.581
439.189 11904.265
439.468 11948.159
439.747 12021.430
440.026 12045.820
440.305 12118.990
440.584 12093.259
440.863 12176.034
441.142 12212.998
441.421 12278.173
441.700 12273.042
441.979 12323.262
442.258 12359.805
442.538 12418.813
442.817 12421.879
443.096 12473.285
443.375 12491.237
443.654 12542.149
443.933 12568.888
444.212 12663.052
444.491 12676.654
444.770 12728.289
445.049 12770.908
445.328 12845.655
445.607 12871.045
445.886 12896.131
446.165 12930.546
446.444 12976.443
446.723 13028.408
447.003 13060.791
447.282 13094.249
447.561 13158.255
447.840 13198.365
448.119 13233.146
448.398 13289.755
448.677 13362.405
448.956 13357.085
449.235 13445.712
449.514 13494.456
449.793 13506.925
450.072 13583.522
450.351 13631.833
450.630 13618.173
450.909 13673.630
451.188 13766.837
451.468 13825.363
451.747 13852.458
452.026 13910.953
452.305 13949.324
452.584 13983.720
452.863 14046.677
453.142 14038.468
453.421 14163.712
453.700 14192.587
453.979 14271.078
454.258 14289.721
454.537 14377.225
454.816 14426.153
455.095 14496.849
455.374 14520.414
455.653 14597.043
455.933 14625.177
456.212 14686.456
456.491 14763.536
456.770 14824.172
457.049 14885.719
457.328 14915.640
457.607 15018.452
457.886 15077.075
458.165 15140.715
458.444 15190.438
458.723 15271.517
459.002 15333.930
459.281 15384.921
459.560 15506.590
459.839 15566.644
460.119 15624.138
460.398 15701.446
460.677 15759.906
460.956 15846.217
461.235 15917.083
461.514 15978.432
461.793 16058.126
462.072 16190.281
462.351 16258.065
462.630 16333.914
462.909 16398.068
463.188 16530.450
463.467 16645.520
463.746 16711.574
464.025 16772.717
464.304 16900.505
464.584 16950.351
464.863 17052.421
465.142 17162.521
465.421 17282.437
465.700 17388.782
465.979 17453.065
466.258 17564.278
466.537 17703.819
466.816 17753.151
467.095 17872.380
467.374 17967.793
467.653 18047.985
467.932 18181.069
468.211 18296.887
468.490 18432.318
468.769 18513.885
469.049 18607.492
469.328 18743.884
469.607 18865.883
469.886 18956.882
470.165 19061.881
470.444 19189.070
470.723 19331.543
471.002 19461.263
471.281 19517.395
471.560 19620.498
471.839 19759.395
472.118 19884.529
472.397 19982.823
472.676 20073.166
472.955 20249.369
473.234 20346.954
473.514 20461.641
473.793 20578.498
474.072 20641.359
474.351 20790.988
474.630 20905.927
474.909 21032.222
475.188 21123.222
475.467 21262.010
475.746 21358.525
476.025 21481.606
476.304 21624.861
476.583 21712.258
476.862 21837.944
477.141 21943.792
477.420 22094.948
477.699 22129.448
477.979 22239.896
478.258 22405.176
478.537 22544.468
478.816 22638.826
479.095 22730.857
479.374 22829.243
479.653 22965.863
479.932 23038.942
480.211 23193.661
480.490 23286.739
480.769 23416.167
481.048 23523.111
481.327 23598.602
481.606 23724.479
481.885 23835.074
482.165 23936.627
482.444 24037.183
482.723 24141.063
483.002 24243.866
483.281 24421.271
483.560 24439.543
483.839 24649.157
484.118 24673.090
484.397 24804.406
484.676 24897.854
484.955 25020.641
485.234 25108.162
485.513 25192.536
485.792 25322.744
486.071 25356.005
486.350 25571.700
486.630 25595.459
486.909 25694.210
487.188 25799.408
487.467 25924.978
487.746 25961.479
488.025 26079.696
488.304 26180.130
488.583 26298.264
488.862 26329.704
489.141 26472.902
489.420 26557.210
489.699 26625.849
489.978 26727.650
490.257 26835.897
490.536 26912.365
490.815 27035.858
491.095 27123.142
491.374 27242.360
491.653 27279.524
491.932 27426.914
492.211 27526.988
492.490 27589.788
492.769 27708.694
493.048 27762.052
493.327 27876.588
493.606 27991.650
493.885 28057.790
494.164 28200.211
494.443 28249.549
494.722 28357.163
495.001 28427.360
495.280 28618.462
495.560 28651.974
495.839 28707.585
496.118 28777.801
496.397 28901.917
496.676 28988.709
496.955 29078.346
497.234 29224.368
497.513 29274.719
497.792 29350.901
498.071 29449.491
498.350 29539.028
498.629 29651.703
498.908 29730.173
499.187 29814.865
499.466 29881.196
499.745 29967.627
500.025 30110.451
500.304 30113.354
500.583 30208.621
500.862 30363.328
501.141 30446.913
501.420 30452.498
501.699 30499.279
501.978 30663.086
502.257 30701.692
502.536 30822.358
502.815 30886.874
503.094 31023.008
503.373 31058.360
503.652 31113.915
503.931 31226.264
504.211 31362.486
504.490 31375.657
504.769 31387.421
505.048 31511.938
505.327 31643.783
505.606 31699.258
505.885 31757.895
506.164 31805.658
506.443 31898.033
506.722 31923.386
507.001 32006.895
507.280 32095.580
507.559 32193.833
507.838 32320.124
508.117 32347.759
508.396 32373.729
508.676 32514.624
508.955 32498.727
509.234 32626.034
509.513 32679.750
509.792 32679.749
510.071 32762.825
510.350 32842.662
510.629 32896.049
510.908 32924.873
511.187 32996.667
511.466 33057.120
511.745 33156.665
512.024 33254.361
512.303 33256.649
512.582 33276.836
512.861 33341.252
513.141 33375.632
513.420 33455.859
513.699 33421.914
513.978 33539.919
514.257 33650.803
514.536 33599.126
514.815 33675.519
515.094 33721.675
515.373 33748.472
515.652 33765.090
515.931 33881.020
516.210 33935.409
516.489 33931.663
516.768 33989.741
517.047 34100.629
517.326 34075.352
517.606 34137.900
517.885 34197.149
518.164 34282.186
518.443 34319.213
518.722 34327.790
519.001 34395.190
519.280 34410.159
519.559 34476.618
519.838 34505.607
520.117 34571.713
520.396 34596.987
520.675 34660.856
520.954 34732.666
521.233 34748.749
521.512 34801.471
521.791 34880.303
522.071 34916.387
522.350 34972.588
522.629 34999.719
522.908 35020.934
523.187 35126.165
523.466 35120.141
523.745 35165.260
524.024 35227.382
524.303 35259.792
524.582 35272.703
524.861 35422.532
525.140 35423.084
525.419 35454.779
525.698 35472.040
525.977 35506.861
526.257 35549.234
526.536 35653.043
526.815 35674.304
527.094 35724.043
527.373 35735.951
527.652 35826.867
527.931 35845.057
528.210 35886.802
528.489 35952.311
528.768 35967.476
529.047 36043.304
529.326 36141.881
529.605 36120.913
529.884 36115.121
530.163 36251.592
530.442 36277.160
530.722 36248.514
531.001 36353.862
531.280 36338.389
531.559 36353.191
531.838 36378.710
532.117 36467.998
532.396 36499.218
532.675 36465.664
532.954 36564.495
533.233 36671.089
533.512 36643.017
533.791 36648.692
534.070 36722.485
534.349 36829.067
534.628 36815.023
534.907 36865.084
535.187 36870.770
535.466 36906.700
535.745 36947.496
536.024 36996.830
536.303 37031.014
536.582 37079.522
536.861 37097.675
537.140 37132.878
537.419 37205.385
537.698 37212.455
537.977 37225.597
538.256 37291.651
538.535 37263.024
538.814 37333.953
539.093 37314.849
539.372 37346.698
539.652 37403.875
539.931 37381.843
540.210 37512.133
540.489 37515.971
540.768 37527.486
541.047 37547.204
541.326 37595.806
541.605 37585.627
541.884 37626.573
542.163 37717.375
542.442 37618.879
542.721 37675.947
543.000 37699.067
543.279 37681.725
543.558 37706.772
543.837 37727.704
544.117 37787.285
544.396 37804.470
544.675 37775.700
544.954 37851.811
545.233 37864.239
545.512 37876.810
545.791 37869.072
546.070 37831.354
546.351 37833.287
546.632 37840.056
546.912 37830.383
547.193 37854.419
547.474 37908.629
547.755 37899.819
548.036 37827.644
548.317 37882.489
548.597 37912.497
548.878 37855.521
549.159 37901.941
549.440 37916.366
549.721 37887.432
550.001 37906.774
550.282 37908.707
550.563 37861.451
550.844 37897.198
551.125 37934.816
551.406 37928.184
551.686 37924.248
551.967 37914.750
552.248 37895.563
552.529 37934.999
552.810 37932.105
553.090 37937.046
553.371 37907.120
553.652 37918.757
553.933 37886.032
554.214 37836.298
554.495 37862.234
554.775 37887.209
555.056 37868.956
555.337 37905.458
555.618 37894.890
555.899 37927.550
556.179 37917.943
556.460 37967.863
556.741 37950.506
557.022 37935.230
557.303 37891.898
557.584 37889.762
557.864 37944.620
558.145 37888.689
558.426 37927.049
558.707 37913.425
558.988 37951.083
559.268 37910.345
559.549 37963.584
559.830 37898.506
560.111 37830.957
560.392 37883.246
560.673 37949.469
560.953 37962.164
561.234 38062.803
561.515 38036.158
561.796 37928.343
562.077 37815.399
562.357 37856.556
562.638 37930.759
562.919 37834.715
563.200 37900.249
563.481 37946.279
563.762 37971.403
564.042 37897.030
564.323 37822.835
564.604 37793.510
564.885 37791.289
565.166 37791.875
565.446 37834.045
565.727 37835.897
566.008 37812.852
566.289 37798.724
566.570 37775.966
566.851 37785.603
567.131 37755.822
567.412 37698.723
567.693 37680.250
567.974 37705.053
568.255 37652.484
568.535 37598.320
568.816 37615.756
569.097 37651.127
569.378 37557.637
569.659 37558.195
569.940 37551.173
570.220 37567.220
570.501 37606.549
570.782 37491.991
571.063 37446.407
571.344 37453.875
571.624 37406.324
571.905 37358.586
572.186 37412.747
572.467 37388.060
572.748 37414.580
573.029 37344.573
573.309 37359.662
573.590 37396.277
573.871 37286.219
574.152 37271.127
574.433 37272.132
574.713 37254.534
574.994 37149.393
575.275 37191.023
575.556 37098.082
575.837 37084.166
576.118 37111.382
576.398 37038.840
576.679 37020.675
576.960 37007.563
577.252 37018.673
577.543 36981.298
577.835 36938.872
578.127 36896.447
578.418 36855.031
578.710 36812.416
579.002 36730.786
579.293 36650.987
579.585 36720.564
579.877 36683.731
580.168 36623.831
580.460 36605.155
580.752 36608.821
581.043 36525.936
581.335 36453.077
581.627 36408.223
581.918 36449.351
582.210 36288.818
582.502 36223.377
582.793 36259.961
583.085 36214.025
583.376 36167.822
583.668 36202.534
583.960 36103.670
584.251 36085.181
584.543 36015.981
584.835 35992.195
585.126 35947.618
585.418 35871.836
585.710 35832.241
586.001 35715.937
586.293 35678.924
586.585 35654.269
586.876 35630.943
587.168 35533.864
587.460 35503.079
587.751 35431.873
588.043 35450.617
588.335 35374.408
588.626 35291.423
588.918 35210.761
589.210 35176.244
589.501 35118.473
589.793 35059.525
590.085 35023.708
590.376 34954.997
590.668 34957.018
590.960 34874.257
591.251 34852.890
591.543 34748.855
591.835 34757.894
592.126 34693.736
592.418 34619.848
592.710 34604.499
593.001 34529.289
593.293 34461.404
593.585 34400.440
593.876 34291.348
594.168 34264.892
594.460 34208.368
594.751 34167.638
595.043 34056.228
595.334 33997.214
595.626 33940.281
595.918 33833.943
596.209 33858.341
596.501 33752.041
596.793 33705.168
597.084 33557.414
597.376 33528.949
597.668 33489.120
597.959 33488.568
598.251 33297.513
598.543 33264.142
598.834 33162.781
599.126 33138.197
599.418 33088.680
599.709 33049.981
600.001 32907.837
600.293 32851.702
600.584 32781.657
600.876 32724.544
601.168 32673.896
601.459 32557.515
601.751 32540.855
602.043 32486.916
602.334 32372.567
602.626 32251.203
602.918 32201.904
603.209 32174.962
603.501 32195.435
603.793 32035.989
604.084 31949.796
604.376 31848.773
604.668 31803.611
604.959 31760.598
605.251 31689.962
605.543 31606.832
605.834 31544.954
606.126 31478.872
606.418 31369.870
606.709 31330.126
607.001 31228.912
607.292 31186.192
607.584 31112.077
607.876 31046.554
608.167 30915.692
608.459 30878.046
608.751 30742.331
609.042 30731.623
609.334 30683.442
609.626 30575.757
609.917 30497.686
610.209 30438.986
610.501 30406.967
610.792 30328.707
611.084 30319.835
611.376 30212.884
611.667 30118.051
611.959 30074.414
612.251 29954.978
612.542 29888.873
612.834 29835.761
613.126 29723.711
613.417 29659.015
613.709 29580.199
614.001 29539.101
614.292 29427.273
614.584 29372.623
614.876 29314.219
615.167 29210.889
615.459 29163.427
615.751 29101.110
616.042 29043.561
616.334 29013.325
616.626 28922.374
616.917 28873.800
617.209 28778.069
617.501 28746.085
617.792 28700.188
618.084 28657.765
618.376 28579.281
618.667 28550.182
618.959 28457.838
619.250 28430.655
619.542 28358.250
619.834 28335.223
620.125 28236.933
620.417 28181.294
620.709 28130.954
621.000 28144.505
621.292 28030.244
621.584 27958.715
621.875 27873.690
622.167 27857.263
622.459 27796.392
622.750 27709.714
623.042 27634.070
623.334 27636.001
623.625 27533.133
623.917 27499.766
624.209 27423.845
624.500 27342.606
624.792 27317.106
625.084 27284.158
625.375 27171.920
625.667 27189.561
625.959 27036.162
626.250 27034.252
626.542 26942.844
626.834 26891.180
627.125 26821.698
627.417 26801.208
627.709 26719.684
628.000 26653.212
628.292 26621.189
628.584 26529.639
628.875 26458.519
629.167 26427.533
629.459 26399.830
629.750 26343.726
630.042 26271.157
630.334 26204.160
630.625 26170.179
630.917 26145.762
631.208 26036.849
631.500 25943.778
631.792 25924.666
632.083 25819.297
632.375 25806.983
632.667 25757.694
632.958 25676.208
633.250 25648.855
633.542 25609.031
633.833 25583.118
634.125 25472.033
634.417 25384.894
634.708 25304.942
635.000 25284.036
635.292 25248.933
635.583 25222.642
635.875 25146.954
636.167 25135.545
636.458 25139.725
636.750 25082.932
637.042 24940.889
637.333 24940.946
637.625 24860.041
637.917 24823.708
638.208 24783.261
638.500 24757.360
638.792 24690.884
639.083 24647.171
639.375 24633.501
639.667 24575.775
639.958 24499.677
640.250 24469.212
640.542 24452.424
640.833 24423.380
641.125 24379.332
641.417 24335.070
641.708 24320.832
642.000 24278.711
642.292 24219.335
642.583 24214.763
642.875 24167.274
643.166 24128.510
643.458 24140.340
643.750 24099.208
644.041 24113.811
644.333 24082.158
644.625 24071.031
644.916 24016.671
645.208 24028.592
645.500 24006.545
645.791 24008.379
646.083 23954.332
646.375 23920.448
646.666 23934.183
646.958 23936.013
647.250 23925.022
647.541 23903.870
647.833 23833.444
648.125 23809.283
648.416 23821.208
648.708 23779.518
649.000 23775.839
649.291 23778.391
649.583 23727.541
649.875 23712.277
650.166 23719.396
650.458 23707.775
650.750 23685.280
651.041 23681.280
651.333 23651.621
651.625 23628.688
651.916 23617.763
652.208 23604.933
652.500 23563.925
652.791 23566.844
653.083 23497.284
653.375 23492.604
653.666 23485.579
653.958 23458.372
654.250 23485.066
654.541 23443.267
654.833 23426.764
655.124 23384.326
655.416 23397.818
655.708 23377.426
655.999 23362.330
656.291 23367.392
656.583 23340.327
656.874 23318.243
657.166 23269.945
657.458 23277.097
657.749 23261.915
658.041 23261.213
658.333 23273.126
658.624 23239.098
658.916 23232.430
659.208 23235.509
659.499 23212.832
659.791 23191.837
660.083 23180.558
660.374 23188.377
660.666 23174.201
660.958 23132.220
661.249 23115.824
661.541 23089.199
661.833 23107.414
662.124 23091.288
662.416 23099.066
662.708 23071.248
662.999 23061.622
663.291 23055.899
663.583 23062.762
663.874 23031.872
664.166 23022.239
664.458 22985.508
664.749 23000.980
665.041 23004.856
665.333 22954.511
665.624 22983.519
665.916 22972.847
666.208 22920.392
666.499 22944.608
666.791 22935.735
667.082 22872.690
667.374 22877.309
667.666 22901.649
667.957 22877.065
668.249 22856.576
668.541 22865.938
668.832 22838.696
669.124 22780.806
669.416 22818.610
669.707 22794.878
669.999 22779.174
670.291 22754.397
670.582 22781.471
670.874 22731.993
671.166 22739.872
671.457 22710.729
671.749 22726.522
672.041 22698.581
672.332 22679.805
672.624 22671.248
672.916 22654.414
673.207 22657.695
673.499 22637.492
673.791 22622.219
674.082 22594.384
674.374 22618.475
674.666 22597.556
674.957 22583.777
675.249 22533.875
675.541 22524.891
675.832 22508.430
676.124 22541.478
676.416 22504.944
676.707 22481.896
676.999 22448.828
677.291 22444.707
677.582 22400.528
677.874 22400.929
678.166 22413.402
678.457 22406.169
678.749 22391.046
679.040 22343.003
679.332 22334.256
679.624 22296.170
679.915 22306.589
680.207 22292.713
680.499 22287.645
680.790 22233.404
681.082 22225.281
681.374 22204.166
681.665 22170.801
681.957 22146.384
682.249 22144.494
682.540 22094.690
682.832 22090.518
683.124 22104.072
683.415 22046.869
683.707 22085.857
683.999 22078.690
684.290 22020.367
684.582 22017.291
684.874 21998.845
685.165 21962.983
685.457 21918.757
685.749 21912.595
686.040 21871.393
686.332 21858.176
686.624 21838.335
686.915 21803.555
687.207 21771.222
687.499 21762.196
687.790 21779.002
688.082 21741.848
688.374 21705.726
688.665 21635.548
688.957 21602.522
689.249 21664.439
689.540 21586.006
689.832 21568.460
690.124 21527.722
690.415 21511.191
690.707 21504.479
690.998 21450.236
691.290 21450.700
691.582 21408.298
691.873 21336.941
692.165 21332.802
692.457 21297.948
692.748 21287.296
693.040 21271.309
693.332 21231.688
693.623 21162.496
693.915 21165.603
694.207 21109.756
694.498 21070.189
694.790 21078.549
695.082 21032.985
695.373 20981.116
695.665 20986.300
695.957 20882.685
696.248 20921.025
696.540 20870.110
696.836 20804.958
697.133 20775.707
697.429 20726.197
697.725 20702.051
698.021 20673.342
698.318 20662.627
698.614 20578.873
698.910 20562.454
699.207 20518.391
699.503 20516.319
699.799 20470.281
700.095 20408.231
700.392 20366.863
700.688 20332.735
700.984 20282.510
701.281 20238.132
701.577 20194.987
701.873 20184.845
702.169 20165.885
702.466 20085.388
702.762 20093.545
703.058 20021.377
703.355 19990.457
703.651 19907.035
703.947 19894.783
704.243 19825.002
704.540 19831.339
704.836 19740.721
705.132 19721.764
705.428 19707.102
705.725 19639.708
706.021 19575.960
706.317 19563.228
706.614 19530.982
706.910 19464.934
707.206 19431.189
707.502 19397.444
707.799 19359.610
708.095 19301.731
708.391 19236.422
708.688 19192.346
708.984 19133.220
709.280 19092.255
709.576 19025.136
709.873 18984.432
710.169 18958.007
710.465 18913.377
710.762 18833.172
711.058 18782.849
711.354 18731.916
711.650 18704.116
711.947 18664.640
712.243 18635.012
712.539 18563.293
712.836 18511.259
713.132 18431.104
713.428 18440.174
713.724 18385.736
714.021 18329.957
714.317 18306.792
714.613 18235.822
714.910 18156.265
715.206 18090.910
715.502 18044.814
715.798 17964.597
716.095 17957.503
716.391 17889.517
716.687 17841.467
716.984 17780.403
717.280 17723.343
717.576 17695.618
717.872 17618.233
718.169 17605.612
718.465 17508.610
718.761 17499.607
719.058 17421.605
719.354 17394.208
719.650 17367.968
719.946 17302.597
720.243 17240.075
720.539 17186.592
720.835 17133.723
721.131 17100.587
721.428 17067.652
721.724 17010.603
722.020 16982.562
722.317 16931.508
722.613 16853.281
722.909 16818.390
723.205 16791.151
723.502 16711.567
723.798 16698.262
724.094 16636.561
724.391 16620.559
724.687 16595.960
724.983 16505.542
725.279 16433.816
725.576 16446.210
725.872 16357.117
726.168 16297.354
726.465 16256.259
726.761 16206.300
727.057 16181.266
727.353 16083.862
727.650 16069.047
727.946 16029.322
728.242 15977.703
728.539 15920.161
728.835 15882.576
729.131 15808.432
729.427 15728.500
729.724 15717.617
730.020 15677.380
730.316 15618.089
730.613 15579.549
730.909 15532.641
731.205 15490.126
731.501 15405.814
731.798 15350.584
732.094 15320.325
732.390 15217.015
732.687 15177.992
732.983 15146.143
733.279 15096.928
733.575 15019.169
733.872 14965.033
734.168 14966.999
734.464 14873.492
734.761 14804.976
735.057 14763.483
735.353 14711.366
735.649 14663.835
735.946 14600.643
736.242 14523.505
736.538 14477.847
736.835 14425.782
737.131 14354.009
737.427 14320.039
737.723 14269.056
738.020 14218.502
738.316 14157.132
738.612 14092.487
738.909 14070.026
739.205 13995.518
739.501 13924.922
739.797 13883.970
740.094 13826.408
740.390 13756.763
740.686 13715.943
740.982 13670.652
741.279 13605.478
741.575 13559.648
741.871 13499.411
742.168 13451.905
742.464 13401.951
742.760 13323.594
743.056 13299.692
743.353 13266.585
743.649 13188.608
743.945 13154.443
744.242 13103.512
744.538 13048.547
744.834 13002.323
745.130 12932.580
745.427 12903.107
745.723 12855.953
746.019 12800.745
746.316 12717.163
746.612 12693.259
746.908 12655.855
747.204 12579.494
747.501 12544.180
747.797 12460.964
748.093 12444.119
748.390 12410.586
748.686 12353.732
748.982 12315.905
749.278 12229.570
749.575 12209.804
749.871 12169.623
750.167 12086.451
750.464 12052.837
750.760 11987.423
751.056 11943.868
751.352 11873.443
751.649 11861.272
751.945 11798.707
752.241 11753.772
752.538 11694.431
752.834 11641.083
753.130 11582.374
753.426 11543.652
753.723 11498.287
754.019 11446.384
754.315 11399.475
754.611 11359.271
754.908 11300.967
755.204 11261.264
755.500 11225.261
755.797 11178.795
756.093 11108.255
756.389 11060.373
756.685 11039.328
756.982 10995.232
757.278 10890.916
757.574 10875.743
757.871 10833.571
758.167 10774.331
758.463 10689.298
758.759 10637.139
759.056 10605.647
759.352 10537.370
759.648 10494.195
759.945 10439.975
760.241 10423.754
760.537 10372.818
760.833 10309.060
761.130 10253.724
761.426 10227.335
761.722 10141.042
762.019 10109.065
762.315 10058.540
762.611 10008.244
762.907 9936.740
763.204 9893.219
763.500 9873.916
763.802 9802.195
764.104 9765.591
764.406 9725.143
764.708 9686.083
765.010 9635.147
765.312 9591.851
765.615 9537.605
765.917 9514.351
766.219 9445.493
766.521 9390.834
766.823 9347.308
767.125 9295.985
767.427 9274.984
767.729 9216.376
768.031 9162.566
768.333 9110.899
768.635 9073.219
768.937 9040.811
769.239 8997.064
769.542 8941.170
769.844 8867.996
770.146 8834.456
770.448 8789.523
770.750 8744.499
771.052 8696.942
771.354 8653.507
771.656 8606.396
771.958 8565.835
772.260 8517.921
772.562 8467.969
772.864 8428.210
773.166 8411.717
773.468 8369.834
773.771 8322.151
774.073 8257.204
774.375 8208.647
774.677 8176.946
774.979 8121.728
775.281 8077.678
775.583 8030.782
775.885 7999.017
776.187 7948.755
776.489 7895.525
776.791 7869.774
777.093 7818.302
777.395 7774.150
777.698 7752.332
778.000 7710.191
778.302 7658.449
778.604 7635.060
778.906 7587.029
779.208 7536.084
779.510 7497.936
779.812 7468.518
780.114 7405.145
780.416 7382.856
780.718 7344.313
781.020 7301.321
781.322 7247.910
781.625 7208.866
781.927 7156.831
782.229 7124.060
782.531 7082.691
782.833 7052.752
783.135 7012.363
783.437 6959.619
783.739 6911.863
784.041 6884.797
784.343 6840.188
784.645 6802.839
784.947 6765.248
785.249 6717.183
785.552 6679.090
785.854 6643.298
786.156 6595.327
786.458 6558.950
786.760 6523.966
787.062 6476.843
787.364 6437.465
787.666 6399.895
787.968 6371.080
788.270 6301.575
788.572 6269.926
788.874 6245.382
789.176 6201.146
789.478 6153.962
789.781 6146.675
790.083 6100.182
790.385 6056.422
790.687 6034.115
790.989 5972.042
791.291 5950.489
791.593 5910.881
791.895 5888.009
792.197 5846.400
792.499 5840.689
792.801 5787.150
793.103 5749.821
793.405 5717.628
793.708 5684.362
794.010 5634.321
794.312 5610.083
794.614 5561.635
794.916 5525.945
795.218 5489.156
795.520 5454.529
795.822 5442.461
796.124 5391.087
796.426 5353.218
796.728 5313.002
797.030 5279.602
797.332 5251.611
797.635 5213.223
797.937 5173.261
798.239 5163.450
798.541 5124.490
798.843 5064.535
799.145 5043.632
799.447 5003.908
799.749 4985.169
800.051 4948.957
800.353 4909.669
800.655 4866.738
800.957 4827.736
801.259 4810.420
801.562 4778.977
801.864 4751.762
802.166 4734.883
802.468 4684.400
802.770 4641.250
803.072 4619.231
803.374 4590.142
803.676 4564.469
803.978 4529.516
804.280 4480.532
804.582 4475.009
804.884 4423.373
805.186 4381.438
805.488 4374.297
805.791 4337.991
806.093 4288.930
806.395 4278.708
806.697 4254.366
806.999 4217.261
807.301 4202.807
807.603 4179.135
807.905 4138.152
808.207 4133.236
808.509 4102.578
808.811 4044.644
809.113 4026.948
809.415 4003.529
809.718 3950.110
810.020 3933.537
810.322 3923.067
810.624 3893.128
810.926 3870.983
811.228 3825.861
811.530 3804.998
811.834 3772.458
812.139 3761.364
812.443 3720.745
812.748 3711.957
813.052 3680.006
813.357 3651.880
813.661 3633.070
813.966 3620.988
814.270 3585.611
814.574 3569.223
814.879 3549.705
815.183 3503.848
815.488 3489.078
815.792 3476.738
816.097 3430.565
816.401 3409.239
816.706 3388.903
817.010 3388.318
817.314 3345.538
817.619 3324.930
817.923 3306.556
818.228 3281.984
818.532 3259.970
818.837 3239.321
819.141 3218.671
819.445 3199.881
819.750 3171.550
820.054 3139.911
820.359 3145.738
820.663 3104.898
820.968 3089.869
821.272 3080.274
821.577 3049.851
821.881 3014.690
822.185 3010.911
822.490 2977.510
822.794 2962.274
823.099 2941.242
823.403 2920.973
823.708 2894.376
824.012 2899.911
824.317 2866.414
824.621 2850.142
824.925 2837.386
825.230 2797.113
825.534 2780.062
825.839 2769.079
826.143 2752.522
826.448 2741.454
826.752 2712.576
827.057 2704.982
827.361 2690.499
827.665 2669.586
827.970 2657.009
828.274 2632.471
828.579 2602.270
828.883 2599.353
829.188 2579.522
829.492 2549.488
829.796 2549.580
830.101 2523.279
830.405 2512.045
830.710 2498.827
831.014 2483.121
831.319 2450.094
831.623 2438.278
831.928 2434.635
832.232 2421.798
832.536 2390.975
832.841 2374.526
833.145 2364.352
833.450 2346.529
833.754 2324.634
834.059 2322.285
834.363 2310.626
834.668 2287.530
834.972 2283.087
835.276 2268.306
835.581 2238.659
835.885 2233.087
836.190 2229.977
836.494 2209.729
836.799 2199.398
837.103 2203.458
837.407 2178.591
837.712 2164.483
838.016 2146.409
838.321 2125.059
838.625 2121.333
838.930 2102.030
839.234 2094.085
839.539 2083.759
839.843 2069.522
840.147 2066.480
840.452 2038.575
840.756 2024.057
841.061 2025.143
841.365 2010.566
841.670 1988.627
841.974 1981.300
842.279 1967.594
842.583 1953.851
842.887 1950.639
843.192 1952.589
843.496 1923.992
843.801 1928.972
844.105 1893.709
844.410 1901.045
844.714 1882.560
845.019 1874.674
845.323 1872.114
845.627 1858.749
845.932 1844.047
846.236 1828.315
846.541 1813.164
846.845 1809.724
847.150 1793.408
847.454 1801.364
847.758 1794.440
848.063 1782.532
848.367 1782.182
848.672 1770.371
848.976 1758.232
849.281 1748.575
849.585 1744.283
849.890 1741.993
850.194 1709.360
850.498 1721.621
850.803 1707.199
851.107 1691.473
851.412 1687.310
851.716 1673.112
852.021 1670.812
852.325 1650.965
852.630 1641.071
852.934 1630.481
853.238 1629.757
853.543 1634.417
853.847 1600.583
854.152 1611.385
854.456 1599.443
854.761 1578.658
855.065 1581.354
855.370 1582.562
855.674 1574.292
855.978 1564.700
856.283 1554.076
856.587 1536.228
856.892 1533.471
857.196 1511.146
857.501 1520.181
857.805 1504.625
858.109 1499.828
858.414 1492.988
858.718 1480.950
859.023 1475.411
859.327 1469.238
859.632 1469.485
859.936 1460.392
860.241 1453.602
860.545 1443.224
860.849 1449.483
861.154 1443.780
861.458 1435.597
861.763 1429.900
862.067 1422.011
862.372 1426.651
862.676 1421.785
862.981 1419.578
863.285 1403.037
863.589 1401.478
863.894 1388.257
864.198 1383.911
864.503 1382.223
864.807 1378.156
865.112 1371.069
865.416 1379.189
865.721 1368.626
866.025 1360.792
866.329 1368.418
866.634 1366.458
866.938 1363.834
867.243 1339.468
867.547 1335.162
867.852 1330.258
868.156 1338.193
868.460 1333.308
868.765 1335.426
869.069 1331.172
869.374 1321.797
869.678 1318.780
869.983 1314.293
870.287 1311.013
870.592 1318.803
870.896 1307.114
871.200 1307.109
871.505 1304.045
871.809 1291.769
872.114 1295.370
872.418 1291.232
872.723 1296.894
873.027 1289.041
873.332 1292.004
873.636 1289.030
873.940 1280.656
874.245 1288.117
874.549 1264.667
874.854 1270.315
875.158 1280.093
875.463 1275.064
875.767 1259.702
876.072 1269.216
876.376 1259.925
876.680 1256.535
876.985 1251.776
877.289 1256.523
877.594 1255.169
877.898 1249.498
878.203 1244.057
878.507 1233.875
878.811 1232.691
879.116 1236.101
879.420 1228.350
879.725 1221.583
880.029 1226.024
880.334 1220.865
880.638 1220.352
880.943 1214.696
881.247 1205.794
881.551 1209.234
881.856 1196.139
882.160 1195.598
882.465 1186.849
882.769 1199.946
883.074 1198.485
883.378 1200.116
883.683 1194.660
883.987 1188.467
884.291 1185.565
884.596 1183.576
884.900 1194.990
885.205 1198.262
885.509 1197.707
885.814 1193.533
886.118 1204.064
886.423 1197.330
886.727 1214.061
887.031 1206.775
887.336 1212.616
887.640 1225.166
887.945 1213.905
888.249 1224.447
888.554 1232.157
888.858 1230.816
889.162 1228.700
889.467 1241.933
889.771 1238.264
890.076 1245.359
890.380 1242.136
890.685 1250.149
890.989 1253.122
891.294 1246.473
891.598 1254.492
891.902 1247.830
892.207 1245.989
892.511 1255.157
892.816 1259.057
893.120 1262.287
893.425 1259.760
893.729 1263.871
894.034 1252.380
894.338 1252.374
894.642 1247.298
894.947 1253.515
895.251 1255.823
895.556 1256.977
895.860 1258.133
896.165 1246.100
896.469 1249.099
896.774 1249.787
897.078 1247.463
897.382 1246.758
897.687 1243.266
897.991 1247.203
898.296 1257.659
898.600 1255.791
898.905 1255.091
899.209 1251.594
899.513 1247.860
899.818 1253.681
900.122 1245.737
900.427 1238.741
900.731 1243.626
901.036 1257.624
901.340 1253.659
901.645 1252.480
901.949 1247.323
902.253 1251.064
902.558 1242.139
902.862 1235.338
903.167 1248.225
903.471 1248.924
903.776 1239.253
904.080 1239.962
904.385 1242.780
904.689 1246.061
904.993 1247.464
905.298 1244.621
905.602 1247.205
905.907 1235.823
906.211 1232.531
906.516 1239.373
906.820 1237.424
907.125 1232.002
907.429 1233.385
907.733 1231.698
908.038 1236.166
908.342 1231.392
908.647 1229.259
908.951 1236.646
909.256 1232.544
909.560 1234.445
909.864 1241.083
910.169 1228.186
910.473 1214.999
910.778 1219.239
911.082 1223.383
911.387 1213.267
911.691 1224.010
911.996 1213.866
912.300 1230.409
912.609 1227.955
912.918 1224.310
913.227 1214.452
913.537 1220.437
913.846 1203.839
914.155 1213.324
914.464 1218.362
914.773 1219.203
915.082 1216.070
915.391 1217.243
915.700 1215.292
916.010 1213.964
916.319 1213.956
916.628 1210.665
916.937 1209.679
917.246 1206.941
917.555 1201.842
917.864 1215.173
918.174 1208.302
918.483 1204.172
918.792 1198.871
919.101 1201.223
919.410 1194.324
919.719 1201.802
920.028 1203.768
920.337 1206.344
920.647 1201.585
920.956 1200.189
921.265 1199.784
921.574 1203.356
921.883 1181.457
922.192 1186.795
922.501 1193.959
922.811 1192.338
923.120 1195.721
923.429 1190.893
923.738 1185.683
924.047 1195.476
924.356 1184.401
924.665 1182.932
924.974 1185.128
925.284 1184.481
925.593 1176.375
925.902 1188.645
926.211 1186.599
926.520 1174.726
926.829 1186.962
927.138 1185.290
927.448 1174.390
927.757 1175.946
928.066 1171.649
928.375 1188.648
928.684 1183.868
928.993 1177.850
929.302 1184.420
929.611 1169.409
929.921 1164.720
930.230 1164.710
930.539 1174.439
930.848 1162.242
931.157 1162.572
931.466 1175.380
931.775 1169.932
932.085 1161.945
932.394 1164.591
932.703 1152.248
933.012 1169.222
933.321 1167.059
933.630 1165.598
933.939 1160.274
934.248 1162.042
934.558 1161.639
934.867 1173.402
935.176 1164.928
935.485 1163.759
935.794 1157.900
936.103 1166.404
936.412 1182.063
936.721 1179.980
937.031 1181.823
937.340 1184.838
937.649 1193.617
937.958 1196.553
938.267 1205.494
938.576 1204.784
938.885 1213.811
939.195 1217.879
939.504 1217.639
939.813 1215.903
940.122 1229.979
940.431 1242.406
940.740 1232.433
941.049 1231.558
941.359 1225.252
941.668 1226.212
941.977 1227.842
942.286 1255.475
942.595 1242.257
942.904 1217.242
943.213 1222.621
943.522 1244.402
943.832 1232.139
944.141 1239.177
944.450 1241.356
944.759 1224.354
945.068 1222.530
945.377 1231.148
945.686 1216.153
945.995 1206.446
946.305 1207.284
946.614 1199.422
946.923 1203.166
947.232 1193.963
947.541 1205.940
947.850 1184.928
948.159 1178.741
948.469 1173.023
948.778 1171.367
949.087 1173.366
949.396 1147.674
949.705 1148.016
950.014 1130.562
950.323 1138.520
950.632 1124.618
950.942 1127.922
951.251 1134.970
951.560 1113.991
951.869 1089.923
952.178 1094.357
952.487 1095.018
952.796 1080.441
953.106 1073.523
953.415 1067.873
953.724 1058.899
954.033 1076.015
954.342 1061.758
954.651 1052.896
954.960 1044.067
955.269 1036.331
955.579 1024.298
955.888 1021.707
956.197 1026.319
956.506 1014.401
956.815 1011.995
957.124 1013.046
957.433 994.488
957.743 981.954
958.052 978.537
958.361 987.699
958.670 980.947
958.979 971.004
959.288 968.781
959.597 956.776
959.906 952.472
960.216 936.324
960.525 944.074
960.834 943.274
961.143 925.172
961.452 932.043
961.761 916.104
962.070 905.934
962.380 897.803
962.689 904.688
962.998 900.753
963.307 892.971
963.616 884.806
963.925 897.894
964.234 878.972
964.543 876.892
964.853 874.037
965.162 865.845
965.471 858.369
965.780 859.945
966.095 860.075
966.410 854.866
966.725 853.847
967.040 845.704
967.356 846.846
967.671 837.833
967.986 836.821
968.301 829.809
968.616 830.797
968.931 835.784
969.246 829.772
969.561 828.760
969.876 823.747
970.192 827.735
970.507 821.722
970.822 826.710
971.137 820.697
971.452 810.685
971.767 819.672
972.082 809.660
972.397 815.647
972.712 813.634
973.028 813.622
973.343 826.609
973.658 804.596
973.973 810.583
974.288 800.571
974.603 801.558
974.918 804.545
975.233 800.532
975.548 798.519
975.864 794.506
976.179 798.493
976.494 792.480
976.809 790.467
977.124 787.454
977.439 791.441
977.754 793.427
978.069 789.414
978.384 786.401
978.700 784.388
979.015 784.374
979.330 780.361
979.645 790.348
979.960 779.334
980.275 777.321
980.590 771.308
980.905 765.294
981.221 766.281
981.536 764.267
981.851 765.253
982.166 763.240
982.481 764.226
982.796 762.212
983.111 758.199
983.426 756.185
983.741 748.171
984.057 747.157
984.372 753.144
984.687 748.130
985.002 750.116
985.317 746.102
985.632 740.088
985.947 736.074
986.262 731.060
986.577 734.046
986.893 733.032
987.208 734.017
987.523 735.003
987.838 733.989
988.153 729.975
988.468 735.960
988.783 730.946
989.098 733.932
989.413 724.917
989.729 727.903
990.044 728.888
990.359 734.874
990.674 732.859
990.989 726.845
991.304 725.830
991.619 724.816
991.934 716.801
992.249 731.786
992.565 728.771
992.880 728.757
993.195 719.742
993.510 740.727
993.825 734.712
994.140 725.697
994.455 727.682
994.770 726.667
995.085 733.652
995.401 733.637
995.716 714.622
996.031 733.607
996.346 732.592
996.661 723.576
996.976 723.561
997.291 725.546
997.606 726.530
997.921 728.515
998.237 726.500
998.552 719.484
998.867 726.469
999.182 728.453
999.497 745.437
999.812 736.422
1000.127 727.406
1000.442 736.391
1000.757 739.375
1001.073 744.359
1001.388 753.343
1001.703 756.327
1002.018 747.311
1002.333 762.296
1002.648 759.280
1002.963 774.264
1003.278 757.248
1003.593 757.231
1003.909 759.215
1004.224 765.199
1004.539 767.183
1004.854 774.167
1005.169 780.150
1005.484 773.134
1005.799 786.118
1006.114 785.101
1006.429 783.085
1006.745 782.068
1007.060 796.052
1007.375 802.035
1007.690 801.019
1008.005 807.002
1008.320 807.985
1008.635 803.969
1008.950 813.952
1009.265 809.935
1009.581 815.918
1009.896 814.901
1010.211 816.884
1010.526 838.867
1010.841 831.850
1011.156 826.833
1011.471 824.816
1011.786 836.799
1012.102 840.782
1012.417 847.764
1012.732 850.747
1013.047 847.730
1013.362 847.712
1013.677 854.695
1013.992 853.677
1014.307 858.660
1014.622 855.642
1014.938 868.625
1015.253 867.607
1015.568 870.589
1015.883 871.572
1016.198 878.554
1016.513 881.536
1016.828 886.518
1017.143 890.500
1017.458 890.482
1017.774 888.464
1018.089 899.446
1018.404 901.428
1018.719 900.410
1019.034 900.392
1019.349 908.373
1019.664 922.355
1019.979 918.337
1020.294 921.318
1020.610 928.300
1020.925 924.282
1021.240 927.263
1021.555 937.245
1021.870 940.226
1022.185 944.207
1022.500 946.189
1022.815 954.170
1023.130 953.151
1023.446 960.132
1023.761 973.113
1024.076 970.094
1024.391 967.075
1024.706 975.056
1025.021 982.037
1025.336 982.018
1025.651 985.999
1025.966 1000.980
1026.282 989.960
1026.597 998.941
1026.912 1000.922
1027.227 1022.902
1027.542 1018.883
1027.857 1013.863
1028.172 1026.843
1028.487 1036.824
1028.802 1051.804
1029.118 1040.784
1029.433 1037.765
1029.748 1042.745
1030.063 1055.725
1030.378 1049.705
1030.693 1048.685
1031.008 1060.665
1031.323 1062.645
1031.638 1056.625
1031.954 1078.604
1032.269 1064.584
1032.584 1063.564
1032.899 1066.544
1033.214 1084.523
1033.529 1087.503
1033.844 1082.482
1034.159 1081.462
1034.474 1089.441
1034.790 1089.420
1035.105 1080.400
1035.420 1098.379
1035.735 1105.358
1036.050 1097.337
1036.365 1092.316
1036.680 1104.295
1036.995 1103.274
1037.310 1112.253
1037.626 1115.232
1037.941 1114.211
1038.256 1107.189
1038.571 1114.168
1038.886 1116.147
1039.201 1120.125
1039.516 1122.104
1039.831 1105.082
1040.146 1122.061
1040.462 1119.039
1040.777 1113.017
1041.092 1116.996
1041.407 1118.974
1041.722 1119.952
1042.037 1121.930
1042.352 1114.908
1042.667 1117.886
1042.982 1113.864
1043.298 1129.842
1043.613 1124.819
1043.928 1123.797
1044.243 1118.775
1044.558 1121.752
1044.873 1124.730
1045.188 1121.707
1045.503 1103.685
1045.819 1112.662
1046.134 1120.640
1046.449 1108.617
1046.764 1103.594
1047.079 1115.571
1047.394 1100.548
1047.709 1114.525
1048.024 1108.502
1048.339 1108.479
1048.655 1099.456
1048.970 1100.433
1049.285 1094.410
1049.600 1110.386
1049.915 1113.363
1050.230 1107.339
1050.545 1105.316
1050.860 1098.292
1051.175 1093.269
1051.491 1102.245
1051.806 1088.221
1052.121 1092.197
1052.436 1095.173
1052.751 1086.149
1053.066 1091.125
1053.381 1086.101
1053.696 1079.077
1054.011 1082.053
1054.327 1081.029
1054.642 1078.004
1054.957 1075.980
1055.272 1078.956
1055.587 1079.931
1055.902 1082.906
1056.217 1064.882
1056.532 1068.857
1056.847 1057.832
1057.163 1055.808
1057.478 1060.783
1057.793 1056.758
1058.108 1053.733
1058.423 1055.708
1058.738 1056.682
1059.053 1051.657
1059.368 1042.632
1059.683 1059.607
1059.999 1056.581
1060.314 1060.556
1060.629 1058.530
1060.944 1054.504
1061.259 1044.479
1061.574 1052.453
1061.889 1039.427
1062.204 1053.401
1062.519 1040.375
1062.835 1043.349
1063.150 1033.323
1063.465 1047.297
1063.780 1055.271
1064.095 1051.244
1064.410 1033.218
1064.725 1028.192
1065.040 1038.165
1065.355 1045.139
1065.671 1025.112
1065.986 1028.085
1066.301 1031.058
1066.616 1025.032
1066.931 1035.005
1067.246 1031.978
1067.561 1030.951
1067.876 1032.924
1068.191 1015.896
1068.507 1024.869
1068.822 1024.842
1069.137 1029.814
1069.452 1010.787
1069.767 1019.457
1070.082 1010.433
1070.397 1018.409
1070.712 1013.384
1071.027 1012.360
1071.343 997.336
1071.658 1011.311
1071.973 1003.287
1072.288 1017.262
1072.603 1008.238
1072.918 1013.213
1073.233 1000.188
1073.548 1002.164
1073.863 1011.139
1074.179 1007.114
1074.494 995.089
1074.809 992.064
1075.124 994.039
1075.439 992.014
1075.754 991.988
1076.069 986.963
1076.384 978.938
1076.699 995.912
1077.015 991.887
1077.330 996.861
1077.645 986.836
1077.960 978.810
1078.275 988.784
1078.590 974.758
1078.905 981.733
1079.220 972.707
1079.536 986.681
1079.851 982.654
1080.166 969.628
1080.481 974.602
1080.796 971.576
1081.111 979.549
1081.426 975.523
1081.741 981.497
1082.056 981.470
1082.372 971.443
1082.687 986.417
1083.002 967.390
1083.317 987.363
1083.632 977.336
1083.947 976.309
1084.262 978.282
1084.577 968.255
1084.892 968.228
1085.208 955.201
1085.523 968.173
1085.838 951.146
1086.153 956.118
1086.468 969.091
1086.783 964.063
1087.098 958.036
1087.413 967.008
1087.728 960.980
1088.044 959.952
1088.359 964.924
1088.674 955.896
1088.989 957.868
1089.304 955.840
1089.619 949.812
1089.934 957.783
1090.249 958.755
1090.564 948.727
1090.880 945.698
1091.195 957.669
1091.510 941.641
1091.825 950.612
1092.140 953.583
1092.467 954.554
1092.794 954.525
1093.121 951.496
1093.448 948.467
1093.775 955.438
1094.102 939.409
1094.429 951.379
1094.756 936.350
1095.083 936.321
1095.410 938.291
1095.737 931.261
1096.064 943.232
1096.391 940.202
1096.718 935.172
1097.045 930.142
1097.372 934.112
1097.699 937.082
1098.026 943.052
1098.353 928.022
1098.680 934.991
1099.007 933.961
1099.334 928.931
1099.661 931.900
1099.988 929.869
1100.315 922.839
1100.642 923.808
1100.969 916.777
1101.296 925.746
1101.623 941.715
1101.950 931.684
1102.277 926.653
1102.604 935.622
1102.931 936.591
1103.258 926.559
1103.585 929.528
1103.912 926.496
1104.239 932.465
1104.566 937.433
1104.893 934.401
1105.220 932.369
1105.547 921.337
1105.874 926.305
1106.201 926.273
1106.528 931.241
1106.855 930.209
1107.182 925.177
1107.509 912.144
1107.836 919.112
1108.163 920.079
1108.490 917.047
1108.817 929.014
1109.144 924.981
1109.470 934.948
1109.797 924.915
1110.124 933.882
1110.451 927.849
1110.778 927.816
1111.105 928.783
1111.432 927.750
1111.759 925.716
1112.086 926.683
1112.413 927.649
1112.740 942.615
1113.067 924.582
1113.394 917.548
1113.721 924.514
1114.048 929.480
1114.375 922.446
1114.702 920.412
1115.029 918.378
1115.356 912.343
1115.683 905.309
1116.010 924.274
1116.337 918.240
1116.664 917.205
1116.991 910.171
1117.318 908.136
1117.645 915.101
1117.972 915.066
1118.299 907.031
1118.626 914.996
1118.953 905.961
1119.280 909.925
1119.607 911.890
1119.934 893.855
1120.261 908.819
1120.588 901.783
1120.915 904.748
1121.242 899.712
1121.569 899.676
1121.896 896.640
1122.223 901.604
1122.550 902.568
1122.877 903.532
1123.204 898.496
1123.531 894.459
1123.858 903.423
1124.185 905.387
1124.512 899.350
1124.839 890.313
1125.166 894.277
1125.493 893.240
1125.820 898.203
1126.147 896.166
1126.474 885.129
1126.801 888.092
1127.128 890.054
1127.455 882.017
1127.782 877.980
1128.109 876.942
1128.436 884.905
1128.763 877.867
1129.090 876.829
1129.417 879.791
1129.744 868.753
1130.071 862.715
1130.398 876.677
1130.725 864.639
1131.052 873.601
1131.379 864.563
1131.706 870.524
1132.033 863.486
1132.360 855.447
1132.687 859.409
1133.014 857.370
1133.341 854.331
1133.668 852.292
1133.995 852.253
1134.322 858.214
1134.649 853.175
1134.976 858.136
1135.303 852.097
1135.630 842.057
1135.957 850.018
1136.284 840.978
1136.611 838.939
1136.938 838.899
1137.265 822.859
1137.592 833.819
1137.919 828.779
1138.246 820.739
1138.573 827.699
1138.900 811.659
1139.227 812.619
1139.554 812.578
1139.881 816.538
1140.208 803.498
1140.535 789.457
1140.862 797.416
1141.189 791.376
1141.516 795.335
1141.843 791.294
1142.170 770.253
1142.497 776.212
1142.824 773.171
1143.151 776.129
1143.478 774.088
1143.805 774.047
1144.131 768.005
1144.458 774.964
1144.785 772.922
1145.112 769.880
1145.439 756.839
1145.766 767.797
1146.093 765.755
1146.420 770.713
1146.747 750.671
1147.074 755.629
1147.401 749.586
1147.728 762.544
1148.055 768.502
1148.382 746.459
1148.709 752.417
1149.036 763.374
1149.363 763.331
1149.690 753.289
1150.017 765.246
1150.344 760.203
1150.671 747.160
1150.998 759.117
1151.325 752.074
1151.652 750.030
1151.979 737.987
1152.306 743.944
1152.633 757.900
1152.960 742.857
1153.287 751.813
1153.614 745.769
1153.941 742.726
1154.268 740.682
1154.595 736.638
1154.922 747.594
1155.249 750.550
1155.576 745.506
1155.903 751.462
1156.230 739.418
1156.557 739.373
1156.884 742.329
1157.211 741.284
1157.538 755.240
1157.865 751.195
1158.192 747.151
1158.519 741.106
1158.846 732.061
1159.173 738.016
1159.500 731.971
1159.827 745.927
1160.154 736.881
1160.481 733.836
1160.808 737.791
1161.135 736.746
1161.462 741.701
1161.789 724.655
1162.116 732.610
1162.443 723.564
1162.770 723.519
1163.097 723.473
1163.424 728.428
1163.751 725.382
1164.078 726.336
1164.405 730.290
1164.732 724.244
1165.059 728.198
1165.386 728.152
1165.713 730.106
1166.040 737.060
1166.367 733.014
1166.694 722.967
1167.021 722.921
1167.348 721.875
1167.675 708.828
1168.002 717.782
1168.329 712.735
1168.656 709.689
1168.983 704.642
1169.310 715.595
1169.637 708.549
1169.964 700.502
1170.291 691.455
1170.618 689.408
1170.945 676.361
1171.272 681.314
1171.599 671.267
1171.926 659.220
1172.253 663.173
1172.580 655.125
1172.907 648.078
1173.234 640.031
1173.561 645.984
1173.888 637.936
1174.215 628.889
1174.542 625.841
1174.869 633.794
1175.196 619.746
1175.523 614.699
1175.850 628.651
1176.177 625.603
1176.504 631.556
1176.831 629.508
1177.158 617.460
1177.485 613.412
1177.812 617.364
1178.139 620.317
1178.465 615.269
1178.792 626.221
1179.119 611.173
1179.446 618.125
1179.773 615.077
1180.100 606.028
1180.427 599.980
1180.754 598.932
1181.081 598.884
1181.408 595.836
1181.735 592.788
1182.062 598.739
1182.389 578.691
1182.716 584.643
1183.043 584.595
1183.370 584.546
1183.697 575.498
1184.024 578.449
1184.351 576.401
1184.678 570.353
1185.005 564.304
1185.332 569.256
1185.659 568.207
1185.986 579.159
1186.313 582.110
1186.640 576.062
1186.967 573.013
1187.294 567.965
1187.621 567.916
1187.948 569.868
1188.275 556.819
1188.602 552.770
1188.929 552.722
1189.256 555.673
1189.583 547.625
1189.910 550.576
1190.237 543.528
1190.564 547.479
1190.891 553.430
1191.218 556.382
1191.545 545.333
1191.872 544.285
1192.199 539.236
1192.526 538.188
1192.853 530.139
1193.180 539.090
1193.507 536.042
1193.834 535.993
1194.161 534.945
1194.488 531.896
1194.815 527.848
1195.142 540.799
1195.469 531.751
1195.796 531.702
1196.123 527.654
1196.450 516.606
1196.777 516.557
1197.104 520.509
1197.431 526.461
1197.758 519.412
1198.085 515.364
1198.412 518.316
1198.739 515.267
1199.066 518.219
1199.393 513.171
1199.720 501.123
1200.047 498.075
1200.374 500.027
1200.701 504.979
1201.028 498.931
1201.355 505.883
1201.682 492.835
1202.009 493.787
1202.336 489.739
1202.663 492.691
1202.990 481.644
1203.317 468.596
1203.644 478.548
1203.971 472.501
1204.298 480.453
1204.625 474.406
1204.952 470.358
1205.279 466.311
1205.606 469.263
1205.933 460.216
1206.260 464.169
1206.587 461.122
1206.914 461.075
1207.241 466.028
1207.568 459.981
1207.895 455.934
1208.222 447.887
1208.549 449.840
1208.876 445.793
1209.203 440.747
1209.530 443.700
1209.857 438.654
1210.184 432.607
1210.511 429.561
1210.838 433.515
1211.165 433.469
1211.492 428.423
1211.819 428.377
1212.146 427.331
1212.473 406.285
1212.799 420.239
1213.126 406.193
1213.453 401.148
1213.780 399.102
1214.107 410.057
1214.434 400.012
1214.761 394.967
1215.088 401.922
1215.415 391.877
1215.742 403.832
1216.069 395.787
1216.396 391.742
1216.723 399.698
1217.050 383.653
1217.377 380.609
1217.704 375.565
1218.031 381.521
1218.358 373.477
1218.685 376.433
1219.012 372.389
1219.339 373.345
1219.666 376.302
1219.993 365.259
1220.320 373.215
1220.647 366.172
1220.974 354.129
1221.301 352.086
1221.628 360.044
1221.955 352.001
1222.282 350.959
1222.609 353.916
1222.936 356.874
1223.263 343.832
1223.590 341.790
1223.917 348.748
1224.244 341.707
1224.571 339.665
1224.898 346.624
1225.225 334.583
1225.552 331.542
1225.879 328.501
1226.206 336.460
1226.533 325.420
1226.860 326.379
1227.187 330.339
1227.514 315.299
1227.841 321.259
1228.168 322.219
1228.495 327.180
1228.822 314.140
1229.149 308.101
1229.476 313.062
1229.803 305.023
1230.130 307.984
1230.457 305.946
1230.784 299.908
1231.111 301.869
1231.438 295.831
1231.765 301.794
1232.092 301.756
1232.419 295.719
1232.746 299.681
