168.180 3.517
168.450 47.516
168.720 65.516
168.990 63.516
169.260 66.516
169.530 67.515
169.799 70.515
170.069 60.515
170.339 71.515
170.609 61.514
170.879 71.514
171.149 66.514
171.418 60.514
171.688 68.513
171.958 67.513
172.228 66.513
172.498 55.513
172.768 76.512
173.037 65.512
173.307 64.512
173.577 64.512
173.847 64.511
174.117 62.511
174.387 68.511
174.656 69.511
174.926 67.510
175.196 67.510
175.466 67.510
175.736 68.509
176.006 66.509
176.275 69.509
176.545 71.509
176.815 74.508
177.085 71.508
177.355 68.508
177.625 61.508
177.894 60.507
178.164 67.507
178.434 71.507
178.704 66.507
178.974 70.506
179.244 63.506
179.513 68.506
179.783 73.506
180.053 80.505
180.323 58.505
180.593 62.505
180.863 59.505
181.132 64.504
181.402 63.504
181.672 60.504
181.942 67.504
182.212 62.503
182.482 63.503
182.751 70.503
183.021 65.502
183.291 67.502
183.561 73.502
183.831 69.502
184.101 79.501
184.370 69.501
184.640 78.501
184.910 76.501
185.164 67.500
185.417 65.500
185.671 72.500
185.925 66.500
186.178 66.499
186.432 72.499
186.686 74.499
186.939 74.499
187.193 75.498
187.447 69.498
187.700 68.498
187.954 73.497
188.207 71.497
188.461 73.497
188.715 64.497
188.968 66.496
189.222 64.496
189.476 70.496
189.729 66.496
189.983 71.495
190.237 75.495
190.490 68.495
190.744 67.494
190.998 68.494
191.251 66.494
191.505 58.494
191.759 68.493
192.012 66.493
192.266 62.493
192.520 63.493
192.773 72.492
193.027 65.492
193.281 66.492
193.534 69.492
193.788 70.491
194.042 62.491
194.295 70.491
194.549 63.490
194.802 67.490
195.056 67.490
195.310 74.490
195.563 76.489
195.817 77.489
196.071 67.489
196.324 77.489
196.578 65.488
196.832 61.488
197.085 74.488
197.339 81.487
197.593 71.487
197.846 70.487
198.100 72.487
198.354 68.486
198.607 71.486
198.861 72.486
199.115 75.485
199.368 72.485
199.622 68.485
199.876 67.485
200.129 72.484
200.383 70.484
200.636 64.484
200.890 65.484
201.144 71.483
201.397 66.483
201.651 71.483
201.905 73.482
202.158 70.482
202.412 75.482
202.666 78.482
202.919 70.481
203.173 68.481
203.427 70.481
203.680 73.480
203.934 67.480
204.188 72.480
204.441 71.480
204.695 64.479
204.949 72.479
205.202 73.479
205.456 69.479
205.710 69.478
205.963 62.478
206.217 75.478
206.471 73.477
206.724 72.477
206.978 81.477
207.231 74.477
207.485 83.476
207.739 77.476
207.992 64.476
208.246 73.475
208.500 62.475
208.753 75.475
209.007 75.475
209.261 70.474
209.514 68.474
209.768 73.474
210.022 75.473
210.275 65.473
210.529 74.473
210.783 73.473
211.036 69.472
211.290 72.472
211.544 74.472
211.797 63.471
212.051 66.471
212.305 68.471
212.558 67.471
212.812 72.470
213.065 74.470
213.319 69.470
213.573 67.469
213.826 77.469
214.080 73.469
214.334 83.469
214.587 73.468
214.841 71.468
215.095 77.468
215.348 74.467
215.602 65.467
215.856 76.467
216.109 81.466
216.363 76.466
216.617 75.466
216.870 73.466
217.124 70.465
217.378 64.465
217.631 74.465
217.885 67.464
218.139 76.464
218.392 67.464
218.646 73.464
218.900 77.463
219.153 70.463
219.407 74.463
219.660 79.462
219.914 78.462
220.168 75.462
220.421 72.461
220.675 76.461
220.929 76.461
221.182 76.461
221.436 73.460
221.690 71.460
221.943 70.460
222.197 75.459
222.451 76.459
222.704 70.459
222.958 74.459
223.212 63.458
223.465 75.458
223.719 81.458
223.973 78.457
224.226 71.457
224.480 72.457
224.734 81.456
224.987 84.456
225.241 71.456
225.494 78.456
225.748 80.455
226.002 77.455
226.255 74.455
226.509 76.454
226.763 76.454
227.016 77.454
227.270 82.453
227.524 78.453
227.777 72.453
228.031 72.452
228.285 75.452
228.538 72.452
228.792 75.452
229.046 71.451
229.299 75.451
229.553 79.451
229.807 79.450
230.060 79.450
230.314 75.450
230.568 74.449
230.821 76.449
231.075 80.449
231.329 76.449
231.582 79.448
231.836 76.448
232.089 81.448
232.343 76.447
232.597 76.447
232.850 72.447
233.104 75.446
233.358 74.446
233.611 72.446
233.865 78.445
234.119 84.445
234.372 84.445
234.626 78.445
234.880 80.444
235.133 83.444
235.387 76.444
235.641 80.443
235.894 83.443
236.148 78.443
236.402 82.442
236.655 80.442
236.909 78.442
237.163 82.441
237.416 79.441
237.670 79.441
237.924 83.440
238.177 79.440
238.431 85.440
238.684 84.440
238.938 89.439
239.192 74.439
239.445 82.439
239.699 69.438
239.953 72.438
240.206 83.438
240.460 86.437
240.714 79.437
240.967 74.437
241.221 77.436
241.475 83.436
241.728 82.436
241.982 83.435
242.236 85.435
242.489 79.435
242.743 80.434
242.997 85.434
243.250 79.434
243.504 75.434
243.758 74.433
244.011 81.433
244.265 88.433
244.518 79.432
244.772 82.432
245.026 82.432
245.279 85.431
245.533 80.431
245.787 79.431
246.040 81.430
246.294 86.430
246.548 71.430
246.801 77.429
247.055 74.429
247.309 77.429
247.562 80.428
247.816 74.428
248.070 79.428
248.323 83.427
248.577 85.427
248.831 75.427
249.084 75.426
249.338 80.426
249.592 83.426
249.845 89.425
250.099 85.425
250.353 84.425
250.606 76.424
250.860 71.424
251.113 81.424
251.367 82.423
251.621 78.423
251.874 78.423
252.128 77.423
252.382 92.422
252.635 87.422
252.889 92.422
253.143 84.421
253.396 80.421
253.650 84.421
253.911 86.420
254.172 81.420
254.433 75.420
254.694 86.419
254.955 86.419
255.216 85.419
255.477 87.418
255.738 84.418
255.999 85.418
256.261 92.417
256.522 88.417
256.783 91.417
257.044 87.416
257.305 87.416
257.566 83.416
257.827 92.415
258.088 90.415
258.349 82.415
258.610 84.414
258.871 91.414
259.132 85.414
259.393 86.413
259.654 79.413
259.915 91.413
260.176 93.412
260.437 90.412
260.698 89.412
260.959 79.411
261.221 89.411
261.482 80.411
261.743 85.410
262.004 86.410
262.265 85.409
262.526 82.409
262.787 88.409
263.048 88.408
263.309 82.408
263.570 94.408
263.831 94.407
264.092 85.407
264.353 90.407
264.614 97.406
264.875 84.406
265.136 104.406
265.397 86.405
265.658 96.405
265.919 88.405
266.181 90.404
266.442 82.404
266.703 83.404
266.964 83.403
267.225 85.403
267.486 86.403
267.747 88.402
268.008 84.402
268.269 92.402
268.530 85.401
268.791 85.401
269.052 85.401
269.313 91.400
269.574 89.400
269.835 93.400
270.096 92.399
270.357 88.399
270.618 88.398
270.879 91.398
271.141 87.398
271.402 89.397
271.663 101.397
271.924 96.397
272.185 88.396
272.446 85.396
272.707 83.396
272.968 86.395
273.229 95.395
273.490 87.395
273.751 88.394
274.012 93.394
274.273 92.394
274.534 92.393
274.795 93.393
275.056 90.393
275.317 88.392
275.578 89.392
275.839 96.391
276.101 87.391
276.362 78.391
276.623 93.390
276.884 93.390
277.145 82.390
277.406 90.389
277.667 95.389
277.928 89.389
278.189 95.388
278.450 100.388
278.711 90.388
278.972 92.387
279.233 88.387
279.494 88.386
279.755 96.386
280.016 92.386
280.277 97.385
280.538 93.385
280.799 98.385
281.061 91.384
281.322 98.384
281.583 92.384
281.844 105.383
282.105 87.383
282.366 88.382
282.627 97.382
282.888 99.382
283.149 83.381
283.410 102.381
283.671 95.381
283.932 102.380
284.193 100.380
284.454 93.380
284.715 91.379
284.976 89.379
285.237 90.378
285.498 98.378
285.759 97.378
286.021 87.377
286.282 99.377
286.543 98.377
286.804 102.376
287.065 95.376
287.326 97.376
287.587 92.375
287.848 95.375
288.109 96.374
288.370 100.374
288.631 111.374
288.892 98.373
289.153 96.373
289.414 98.373
289.675 106.372
289.936 95.372
290.197 98.371
290.458 93.371
290.719 100.371
290.981 100.370
291.242 100.370
291.503 100.370
291.764 99.369
292.025 96.369
292.286 105.368
292.547 95.368
292.808 89.368
293.069 94.367
293.330 100.367
293.591 99.367
293.852 101.366
294.113 102.366
294.374 88.365
294.635 101.365
294.896 98.365
295.157 104.364
295.418 97.364
295.679 105.364
295.941 103.363
296.202 99.363
296.463 102.362
296.724 105.362
296.985 101.362
297.246 99.361
297.507 96.361
297.768 96.360
298.029 90.360
298.290 101.360
298.551 98.359
298.812 94.359
299.073 95.359
299.334 94.358
299.595 96.358
299.856 94.357
300.117 101.357
300.378 96.357
300.639 104.356
300.901 102.356
301.162 107.355
301.423 106.355
301.684 101.355
301.945 98.354
302.206 109.354
302.467 106.354
302.728 101.353
302.989 102.353
303.250 109.352
303.511 99.352
303.772 96.352
304.033 94.351
304.294 103.351
304.555 103.350
304.816 110.350
305.077 104.350
305.338 100.349
305.599 103.349
305.861 101.348
306.122 102.348
306.383 102.348
306.644 105.347
306.905 102.347
307.166 100.347
307.427 104.346
307.688 104.346
307.949 109.345
308.210 107.345
308.471 101.345
308.732 103.344
308.993 105.344
309.254 105.343
309.515 111.343
309.776 118.343
310.037 116.342
310.298 104.342
310.559 111.341
310.821 102.341
311.082 103.341
311.343 105.340
311.604 107.340
311.865 108.339
312.126 104.339
312.387 99.339
312.648 107.338
312.909 104.338
313.170 112.337
313.437 102.337
313.704 108.337
313.971 105.336
314.238 106.336
314.504 111.335
314.771 115.335
315.038 109.335
315.305 108.334
315.572 107.334
315.839 109.333
316.106 101.333
316.373 109.332
316.640 115.332
316.906 108.332
317.173 108.331
317.440 104.331
317.707 97.330
317.974 102.330
318.241 109.330
318.508 110.329
318.775 111.329
319.042 103.328
319.308 102.328
319.575 107.328
319.842 111.327
320.109 120.327
320.376 109.326
320.643 120.326
320.910 114.325
321.177 119.325
321.444 111.325
321.710 113.324
321.977 107.324
322.244 111.323
322.511 118.323
322.778 105.323
323.045 108.322
323.312 120.322
323.579 115.321
323.846 117.321
324.112 107.320
324.379 112.320
324.646 110.320
324.913 108.319
325.180 107.319
325.447 114.318
325.714 115.318
325.981 117.318
326.248 113.317
326.514 116.317
326.781 114.316
327.048 107.316
327.315 113.315
327.582 112.315
327.849 116.315
328.116 118.314
328.383 108.314
328.649 114.313
328.916 110.313
329.183 116.312
329.450 111.312
329.717 120.312
329.984 118.311
330.251 114.311
330.518 111.310
330.785 116.310
331.051 118.309
331.318 115.309
331.585 118.309
331.852 112.308
332.119 121.308
332.386 128.307
332.653 124.307
332.920 129.306
333.187 122.306
333.453 130.306
333.720 124.305
333.987 127.305
334.254 118.304
334.521 120.304
334.788 131.303
335.055 139.303
335.322 138.303
335.589 130.302
335.855 140.302
336.122 143.301
336.389 141.301
336.656 159.300
336.923 140.300
337.190 151.300
337.457 158.299
337.724 158.299
337.991 164.298
338.257 168.298
338.524 175.297
338.791 173.297
339.058 173.296
339.325 192.296
339.592 191.296
339.859 188.295
340.126 193.295
340.393 204.294
340.659 210.294
340.926 209.293
341.193 221.293
341.460 238.292
341.727 242.292
341.994 241.292
342.261 250.291
342.528 265.291
342.795 271.290
343.061 281.290
343.328 292.289
343.595 299.289
343.862 311.288
344.129 305.288
344.396 321.288
344.663 329.287
344.930 339.287
345.197 338.286
345.463 352.286
345.730 371.285
345.997 376.285
346.264 393.284
346.531 392.284
346.798 415.283
347.065 427.283
347.332 439.283
347.599 449.282
347.865 472.282
348.132 471.281
348.399 483.281
348.666 508.280
348.933 507.280
349.200 526.279
349.467 544.279
349.734 552.278
350.001 574.278
350.267 577.278
350.534 590.277
350.801 612.277
351.068 619.276
351.335 630.276
351.602 645.275
351.869 661.275
352.136 670.274
352.402 699.274
352.669 699.273
352.936 724.273
353.203 732.273
353.470 747.272
353.737 755.272
354.004 768.271
354.271 792.271
354.538 802.270
354.804 822.270
355.071 838.269
355.338 850.269
355.605 863.268
355.872 890.268
356.139 907.267
356.406 922.267
356.673 934.266
356.940 950.266
357.206 976.966
357.473 997.221
357.740 1018.524
358.007 1038.063
358.274 1052.203
358.541 1066.392
358.808 1096.517
359.075 1127.057
359.342 1124.630
359.608 1158.592
359.875 1170.327
360.142 1210.795
360.409 1215.288
360.676 1251.561
360.943 1266.521
361.210 1287.895
361.477 1303.078
361.744 1332.905
362.010 1338.105
362.277 1364.471
362.544 1388.516
362.811 1402.566
363.078 1416.324
363.345 1450.216
363.612 1486.469
363.879 1497.608
364.146 1524.128
364.412 1532.681
364.679 1577.070
364.946 1596.384
365.213 1617.982
365.480 1634.366
365.748 1638.108
366.017 1677.832
366.285 1705.962
366.553 1715.957
366.822 1727.545
367.090 1730.620
367.358 1761.187
367.627 1785.514
367.895 1801.815
368.164 1814.147
368.432 1830.667
368.700 1856.147
368.969 1893.249
369.237 1892.254
369.505 1916.845
369.774 1932.716
370.042 1965.749
370.310 1971.252
370.579 1996.925
370.847 2011.494
371.115 2023.866
371.384 2041.609
371.652 2053.719
371.921 2062.557
372.189 2072.166
372.457 2110.880
372.726 2125.405
372.994 2129.974
373.262 2152.655
373.531 2145.474
373.799 2157.748
374.067 2177.572
374.336 2189.950
374.604 2196.960
374.872 2233.480
375.141 2231.108
375.409 2251.351
375.678 2245.351
375.946 2269.817
376.214 2278.088
376.483 2303.608
376.751 2314.503
377.019 2317.793
377.288 2332.862
377.556 2343.626
377.824 2377.664
378.093 2371.366
378.361 2395.318
378.629 2417.177
378.898 2434.466
379.166 2455.273
379.435 2470.829
379.703 2487.941
379.971 2500.773
380.240 2523.794
380.508 2537.631
380.776 2558.998
381.045 2578.511
381.313 2607.074
381.581 2610.459
381.850 2647.987
382.118 2676.580
382.386 2687.935
382.655 2698.849
382.923 2737.077
383.192 2756.932
383.460 2784.105
383.728 2785.488
383.997 2827.114
384.265 2852.603
384.533 2892.241
384.802 2904.223
385.070 2933.277
385.338 2990.439
385.607 3005.642
385.875 3005.623
386.143 3065.306
386.412 3091.435
386.680 3121.836
386.948 3136.444
387.217 3168.168
387.485 3209.151
387.754 3244.792
388.022 3283.143
388.290 3296.643
388.559 3336.095
388.827 3391.720
389.095 3422.253
389.364 3456.556
389.632 3488.798
389.900 3511.092
390.169 3553.968
390.437 3595.434
390.705 3613.856
390.974 3674.487
391.242 3711.716
391.511 3735.353
391.779 3774.758
392.047 3825.459
392.316 3861.356
392.584 3913.448
392.852 3933.547
393.121 3961.545
393.389 4021.741
393.657 4065.592
393.926 4101.924
394.194 4161.707
394.462 4175.049
394.731 4210.454
394.999 4271.484
395.268 4317.228
395.536 4352.333
395.804 4392.154
396.073 4444.648
396.341 4494.928
396.609 4518.096
396.878 4583.973
397.146 4619.148
397.414 4668.969
397.683 4706.081
397.951 4766.200
398.219 4810.271
398.488 4871.131
398.756 4893.501
399.025 4961.330
399.293 5006.471
399.561 5041.947
399.830 5105.842
400.098 5168.084
400.366 5196.639
400.635 5266.928
400.903 5283.367
401.171 5336.999
401.440 5420.692
401.708 5461.004
401.976 5516.419
402.245 5539.854
402.513 5601.235
402.782 5654.275
403.050 5689.121
403.318 5752.795
403.587 5831.599
403.855 5866.433
404.123 5923.824
404.392 5959.431
404.660 6022.126
404.934 6085.956
405.207 6148.717
405.481 6188.861
405.754 6231.837
406.028 6298.500
406.301 6334.561
406.575 6403.541
406.848 6424.262
407.122 6492.840
407.395 6559.589
407.669 6599.337
407.942 6653.901
408.216 6735.966
408.489 6746.506
408.763 6797.444
409.036 6867.682
409.310 6910.026
409.583 6962.437
409.857 7031.685
410.130 7109.530
410.404 7127.919
410.677 7184.078
410.951 7252.790
411.224 7291.400
411.498 7325.167
411.771 7387.432
412.045 7434.677
412.318 7484.573
412.592 7542.133
412.865 7588.155
413.139 7629.295
413.412 7707.504
413.686 7748.355
413.959 7824.903
414.233 7844.650
414.506 7884.261
414.780 7956.100
415.053 8044.260
415.327 8077.786
415.600 8141.115
415.874 8176.146
416.147 8226.549
416.421 8295.584
416.694 8356.788
416.968 8426.696
417.241 8496.102
417.515 8518.294
417.788 8602.364
418.062 8624.896
418.335 8693.614
418.609 8726.324
418.882 8794.734
419.156 8822.676
419.429 8884.490
419.703 8948.195
419.976 9014.114
420.250 9019.047
420.524 9119.782
420.797 9163.324
421.071 9222.803
421.344 9228.313
421.618 9291.805
421.891 9329.176
422.165 9414.067
422.438 9440.612
422.712 9528.963
422.985 9550.184
423.259 9606.285
423.532 9667.132
423.806 9710.163
424.079 9769.594
424.353 9841.133
424.626 9844.599
424.900 9892.562
425.173 9970.191
425.447 9996.131
425.720 10054.130
425.994 10108.238
426.267 10162.780
426.541 10182.676
426.814 10199.327
427.088 10255.148
427.361 10332.454
427.635 10367.330
427.908 10419.481
428.182 10420.226
428.455 10510.720
428.729 10531.311
429.002 10556.015
429.276 10599.921
429.549 10661.413
429.823 10686.238
430.096 10707.659
430.370 10752.386
430.643 10816.652
430.917 10853.090
431.190 10886.207
431.464 10933.586
431.737 10954.846
432.011 11013.222
432.284 11033.349
432.558 11078.507
432.831 11103.737
433.105 11101.316
433.378 11205.139
433.652 11215.760
433.925 11230.573
434.199 11295.702
434.472 11337.773
434.746 11386.110
435.019 11459.569
435.293 11490.637
435.566 11512.060
435.840 11560.186
436.119 11600.900
436.398 11634.663
436.677 11637.728
436.956 11679.312
437.235 11704.648
437.514 11716.637
437.793 11735.337
438.073 11783.778
438.352 11833.269
438.631 11866.766
438.910 11895.299
439.189 11915.136
439.468 11954.153
439.747 11978.633
440.026 12015.705
440.305 12104.485
440.584 12079.783
440.863 12156.708
441.142 12215.073
441.421 12276.357
441.700 12286.777
441.979 12318.537
442.258 12331.807
442.538 12437.407
442.817 12450.137
443.096 12482.144
443.375 12516.560
443.654 12541.309
443.933 12582.610
444.212 12679.735
444.491 12654.454
444.770 12746.920
445.049 12787.608
445.328 12852.623
445.607 12869.223
445.886 12929.563
446.165 12899.397
446.444 13009.875
446.723 13031.484
447.003 13059.943
447.282 13088.488
447.561 13140.689
447.840 13210.345
448.119 13240.197
448.398 13275.053
448.677 13362.540
448.956 13378.053
449.235 13439.877
449.514 13490.604
449.793 13506.063
450.072 13567.642
450.351 13633.976
450.630 13652.378
450.909 13702.884
451.188 13782.111
451.468 13805.319
451.747 13842.495
452.026 13901.992
452.305 13935.292
452.584 13974.740
452.863 14044.784
453.142 14016.295
453.421 14132.316
453.700 14215.154
453.979 14252.869
454.258 14290.882
454.537 14347.713
454.816 14420.146
455.095 14487.769
455.374 14525.678
455.653 14631.101
455.933 14644.826
456.212 14683.514
456.491 14759.567
456.770 14810.954
457.049 14883.804
457.328 14938.393
457.607 15052.581
457.886 15054.584
458.165 15114.136
458.444 15183.372
458.723 15282.977
459.002 15344.350
459.281 15392.251
459.560 15480.012
459.839 15527.773
460.119 15658.162
460.398 15699.538
460.677 15765.178
460.956 15866.852
461.235 15905.979
461.514 16007.205
461.793 16078.699
462.072 16198.613
462.351 16243.923
462.630 16318.782
462.909 16406.357
463.188 16521.428
463.467 16663.994
463.746 16692.427
464.025 16788.073
464.304 16917.890
464.584 16947.461
464.863 17037.412
465.142 17161.654
465.421 17267.444
465.700 17413.168
465.979 17455.222
466.258 17596.614
466.537 17705.976
466.816 17746.272
467.095 17859.470
467.374 17951.887
467.653 18082.195
467.932 18152.183
468.211 18295.030
468.490 18376.405
468.769 18510.028
469.049 18628.656
469.328 18753.027
469.607 18840.026
469.886 18927.025
470.165 19058.025
470.444 19196.220
470.723 19335.695
471.002 19423.292
471.281 19514.536
471.560 19646.668
471.839 19752.525
472.118 19911.755
472.397 20006.037
472.676 20102.428
472.955 20218.327
473.234 20343.075
473.514 20425.569
473.793 20571.588
474.072 20672.724
474.351 20795.170
474.630 20927.286
474.909 21047.535
475.188 21146.625
475.467 21276.327
475.746 21363.739
476.025 21467.555
476.304 21604.684
476.583 21709.358
476.862 21849.295
477.141 21968.406
477.420 22110.435
477.699 22152.046
477.979 22259.453
478.258 22411.467
478.537 22553.849
478.816 22654.361
479.095 22748.461
479.374 22871.532
479.653 22974.253
479.932 23033.950
480.211 23180.411
480.490 23298.243
480.769 23380.162
481.048 23531.537
481.327 23604.959
481.606 23690.471
481.885 23792.740
482.165 23912.946
482.444 24005.179
482.723 24179.638
483.002 24247.135
483.281 24414.142
483.560 24504.147
483.839 24609.770
484.118 24713.827
484.397 24768.178
484.676 24889.684
484.955 24995.823
485.234 25122.901
485.513 25239.567
485.792 25333.316
486.071 25369.660
486.350 25562.481
486.630 25587.298
486.909 25741.144
487.188 25778.795
487.467 25896.028
487.746 25993.760
488.025 26091.263
488.304 26183.395
488.583 26268.369
488.862 26355.713
489.141 26452.354
489.420 26562.537
489.699 26622.906
489.978 26753.579
490.257 26814.403
490.536 26908.406
490.815 27056.611
491.095 27119.187
491.374 27214.767
491.653 27330.909
491.932 27446.577
492.211 27579.452
492.490 27572.561
492.769 27687.399
493.048 27800.983
493.327 27878.780
493.606 28005.058
493.885 28035.565
494.164 28202.401
494.443 28242.598
494.722 28371.531
495.001 28436.634
495.280 28617.603
495.560 28633.929
495.839 28741.108
496.118 28781.992
496.397 28910.145
496.676 29023.138
496.955 29083.537
497.234 29188.269
497.513 29299.044
497.792 29386.267
498.071 29480.834
498.350 29550.250
498.629 29641.798
498.908 29715.238
499.187 29794.920
499.466 29899.442
499.745 29966.778
500.025 30082.438
500.304 30085.369
500.583 30199.741
500.862 30359.457
501.141 30427.936
501.420 30486.860
501.699 30493.406
501.978 30676.348
502.257 30690.772
502.536 30779.169
502.815 30935.419
503.094 30986.802
503.373 31113.064
503.652 31139.326
503.931 31237.545
504.211 31343.395
504.490 31407.224
504.769 31401.750
505.048 31567.879
505.327 31583.091
505.606 31709.571
505.885 31745.860
506.164 31848.501
506.443 31851.398
506.722 31963.262
507.001 32003.999
507.280 32071.276
507.559 32176.630
507.838 32328.475
508.117 32355.087
508.396 32392.335
508.676 32485.044
508.955 32445.612
509.234 32610.797
509.513 32677.862
509.792 32685.041
510.071 32745.552
510.350 32848.986
510.629 32874.653
510.908 32936.319
511.187 33002.985
511.466 33048.063
511.745 33159.906
512.024 33221.671
512.303 33231.225
512.582 33284.158
512.861 33334.259
513.141 33424.826
513.420 33441.738
513.699 33444.458
513.978 33557.377
514.257 33664.192
514.536 33638.844
514.815 33662.512
515.094 33716.783
515.373 33759.735
515.652 33822.655
515.931 33927.461
516.210 33942.608
516.489 33963.858
516.768 33970.922
517.047 34052.840
517.326 34048.648
517.606 34119.176
517.885 34176.478
518.164 34221.892
518.443 34314.429
518.722 34372.418
519.001 34420.992
519.280 34395.557
519.559 34509.228
519.838 34481.258
520.117 34596.359
520.396 34585.417
520.675 34667.853
520.954 34687.992
521.233 34723.618
521.512 34800.659
521.791 34845.512
522.071 34884.570
522.350 35032.825
522.629 35015.353
522.908 34977.699
523.187 35142.735
523.466 35150.166
523.745 35190.444
524.024 35202.565
524.303 35264.750
524.582 35296.809
524.861 35413.104
525.140 35403.129
525.419 35484.575
525.698 35476.016
525.977 35533.712
526.257 35587.489
526.536 35656.059
526.815 35667.803
527.094 35663.366
527.373 35707.647
527.652 35788.090
527.931 35856.601
528.210 35914.475
528.489 35925.930
528.768 35987.540
529.047 36069.056
529.326 36106.970
529.605 36116.337
529.884 36094.467
530.163 36193.040
530.442 36251.752
530.722 36237.321
531.001 36331.295
531.280 36354.633
531.559 36361.858
531.838 36353.351
532.117 36471.943
532.396 36512.624
532.675 36472.441
532.954 36571.278
533.233 36637.160
533.512 36645.070
533.791 36673.452
534.070 36758.598
534.349 36822.594
534.628 36800.981
534.907 36815.957
535.187 36907.899
535.466 36950.506
535.745 36975.173
536.024 36961.889
536.303 36991.292
536.582 37029.305
536.861 37096.887
537.140 37129.236
537.419 37181.739
537.698 37245.062
537.977 37243.875
538.256 37246.015
538.535 37264.144
538.814 37302.600
539.093 37304.509
539.372 37320.095
539.652 37392.547
539.931 37375.305
540.210 37492.147
540.489 37453.758
540.768 37527.654
541.047 37560.820
541.326 37585.397
541.605 37580.992
541.884 37588.280
542.163 37674.191
542.442 37653.663
542.721 37716.578
543.000 37699.236
543.279 37714.650
543.558 37724.283
543.837 37731.730
544.117 37766.220
544.396 37858.746
544.675 37796.140
544.954 37818.165
545.233 37875.048
545.512 37825.724
545.791 37847.967
546.070 37840.229
546.351 37833.458
546.632 37890.517
546.912 37848.930
547.193 37839.102
547.474 37867.175
547.755 37885.456
548.036 37805.594
548.317 37932.032
548.597 37912.670
548.878 37875.036
549.159 37882.772
549.440 37948.485
549.721 37907.915
550.001 37898.243
550.282 37893.406
550.563 37904.136
550.844 37964.039
551.125 37962.069
551.406 37907.121
551.686 37905.098
551.967 37936.139
552.248 37869.725
552.529 37924.565
552.810 37983.387
553.090 37892.947
553.371 37890.916
553.652 37904.495
553.933 37920.855
554.214 37860.488
554.495 37891.226
554.775 37929.650
555.056 37924.846
555.337 37905.633
555.618 37919.080
555.899 37917.158
556.179 37909.472
556.460 37944.000
556.741 37954.532
557.022 37930.603
557.303 37908.420
557.584 37871.633
557.864 37846.436
558.145 37835.828
558.426 37910.786
558.707 37943.612
558.988 37942.532
559.268 37920.222
559.549 37967.654
559.830 37863.700
560.111 37835.035
560.392 37861.921
560.673 37943.757
560.953 37945.613
561.234 38021.484
561.515 38010.624
561.796 37966.113
562.077 37860.138
562.357 37822.977
562.638 37866.138
562.919 37860.875
563.200 37961.620
563.481 37970.587
563.762 37966.565
564.042 37934.404
564.323 37841.095
564.604 37794.703
564.885 37782.423
565.166 37797.104
565.446 37781.762
565.727 37835.076
566.008 37780.751
566.289 37796.895
566.570 37758.028
566.851 37846.338
567.131 37794.280
567.412 37692.876
567.693 37634.255
567.974 37718.308
568.255 37594.499
568.535 37616.564
568.816 37625.965
569.097 37660.354
569.378 37596.905
569.659 37552.367
569.940 37564.402
570.220 37551.362
570.501 37642.921
570.782 37506.224
571.063 37483.672
571.344 37479.141
571.624 37404.512
571.905 37409.931
572.186 37401.906
572.467 37357.128
572.748 37375.576
573.029 37351.808
573.309 37392.048
573.590 37359.209
573.871 37295.467
574.152 37260.254
574.433 37204.921
574.713 37271.865
574.994 37123.430
575.275 37155.936
575.556 37056.023
575.837 37090.409
576.118 37076.295
576.398 37049.126
576.679 37047.107
576.960 36995.638
577.252 36997.657
577.543 36965.333
577.835 36933.008
578.127 36919.876
578.418 36864.319
578.710 36792.391
579.002 36692.600
579.293 36604.720
579.585 36660.924
579.877 36676.823
580.168 36595.603
580.460 36522.020
580.752 36552.052
581.043 36504.751
581.335 36492.013
581.627 36374.784
581.918 36468.980
582.210 36346.279
582.502 36237.894
582.793 36260.163
583.085 36228.601
583.376 36142.358
583.668 36197.583
583.960 36131.738
584.251 36105.013
584.543 35992.401
584.835 35969.649
585.126 35885.647
585.418 35916.648
585.710 35814.795
586.001 35735.873
586.293 35644.792
586.585 35662.819
586.876 35577.915
587.168 35496.494
587.460 35507.477
587.751 35393.339
588.043 35402.558
588.335 35400.879
588.626 35251.718
588.918 35296.145
589.210 35162.772
589.501 35091.288
589.793 35031.256
590.085 35090.518
590.376 34955.210
590.668 34987.953
590.960 34861.746
591.251 34830.812
591.543 34751.193
591.835 34718.747
592.126 34710.992
592.418 34689.360
592.710 34567.363
593.001 34516.686
593.293 34458.413
593.585 34362.155
593.876 34319.373
594.168 34243.697
594.460 34197.869
594.751 34122.841
595.043 34054.302
595.334 33950.223
595.626 33959.835
595.918 33895.387
596.209 33801.512
596.501 33739.358
596.793 33691.381
597.084 33594.194
597.376 33524.865
597.668 33468.889
597.959 33445.686
598.251 33336.486
598.543 33243.912
598.834 33170.530
599.126 33152.413
599.418 33074.909
599.709 33038.351
600.001 32911.290
600.293 32870.245
600.584 32818.519
600.876 32713.992
601.168 32665.499
601.459 32594.377
601.751 32538.922
602.043 32446.149
602.334 32406.233
602.626 32236.359
602.918 32227.991
603.209 32127.774
603.501 32179.497
603.793 32034.058
604.084 31957.557
604.376 31857.602
604.668 31826.418
604.959 31721.040
605.251 31633.261
605.543 31574.801
605.834 31523.698
606.126 31448.991
606.418 31419.507
606.709 31300.279
607.001 31223.775
607.292 31186.420
607.584 31128.416
607.876 31022.078
608.167 30931.997
608.459 30876.129
608.751 30757.549
609.042 30713.650
609.334 30694.377
609.626 30595.237
609.917 30502.183
610.209 30401.861
610.501 30425.339
610.792 30357.720
611.084 30320.064
611.376 30218.426
611.667 30145.851
611.959 30075.700
612.251 29974.193
612.542 29849.142
612.834 29858.000
613.126 29708.279
613.417 29644.672
613.709 29610.507
614.001 29561.041
614.292 29427.496
614.584 29376.948
614.876 29307.283
615.167 29255.872
615.459 29183.911
615.751 29144.676
616.042 29052.835
616.334 28998.513
616.626 28921.593
616.917 28882.982
617.209 28804.080
617.501 28760.149
617.792 28709.289
618.084 28674.713
618.376 28591.273
618.667 28557.246
618.959 28466.833
619.250 28422.106
619.542 28375.974
619.834 28331.554
620.125 28259.456
620.417 28196.997
620.709 28121.487
621.000 28146.655
621.292 28082.682
621.584 27968.591
621.875 27892.262
622.167 27887.429
622.459 27783.080
622.750 27721.512
623.042 27637.184
623.334 27646.844
623.625 27566.231
623.917 27461.334
624.209 27425.029
624.500 27352.494
624.792 27323.137
625.084 27255.306
625.375 27190.567
625.667 27127.644
625.959 27034.438
626.250 27033.499
626.542 26956.682
626.834 26925.479
627.125 26833.625
627.417 26778.990
627.709 26732.613
628.000 26665.163
628.292 26580.274
628.584 26551.430
628.875 26480.331
629.167 26438.562
629.459 26398.085
629.750 26303.596
630.042 26229.016
630.334 26213.252
630.625 26170.404
630.917 26141.037
631.208 26005.392
631.500 25945.985
631.792 25936.822
632.083 25833.441
632.375 25777.331
632.667 25761.915
632.958 25691.437
633.250 25654.090
633.542 25583.184
633.833 25545.159
634.125 25506.470
634.417 25419.366
634.708 25360.675
635.000 25320.634
635.292 25255.233
635.583 25214.787
635.875 25134.031
636.167 25077.193
636.458 25140.971
636.750 25072.067
637.042 24937.103
637.333 24907.044
637.625 24837.251
637.917 24840.890
638.208 24773.543
638.500 24760.565
638.792 24707.913
639.083 24644.451
639.375 24571.966
639.667 24553.565
639.958 24514.482
640.250 24479.111
640.542 24445.901
640.833 24390.017
641.125 24336.577
641.417 24332.440
641.708 24310.620
642.000 24298.765
642.292 24228.025
642.583 24217.796
642.875 24153.490
643.166 24111.987
643.458 24127.562
643.750 24124.429
644.041 24100.168
644.333 24061.179
644.625 24028.893
644.916 24037.111
645.208 24008.609
645.500 23979.242
645.791 23991.167
646.083 23937.153
646.375 23940.814
646.666 23960.959
646.958 23899.603
647.250 23918.832
647.541 23896.758
647.833 23856.558
648.125 23801.248
648.416 23777.393
648.708 23810.990
649.000 23788.929
649.291 23749.175
649.583 23769.201
649.875 23746.633
650.166 23755.632
650.458 23704.299
650.750 23717.913
651.041 23660.189
651.333 23648.140
651.625 23624.272
651.916 23633.804
652.208 23603.297
652.500 23587.452
652.791 23555.868
653.083 23492.848
653.375 23497.506
653.666 23494.228
653.958 23470.786
654.250 23474.040
654.541 23429.413
654.833 23439.214
655.124 23372.373
655.416 23399.925
655.708 23382.376
655.999 23355.016
656.291 23349.684
656.583 23357.575
656.874 23297.644
657.166 23262.605
657.458 23284.923
657.749 23269.742
658.041 23229.160
658.333 23265.751
658.624 23235.526
658.916 23226.001
659.208 23237.654
659.499 23176.811
659.791 23183.489
660.083 23202.765
660.374 23158.024
660.666 23165.829
660.958 23179.396
661.249 23122.764
661.541 23110.533
661.833 23095.191
662.124 23135.719
662.416 23080.078
662.708 23073.416
662.999 23035.879
663.291 23057.106
663.583 23034.049
663.874 23013.777
664.166 23023.451
664.458 22999.294
664.749 22990.588
665.041 23009.948
665.333 22962.502
665.624 22960.488
665.916 22951.757
666.208 22918.699
666.499 22940.970
666.791 22961.301
667.082 22879.742
667.374 22854.190
667.666 22873.662
667.957 22884.146
668.249 22836.339
668.541 22861.298
668.832 22827.218
669.124 22794.758
669.416 22826.707
669.707 22815.740
669.999 22766.671
670.291 22756.617
670.582 22776.805
670.874 22727.323
671.166 22728.306
671.457 22736.652
671.749 22733.689
672.041 22755.163
672.332 22717.612
672.624 22654.675
672.916 22632.891
673.207 22647.042
673.499 22635.766
673.791 22587.689
674.082 22610.550
674.374 22598.816
674.666 22572.918
674.957 22540.128
675.249 22535.136
675.541 22512.180
675.832 22516.686
676.124 22482.684
676.416 22488.175
676.707 22473.144
676.999 22434.064
677.291 22440.958
677.582 22422.884
677.874 22376.071
678.166 22397.574
678.457 22398.374
678.749 22377.202
679.040 22368.500
679.332 22354.729
679.624 22350.030
679.915 22303.823
680.207 22284.879
680.499 22304.128
680.790 22274.286
681.082 22249.919
681.374 22191.228
681.665 22201.594
681.957 22142.589
682.249 22163.099
682.540 22106.179
682.832 22062.280
683.124 22074.727
683.415 22082.897
683.707 22074.876
683.999 22040.074
684.290 22012.449
684.582 22009.373
684.874 21966.304
685.165 21928.427
685.457 21934.438
685.749 21907.742
686.040 21878.869
686.332 21825.603
686.624 21849.934
686.915 21754.505
687.207 21793.132
687.499 21768.652
687.790 21756.582
688.082 21761.740
688.374 21702.914
688.665 21684.337
688.957 21664.727
689.249 21604.869
689.540 21587.324
689.832 21568.746
690.124 21526.976
690.415 21503.214
690.707 21487.186
690.998 21431.929
691.290 21409.623
691.582 21392.041
691.873 21331.025
692.165 21325.853
692.457 21324.117
692.748 21274.142
693.040 21282.999
693.332 21212.310
693.623 21214.601
693.915 21172.112
694.207 21115.234
694.498 21071.515
694.790 21053.971
695.082 21028.091
695.373 21001.118
695.665 20966.884
695.957 20897.486
696.248 20848.779
696.540 20835.135
696.836 20799.034
697.133 20796.749
697.429 20730.637
697.725 20739.691
698.021 20647.731
698.318 20672.260
698.614 20598.817
698.910 20613.528
699.207 20538.357
699.503 20468.996
699.799 20441.622
700.095 20402.323
700.392 20388.877
700.688 20334.067
700.984 20275.584
701.281 20213.662
701.577 20200.451
701.873 20198.588
702.169 20173.408
702.466 20079.495
702.762 20058.792
703.058 19984.563
703.355 19952.651
703.651 19934.111
703.947 19913.601
704.243 19838.662
704.540 19771.064
704.836 19748.216
705.132 19704.628
705.428 19695.082
705.725 19623.598
706.021 19611.060
706.317 19578.897
706.614 19548.720
706.910 19465.235
707.206 19404.905
707.502 19395.701
707.799 19332.304
708.095 19294.889
708.391 19230.601
708.688 19208.957
708.984 19151.871
709.280 19082.383
709.576 19023.402
709.873 18999.978
710.169 18952.212
710.465 18903.527
710.762 18823.322
711.058 18775.046
711.354 18746.418
711.650 18690.249
711.947 18689.235
712.243 18608.042
712.539 18565.616
712.836 18514.589
713.132 18450.560
713.428 18410.235
713.724 18358.822
714.021 18309.113
714.317 18288.970
714.613 18208.990
714.910 18161.589
715.206 18063.130
715.502 18072.227
715.798 17980.917
716.095 17936.744
716.391 17877.810
716.687 17796.726
716.984 17786.714
717.280 17751.677
717.576 17684.923
717.872 17651.572
718.169 17601.919
718.465 17494.916
718.761 17502.914
719.058 17479.912
719.354 17406.503
719.650 17347.255
719.946 17291.905
720.243 17247.398
720.539 17186.901
720.835 17131.030
721.131 17096.896
721.428 17061.956
721.724 17021.936
722.020 16964.855
722.317 16917.805
722.613 16857.600
722.909 16818.702
723.205 16771.424
723.502 16715.879
723.798 16687.564
724.094 16646.874
724.391 16591.872
724.687 16556.313
724.983 16470.925
725.279 16449.069
725.576 16448.517
725.872 16376.355
726.168 16291.691
726.465 16276.473
726.761 16199.656
727.057 16158.740
727.353 16078.223
727.650 16075.319
727.946 16005.804
728.242 15989.923
728.539 15930.396
728.835 15882.891
729.131 15806.767
729.427 15749.587
729.724 15699.140
730.020 15660.897
730.316 15628.286
730.613 15561.090
730.909 15484.492
731.205 15459.841
731.501 15355.835
731.798 15363.722
732.094 15294.977
732.390 15201.584
732.687 15205.924
732.983 15136.619
733.279 15093.309
733.575 15028.346
733.872 14988.974
734.168 14956.491
734.464 14878.733
734.761 14805.295
735.057 14745.121
735.353 14697.921
735.649 14662.188
735.946 14603.910
736.242 14528.732
736.538 14487.992
736.835 14420.209
737.131 14358.248
737.427 14319.381
737.723 14248.790
738.020 14219.807
738.316 14150.598
738.612 14105.542
738.909 14057.604
739.205 13975.273
739.501 13948.776
739.797 13859.832
740.094 13809.136
740.390 13767.851
740.686 13722.132
740.982 13679.784
741.279 13603.848
741.575 13589.357
741.871 13482.125
742.168 13423.829
742.464 13385.628
742.760 13336.654
743.056 13309.835
743.353 13258.074
743.649 13187.957
743.945 13150.848
744.242 13108.754
744.538 13047.895
744.834 12959.516
745.130 12920.141
745.427 12876.917
745.723 12813.064
746.019 12788.295
746.316 12735.195
746.612 12698.515
746.908 12617.804
747.204 12584.745
747.501 12527.767
747.797 12488.859
748.093 12452.345
748.390 12355.696
748.686 12344.199
748.982 12278.768
749.278 12222.992
749.575 12167.653
749.871 12149.171
750.167 12087.782
750.464 12042.277
750.760 11981.819
751.056 11925.398
751.352 11883.696
751.649 11835.796
751.945 11799.051
752.241 11741.195
752.538 11691.797
752.834 11642.424
753.130 11602.621
753.426 11549.981
753.723 11506.602
754.019 11460.704
754.315 11409.804
754.611 11381.621
754.908 11299.319
755.204 11267.615
755.500 11205.613
755.797 11173.129
756.093 11101.607
756.389 11054.714
756.685 11011.625
756.982 10950.450
757.278 10902.303
757.574 10857.022
757.871 10818.866
758.167 10752.599
758.463 10722.754
758.759 10655.549
759.056 10608.012
759.352 10517.648
759.648 10507.605
759.945 10437.321
760.241 10398.963
760.537 10365.122
760.833 10291.311
761.130 10229.940
761.426 10186.490
761.722 10130.337
762.019 10113.460
762.315 10036.770
762.611 10010.621
762.907 9935.090
763.204 9922.847
763.500 9849.029
763.802 9814.682
764.104 9768.992
764.406 9714.388
764.708 9677.332
765.010 9608.215
765.312 9584.115
765.615 9553.157
765.917 9509.651
766.219 9433.718
766.521 9361.852
766.823 9336.546
767.125 9305.476
767.427 9287.527
767.729 9199.491
768.031 9176.138
768.333 9107.208
768.635 9069.533
768.937 9033.049
769.239 8990.320
769.542 8934.432
769.844 8891.746
770.146 8836.865
770.448 8808.212
770.750 8744.877
771.052 8679.010
771.354 8645.733
771.656 8567.102
771.958 8557.042
772.260 8518.303
772.562 8471.409
772.864 8425.534
773.166 8392.693
773.468 8343.660
773.771 8322.536
774.073 8253.507
774.375 8229.483
774.677 8171.198
774.979 8129.272
775.281 8059.679
775.583 8035.269
775.885 7973.817
776.187 7961.453
776.489 7931.776
776.791 7858.882
777.093 7817.667
777.395 7776.596
777.698 7742.447
778.000 7711.612
778.302 7663.987
778.604 7612.775
778.906 7584.335
779.208 7543.697
779.510 7500.395
779.812 7459.628
780.114 7431.316
780.416 7384.286
780.718 7308.629
781.020 7282.113
781.322 7239.013
781.625 7198.926
781.927 7148.976
782.229 7135.838
782.531 7076.889
782.833 7036.593
783.135 7004.494
783.437 6945.545
783.739 6901.906
784.041 6873.793
784.343 6829.184
784.645 6800.135
784.947 6761.502
785.249 6715.513
785.552 6678.459
785.854 6620.769
786.156 6581.141
786.458 6545.779
786.760 6516.012
787.062 6474.114
787.364 6437.882
787.666 6405.577
787.968 6339.952
788.270 6312.544
788.572 6278.785
788.874 6248.979
789.176 6203.688
789.478 6160.764
789.781 6130.080
790.083 6118.754
790.385 6058.985
790.687 6024.910
790.989 5971.403
791.291 5969.162
791.593 5905.955
791.895 5899.196
792.197 5851.126
792.499 5801.340
792.801 5791.882
793.103 5752.403
793.405 5713.772
793.708 5677.288
794.010 5641.189
794.312 5607.308
794.614 5545.013
794.916 5541.322
795.218 5478.953
795.520 5473.070
795.822 5428.035
796.124 5369.253
796.426 5339.897
796.728 5313.438
797.030 5278.982
797.332 5239.402
797.635 5194.731
797.937 5191.572
798.239 5180.674
798.541 5109.202
798.843 5076.463
799.145 5033.617
799.447 5015.800
799.749 4983.522
800.051 4937.991
800.353 4897.679
800.655 4849.644
800.957 4825.078
801.259 4817.024
801.562 4778.382
801.864 4758.341
802.166 4711.796
802.468 4699.116
802.770 4642.699
803.072 4621.695
803.374 4591.588
803.676 4562.874
803.978 4511.745
804.280 4486.000
804.582 4454.289
804.884 4425.808
805.186 4380.863
805.488 4369.728
805.791 4344.406
806.093 4304.265
806.395 4283.106
806.697 4238.933
806.999 4213.729
807.301 4201.259
807.603 4166.739
807.905 4130.716
808.207 4125.801
808.509 4090.257
808.811 4061.701
809.113 4018.590
809.415 3995.172
809.718 3971.891
810.020 3936.875
810.322 3897.326
810.624 3875.156
810.926 3869.471
811.228 3832.074
811.530 3794.822
811.834 3796.941
812.139 3755.061
812.443 3740.398
812.748 3715.255
813.052 3671.792
813.357 3666.670
813.661 3636.363
813.966 3604.202
814.270 3583.166
814.574 3565.828
814.879 3549.173
815.183 3510.944
815.488 3481.883
815.792 3476.210
816.097 3435.746
816.401 3411.564
816.706 3391.227
817.010 3382.089
817.314 3344.063
817.619 3332.969
817.923 3306.983
818.228 3271.983
818.532 3255.645
818.837 3237.853
819.141 3216.253
819.445 3196.512
819.750 3164.376
820.054 3146.982
820.359 3133.823
820.663 3103.430
820.968 3084.593
821.272 3071.201
821.577 3036.026
821.881 3017.979
822.185 2995.126
822.490 2994.168
822.794 2965.571
823.099 2940.725
823.403 2927.154
823.708 2897.681
824.012 2873.558
824.317 2853.458
824.621 2835.273
824.925 2830.159
825.230 2812.897
825.534 2803.494
825.839 2787.758
826.143 2744.323
826.448 2729.390
826.752 2711.099
827.057 2696.745
827.361 2675.506
827.665 2654.564
827.970 2647.791
828.274 2622.276
828.579 2604.667
828.883 2583.304
829.188 2583.867
829.492 2553.841
829.796 2551.991
830.101 2522.763
830.405 2517.400
830.710 2490.460
831.014 2467.885
831.319 2452.530
831.623 2435.793
831.928 2431.157
832.232 2406.474
832.536 2391.448
832.841 2377.970
833.145 2360.858
833.450 2355.961
833.754 2338.046
834.059 2321.767
834.363 2317.094
834.668 2289.013
834.972 2260.501
835.276 2267.787
835.581 2247.194
835.885 2240.632
836.190 2229.456
836.494 2219.330
836.799 2207.006
837.103 2180.579
837.407 2181.127
837.712 2163.960
838.016 2136.684
838.321 2122.490
838.625 2111.569
838.930 2109.736
839.234 2092.528
839.539 2073.947
839.843 2063.820
840.147 2050.410
840.452 2038.049
840.756 2023.531
841.061 2022.534
841.365 2007.955
841.670 1995.423
841.974 1975.543
842.279 1967.067
842.583 1969.096
842.887 1942.743
843.192 1944.669
843.496 1940.378
843.801 1926.319
844.105 1894.243
844.410 1899.450
844.714 1900.191
845.019 1867.711
845.323 1864.054
845.627 1847.428
845.932 1824.010
846.236 1816.909
846.541 1829.018
846.845 1811.383
847.150 1801.705
847.454 1799.709
847.758 1780.484
848.063 1778.620
848.367 1763.571
848.672 1756.244
848.976 1756.544
849.281 1745.745
849.585 1730.029
849.890 1730.024
850.194 1706.517
850.498 1698.157
850.803 1699.755
851.107 1685.186
851.412 1675.261
851.716 1669.120
852.021 1663.381
852.325 1654.992
852.630 1641.667
852.934 1643.619
853.238 1618.962
853.543 1622.524
853.847 1598.913
854.152 1605.219
854.456 1588.785
854.761 1581.480
855.065 1568.549
855.370 1567.608
855.674 1549.515
855.978 1561.984
856.283 1548.084
856.587 1533.546
856.892 1529.708
857.196 1526.788
857.501 1521.821
857.805 1509.453
858.109 1500.393
858.414 1495.653
858.718 1497.234
859.023 1489.467
859.327 1470.830
859.632 1469.010
859.936 1451.731
860.241 1445.012
860.545 1441.749
860.849 1455.057
861.154 1437.321
861.458 1430.166
861.763 1423.500
862.067 1420.577
862.372 1408.539
862.676 1406.721
862.981 1402.615
863.285 1388.091
863.589 1391.407
863.894 1386.867
864.198 1377.760
864.503 1379.891
864.807 1379.622
865.112 1368.761
865.416 1366.525
865.721 1361.652
866.025 1362.245
866.329 1365.209
866.634 1366.972
866.938 1352.333
867.243 1340.901
867.547 1336.593
867.852 1337.198
868.156 1323.150
868.460 1328.334
868.765 1335.935
869.069 1329.861
869.374 1322.307
869.678 1305.691
869.983 1311.186
870.287 1315.132
870.592 1305.751
870.896 1314.838
871.200 1307.619
871.505 1300.040
871.809 1306.708
872.114 1296.784
872.418 1294.445
872.723 1295.606
873.027 1285.949
873.332 1289.812
873.636 1279.627
873.940 1283.875
874.245 1284.126
874.549 1272.399
874.854 1274.445
875.158 1271.565
875.463 1263.843
875.767 1262.934
876.072 1257.975
876.376 1260.449
876.680 1263.395
876.985 1247.781
877.289 1253.430
877.594 1245.725
877.898 1244.592
878.203 1237.340
878.507 1233.500
878.811 1234.131
879.116 1232.100
879.420 1235.242
879.725 1224.837
880.029 1225.650
880.334 1214.142
880.638 1213.617
880.943 1220.683
881.247 1211.788
881.551 1205.233
881.856 1208.520
882.160 1194.323
882.465 1202.861
882.769 1197.766
883.074 1189.938
883.378 1195.210
883.683 1187.030
883.987 1179.013
884.291 1189.745
884.596 1188.660
884.900 1193.719
885.205 1182.462
885.509 1195.528
885.814 1194.083
886.118 1204.616
886.423 1197.881
886.727 1203.696
887.031 1216.429
887.336 1213.172
887.640 1212.062
887.945 1221.770
888.249 1210.421
888.554 1220.845
888.858 1225.907
889.162 1225.607
889.467 1234.256
889.771 1237.913
890.076 1242.265
890.380 1242.703
890.685 1253.464
890.989 1247.275
891.294 1247.043
891.598 1252.309
891.902 1241.063
892.207 1243.810
892.511 1252.061
892.816 1241.267
893.120 1247.225
893.425 1255.734
893.729 1250.663
894.034 1241.911
894.338 1251.113
894.642 1247.881
894.947 1251.333
895.251 1257.331
895.556 1251.094
895.860 1250.395
896.165 1242.064
896.469 1245.060
896.774 1242.052
897.078 1247.129
897.382 1242.714
897.687 1254.075
897.991 1242.224
898.296 1248.024
898.600 1247.088
898.905 1243.588
899.209 1243.809
899.513 1239.143
899.818 1247.755
900.122 1236.997
900.427 1243.079
900.731 1247.968
901.036 1255.432
901.340 1250.525
901.645 1246.543
901.949 1242.313
902.253 1249.804
902.558 1244.633
902.862 1241.583
903.167 1246.022
903.471 1237.326
903.776 1237.991
904.080 1235.877
904.385 1240.579
904.689 1237.253
904.993 1242.421
905.298 1239.579
905.602 1234.566
905.907 1239.299
906.211 1224.649
906.516 1236.219
906.820 1231.407
907.125 1236.430
907.429 1237.822
907.733 1229.486
908.038 1227.276
908.342 1231.083
908.647 1226.094
908.951 1223.970
909.256 1221.742
909.560 1237.002
909.864 1232.156
910.169 1221.190
910.473 1234.792
910.778 1224.689
911.082 1217.345
911.387 1219.671
911.691 1217.957
911.996 1209.723
912.300 1216.649
912.609 1217.059
912.918 1222.084
913.227 1217.046
913.537 1221.105
913.846 1214.142
914.155 1200.456
914.464 1214.196
914.773 1218.909
915.082 1213.835
915.391 1214.036
915.700 1207.226
916.010 1208.800
916.319 1216.590
916.628 1207.443
916.937 1208.413
917.246 1202.739
917.555 1193.736
917.864 1197.240
918.174 1196.252
918.483 1194.094
918.792 1206.446
919.101 1202.908
919.410 1200.932
919.719 1201.520
920.028 1198.551
920.337 1201.114
920.647 1209.234
920.956 1204.880
921.265 1195.538
921.574 1193.129
921.883 1185.161
922.192 1179.541
922.501 1179.712
922.811 1192.064
923.120 1189.435
923.429 1192.627
923.738 1198.438
924.047 1193.193
924.356 1185.137
924.665 1183.671
924.974 1181.828
925.284 1191.298
925.593 1182.181
925.902 1176.158
926.211 1178.186
926.520 1179.562
926.829 1183.636
927.138 1172.756
927.448 1180.274
927.757 1178.766
928.066 1174.468
928.375 1169.849
928.684 1170.192
928.993 1171.392
929.302 1165.528
929.611 1181.611
929.921 1162.379
930.230 1164.454
930.539 1172.096
930.848 1158.849
931.157 1170.704
931.466 1171.957
931.775 1176.046
932.085 1164.885
932.394 1170.746
932.703 1157.353
933.012 1170.046
933.321 1160.297
933.630 1144.647
933.939 1164.410
934.248 1169.555
934.558 1154.694
934.867 1155.127
935.176 1164.669
935.485 1169.228
935.794 1158.801
936.103 1175.521
936.412 1184.179
936.721 1191.719
937.031 1187.660
937.340 1184.569
937.649 1183.346
937.958 1182.320
938.267 1192.365
938.576 1188.840
938.885 1204.283
939.195 1221.588
939.504 1207.883
939.813 1219.722
940.122 1226.918
940.431 1217.014
940.740 1233.555
941.049 1232.691
941.359 1235.019
941.668 1225.923
941.977 1256.622
942.286 1242.028
942.595 1233.144
942.904 1221.366
943.213 1244.491
943.522 1245.592
943.832 1231.856
944.141 1225.582
944.450 1229.206
944.759 1221.118
945.068 1217.824
945.377 1211.815
945.686 1208.563
945.995 1204.723
946.305 1195.393
946.614 1207.857
946.923 1204.353
947.232 1192.280
947.541 1175.775
947.850 1176.183
948.159 1174.260
948.469 1174.183
948.778 1168.332
949.087 1160.702
949.396 1148.817
949.705 1134.147
950.014 1145.224
950.323 1126.253
950.632 1128.402
950.942 1123.730
951.251 1132.125
951.560 1111.178
951.869 1103.969
952.178 1091.587
952.487 1097.376
952.796 1078.979
953.106 1072.073
953.415 1075.177
953.724 1064.934
954.033 1075.833
954.342 1055.445
954.651 1061.267
954.960 1048.748
955.269 1038.560
955.579 1021.735
955.888 1020.355
956.197 1015.520
956.506 1011.892
956.815 1007.155
957.124 1001.278
957.433 980.496
957.743 986.378
958.052 985.240
958.361 992.105
958.670 985.335
958.979 964.131
959.288 965.281
959.597 961.091
959.906 957.883
960.216 938.395
960.525 935.155
960.834 923.476
961.143 918.535
961.452 925.443
961.761 915.985
962.070 902.610
962.380 903.014
962.689 915.169
962.998 893.252
963.307 886.568
963.616 881.559
963.925 877.998
964.234 874.734
964.543 873.689
964.853 876.003
965.162 872.914
965.471 868.458
965.780 847.683
966.095 857.959
966.410 853.771
966.725 845.704
967.040 844.618
967.356 833.763
967.671 841.752
967.986 837.742
968.301 830.731
968.616 835.720
968.931 823.709
969.246 835.699
969.561 840.688
969.876 827.677
970.192 824.666
970.507 809.655
970.822 811.645
971.137 815.634
971.452 813.623
971.767 818.612
972.082 816.601
972.397 805.590
972.712 808.579
973.028 800.568
973.343 805.556
973.658 796.545
973.973 795.534
974.288 798.523
974.603 797.512
974.918 800.501
975.233 801.489
975.548 798.478
975.864 801.467
976.179 801.455
976.494 790.444
976.809 784.433
977.124 793.421
977.439 792.410
977.754 785.398
978.069 780.387
978.384 777.375
978.700 784.364
979.015 782.352
979.330 785.340
979.645 779.329
979.960 779.317
980.275 771.305
980.590 760.294
980.905 775.282
981.221 766.270
981.536 762.258
981.851 764.247
982.166 760.235
982.481 761.223
982.796 762.211
983.111 759.199
983.426 755.187
983.741 744.175
984.057 754.163
984.372 740.151
984.687 741.139
985.002 743.127
985.317 741.114
985.632 736.102
985.947 730.090
986.262 731.078
986.577 737.065
986.893 732.053
987.208 723.041
987.523 723.028
987.838 733.016
988.153 734.004
988.468 734.991
988.783 724.979
989.098 719.966
989.413 709.954
989.729 726.941
990.044 715.928
990.359 736.916
990.674 720.903
990.989 727.890
991.304 724.878
991.619 725.865
991.934 721.852
992.249 725.839
992.565 729.826
992.880 721.813
993.195 722.801
993.510 728.788
993.825 726.775
994.140 729.762
994.455 724.749
994.770 736.735
995.085 716.722
995.401 729.709
995.716 717.696
996.031 717.683
996.346 722.670
996.661 722.656
996.976 717.643
997.291 714.630
997.606 713.616
997.921 721.603
998.237 731.589
998.552 729.576
998.867 727.562
999.182 734.549
999.497 728.535
999.812 729.522
1000.127 731.508
1000.442 731.494
1000.757 743.481
1001.073 739.467
1001.388 741.453
1001.703 754.439
1002.018 747.425
1002.333 751.411
1002.648 750.398
1002.963 778.384
1003.278 767.370
1003.593 763.356
1003.909 762.342
1004.224 765.327
1004.539 769.313
1004.854 766.299
1005.169 776.285
1005.484 769.271
1005.799 787.256
1006.114 788.242
1006.429 780.228
1006.745 778.213
1007.060 791.199
1007.375 797.185
1007.690 797.170
1008.005 803.156
1008.320 800.141
1008.635 809.126
1008.950 812.112
1009.265 805.097
1009.581 812.082
1009.896 820.068
1010.211 825.053
1010.526 831.038
1010.841 820.023
1011.156 829.008
1011.471 830.993
1011.786 842.978
1012.102 841.963
1012.417 836.948
1012.732 844.933
1013.047 841.918
1013.362 848.903
1013.677 859.888
1013.992 852.873
1014.307 852.857
1014.622 859.842
1014.938 857.827
1015.253 859.811
1015.568 868.796
1015.883 872.780
1016.198 867.765
1016.513 879.749
1016.828 891.734
1017.143 882.718
1017.458 883.702
1017.774 894.687
1018.089 891.671
1018.404 890.655
1018.719 907.639
1019.034 906.624
1019.349 911.608
1019.664 916.592
1019.979 911.576
1020.294 915.560
1020.610 910.544
1020.925 916.528
1021.240 926.511
1021.555 933.495
1021.870 933.479
1022.185 936.463
1022.500 951.446
1022.815 952.430
1023.130 957.414
1023.446 951.397
1023.761 962.381
1024.076 963.364
1024.391 958.348
1024.706 969.331
1025.021 970.314
1025.336 986.298
1025.651 986.281
1025.966 998.264
1026.282 1001.247
1026.597 1005.231
1026.912 1009.214
1027.227 1015.197
1027.542 1017.180
1027.857 1017.163
1028.172 1023.146
1028.487 1031.128
1028.802 1040.111
1029.118 1034.094
1029.433 1043.077
1029.748 1045.060
1030.063 1057.042
1030.378 1051.025
1030.693 1049.007
1031.008 1053.990
1031.323 1055.972
1031.638 1058.955
1031.954 1058.937
1032.269 1075.920
1032.584 1068.902
1032.899 1069.884
1033.214 1075.866
1033.529 1087.849
1033.844 1079.831
1034.159 1083.813
1034.474 1086.795
1034.790 1093.777
1035.105 1086.759
1035.420 1094.741
1035.735 1102.722
1036.050 1102.704
1036.365 1102.686
1036.680 1086.668
1036.995 1105.649
1037.310 1109.631
1037.626 1114.612
1037.941 1114.594
1038.256 1109.575
1038.571 1116.557
1038.886 1117.538
1039.201 1107.519
1039.516 1111.501
1039.831 1102.482
1040.146 1117.463
1040.462 1120.444
1040.777 1120.425
1041.092 1107.406
1041.407 1118.387
1041.722 1114.368
1042.037 1117.349
1042.352 1113.330
1042.667 1104.311
1042.982 1117.292
1043.298 1115.272
1043.613 1107.253
1043.928 1122.233
1044.243 1123.214
1044.558 1113.194
1044.873 1122.175
1045.188 1119.155
1045.503 1111.136
1045.819 1108.116
1046.134 1105.096
1046.449 1115.076
1046.764 1102.056
1047.079 1106.036
1047.394 1124.016
1047.709 1119.996
1048.024 1109.976
1048.339 1106.956
1048.655 1102.936
1048.970 1099.916
1049.285 1090.895
1049.600 1104.875
1049.915 1102.855
1050.230 1094.834
1050.545 1094.814
1050.860 1101.793
1051.175 1089.773
1051.491 1095.752
1051.806 1094.731
1052.121 1086.710
1052.436 1095.690
1052.751 1089.669
1053.066 1090.648
1053.381 1083.627
1053.696 1076.606
1054.011 1079.585
1054.327 1074.564
1054.642 1082.542
1054.957 1070.521
1055.272 1076.500
1055.587 1071.478
1055.902 1063.457
1056.217 1072.435
1056.532 1065.414
1056.847 1070.392
1057.163 1061.371
1057.478 1065.349
1057.793 1059.327
1058.108 1051.305
1058.423 1054.283
1058.738 1037.262
1059.053 1051.240
1059.368 1046.218
1059.683 1064.195
1059.999 1055.173
1060.314 1052.151
1060.629 1054.129
1060.944 1053.106
1061.259 1047.084
1061.574 1050.062
1061.889 1038.039
1062.204 1042.016
1062.519 1044.994
1062.835 1051.971
1063.150 1039.948
1063.465 1041.926
1063.780 1036.903
1064.095 1039.880
1064.410 1023.857
1064.725 1038.834
1065.040 1032.811
1065.355 1034.788
1065.671 1033.764
1065.986 1035.741
1066.301 1022.718
1066.616 1028.694
1066.931 1029.671
1067.246 1026.647
1067.561 1023.624
1067.876 1024.600
1068.191 1021.576
1068.507 1023.553
1068.822 1029.529
1069.137 1029.505
1069.452 1023.481
1069.767 1017.457
1070.082 1017.433
1070.397 1009.409
1070.712 1012.384
1071.027 1017.360
1071.343 1008.336
1071.658 1008.311
1071.973 1008.287
1072.288 1003.262
1072.603 1005.238
1072.918 1013.213
1073.233 1010.188
1073.548 998.164
1073.863 999.139
1074.179 1007.114
1074.494 986.089
1074.809 994.064
1075.124 987.039
1075.439 989.014
1075.754 990.988
1076.069 988.963
1076.384 979.938
1076.699 983.912
1077.015 983.887
1077.330 987.861
1077.645 987.836
1077.960 983.810
1078.275 976.784
1078.590 972.758
1078.905 986.733
1079.220 980.707
1079.536 979.681
1079.851 978.654
1080.166 979.628
1080.481 974.602
1080.796 970.576
1081.111 970.549
1081.426 979.523
1081.741 977.497
1082.056 978.470
1082.372 970.443
1082.687 977.417
1083.002 973.390
1083.317 979.363
1083.632 969.336
1083.947 963.309
1084.262 971.282
1084.577 958.255
1084.892 964.228
1085.208 960.201
1085.523 966.173
1085.838 966.146
1086.153 969.118
1086.468 960.091
1086.783 947.063
1087.098 954.036
1087.413 954.008
1087.728 958.980
1088.044 956.952
1088.359 961.924
1088.674 966.896
1088.989 951.868
1089.304 955.840
1089.619 949.812
1089.934 961.783
1090.249 956.755
1090.564 963.727
1090.880 953.698
1091.195 955.669
1091.510 947.641
1091.825 953.612
1092.140 956.583
1092.467 961.554
1092.794 955.525
1093.121 943.496
1093.448 943.467
1093.775 944.438
1094.102 940.409
1094.429 945.379
1094.756 941.350
1095.083 935.321
1095.410 928.291
1095.737 939.261
1096.064 937.232
1096.391 928.202
1096.718 919.172
1097.045 933.142
1097.372 935.112
1097.699 934.082
1098.026 933.052
1098.353 940.022
1098.680 938.991
1099.007 925.961
1099.334 931.931
1099.661 932.900
1099.988 923.869
1100.315 925.839
1100.642 932.808
1100.969 931.777
1101.296 930.746
1101.623 932.715
1101.950 924.684
1102.277 922.653
1102.604 930.622
1102.931 920.591
1103.258 919.559
1103.585 916.528
1103.912 930.496
1104.239 937.465
1104.566 931.433
1104.893 930.401
1105.220 934.369
1105.547 922.337
1105.874 923.305
1106.201 924.273
1106.528 925.241
1106.855 925.209
1107.182 921.177
1107.509 915.144
1107.836 919.112
1108.163 922.079
1108.490 923.047
1108.817 926.014
1109.144 923.981
1109.470 929.948
1109.797 926.915
1110.124 921.882
1110.451 924.849
1110.778 920.816
1111.105 927.783
1111.432 919.750
1111.759 925.716
1112.086 924.683
1112.413 919.649
1112.740 933.615
1113.067 928.582
1113.394 923.548
1113.721 923.514
1114.048 915.480
1114.375 918.446
1114.702 933.412
1115.029 917.378
1115.356 923.343
1115.683 907.309
1116.010 925.274
1116.337 913.240
1116.664 908.205
1116.991 920.171
1117.318 910.136
1117.645 916.101
1117.972 923.066
1118.299 912.031
1118.626 905.996
1118.953 902.961
1119.280 906.925
1119.607 913.890
1119.934 899.855
1120.261 895.819
1120.588 907.783
1120.915 910.748
1121.242 891.712
1121.569 903.676
1121.896 897.640
1122.223 903.604
1122.550 906.568
1122.877 903.532
1123.204 903.496
1123.531 899.459
1123.858 897.423
1124.185 899.387
1124.512 901.350
1124.839 890.313
1125.166 900.277
1125.493 887.240
1125.820 880.203
1126.147 892.166
1126.474 892.129
1126.801 881.092
1127.128 885.054
1127.455 885.017
1127.782 886.980
1128.109 881.942
1128.436 879.905
1128.763 881.867
1129.090 871.829
1129.417 875.791
1129.744 874.753
1130.071 868.715
1130.398 876.677
1130.725 868.639
1131.052 871.601
1131.379 863.563
1131.706 866.524
1132.033 860.486
1132.360 854.447
1132.687 860.409
1133.014 858.370
1133.341 856.331
1133.668 860.292
1133.995 859.253
1134.322 848.214
1134.649 850.175
1134.976 848.136
1135.303 848.097
1135.630 847.057
1135.957 842.018
1136.284 846.978
1136.611 832.939
1136.938 843.899
1137.265 832.859
1137.592 836.819
1137.919 824.779
1138.246 818.739
1138.573 821.699
1138.900 810.659
1139.227 819.619
1139.554 809.578
1139.881 810.538
1140.208 808.498
1140.535 797.457
1140.862 794.416
1141.189 789.376
1141.516 786.335
1141.843 794.294
1142.170 778.253
1142.497 778.212
1142.824 781.171
1143.151 772.129
1143.478 770.088
1143.805 777.047
1144.131 779.005
1144.458 782.964
1144.785 771.922
1145.112 771.880
1145.439 758.839
1145.766 757.797
1146.093 766.755
1146.420 768.713
1146.747 759.671
1147.074 761.629
1147.401 749.586
1147.728 760.544
1148.055 767.502
1148.382 759.459
1148.709 746.417
1149.036 755.374
1149.363 755.331
1149.690 756.289
1150.017 757.246
1150.344 762.203
1150.671 736.160
1150.998 743.117
1151.325 752.074
1151.652 751.030
1151.979 750.987
1152.306 746.944
1152.633 749.900
1152.960 743.857
1153.287 743.813
1153.614 741.769
1153.941 744.726
1154.268 739.682
1154.595 737.638
1154.922 735.594
1155.249 747.550
1155.576 738.506
1155.903 748.462
1156.230 742.418
1156.557 743.373
1156.884 738.329
1157.211 741.284
1157.538 740.240
1157.865 746.195
1158.192 750.151
1158.519 743.106
1158.846 743.061
1159.173 744.016
1159.500 742.971
1159.827 738.927
1160.154 736.881
1160.481 745.836
1160.808 740.791
1161.135 737.746
1161.462 729.701
1161.789 731.655
1162.116 729.610
1162.443 736.564
1162.770 724.519
1163.097 720.473
1163.424 724.428
1163.751 719.382
1164.078 726.336
1164.405 730.290
1164.732 726.244
1165.059 722.198
1165.386 729.152
1165.713 717.106
1166.040 736.060
1166.367 737.014
1166.694 731.967
1167.021 722.921
1167.348 716.875
1167.675 708.828
1168.002 710.782
1168.329 707.735
1168.656 704.689
1168.983 709.642
1169.310 709.595
1169.637 701.549
1169.964 701.502
1170.291 699.455
1170.618 681.408
1170.945 680.361
1171.272 669.314
1171.599 666.267
1171.926 663.220
1172.253 656.173
1172.580 653.125
1172.907 647.078
1173.234 643.031
1173.561 639.984
1173.888 627.936
1174.215 622.889
1174.542 627.841
1174.869 621.794
1175.196 626.746
1175.523 632.699
1175.850 631.651
1176.177 625.603
1176.504 637.556
1176.831 620.508
1177.158 626.460
1177.485 622.412
1177.812 624.364
1178.139 621.317
1178.465 623.269
1178.792 618.221
1179.119 613.173
1179.446 603.125
1179.773 611.077
1180.100 597.028
1180.427 596.980
1180.754 592.932
1181.081 592.884
1181.408 583.836
1181.735 586.788
1182.062 588.739
1182.389 587.691
1182.716 583.643
1183.043 578.595
1183.370 567.546
1183.697 578.498
1184.024 573.449
1184.351 566.401
1184.678 569.353
1185.005 562.304
1185.332 570.256
1185.659 572.207
1185.986 577.159
1186.313 576.110
1186.640 566.062
1186.967 577.013
1187.294 567.965
1187.621 566.916
1187.948 567.868
1188.275 564.819
1188.602 553.770
1188.929 547.722
1189.256 546.673
1189.583 553.625
1189.910 557.576
1190.237 546.528
1190.564 547.479
1190.891 545.430
1191.218 550.382
1191.545 546.333
1191.872 552.285
1192.199 537.236
1192.526 541.188
1192.853 544.139
1193.180 540.090
1193.507 535.042
1193.834 537.993
1194.161 531.945
1194.488 534.896
1194.815 530.848
1195.142 530.799
1195.469 523.751
1195.796 527.702
1196.123 520.654
1196.450 517.606
1196.777 524.557
1197.104 509.509
1197.431 515.461
1197.758 524.412
1198.085 516.364
1198.412 520.316
1198.739 515.267
1199.066 516.219
1199.393 507.171
1199.720 502.123
1200.047 499.075
1200.374 504.027
1200.701 501.979
1201.028 505.931
1201.355 503.883
1201.682 490.835
1202.009 483.787
1202.336 481.739
1202.663 493.691
1202.990 492.644
1203.317 477.596
1203.644 478.548
1203.971 471.501
1204.298 468.453
1204.625 475.406
1204.952 470.358
1205.279 479.311
1205.606 478.263
1205.933 462.216
1206.260 458.169
1206.587 461.122
1206.914 461.075
1207.241 453.028
1207.568 453.981
1207.895 458.934
1208.222 450.887
1208.549 443.840
1208.876 442.793
1209.203 431.747
1209.530 436.700
1209.857 440.654
1210.184 439.607
1210.511 438.561
1210.838 434.515
1211.165 434.469
1211.492 422.423
1211.819 422.377
1212.146 425.331
1212.473 411.285
1212.799 421.239
1213.126 412.193
1213.453 403.148
1213.780 409.102
1214.107 414.057
1214.434 406.012
1214.761 407.967
1215.088 398.922
1215.415 388.877
1215.742 401.832
1216.069 389.787
1216.396 393.742
1216.723 390.698
1217.050 388.653
1217.377 388.609
1217.704 377.565
1218.031 378.521
1218.358 376.477
1218.685 380.433
1219.012 376.389
1219.339 371.345
1219.666 372.302
1219.993 364.259
1220.320 365.215
1220.647 370.172
1220.974 344.129
1221.301 354.086
1221.628 350.044
1221.955 352.001
1222.282 355.959
1222.609 352.916
1222.936 348.874
1223.263 348.832
1223.590 341.790
1223.917 340.748
1224.244 341.707
1224.571 347.665
1224.898 344.624
1225.225 330.583
1225.552 317.542
1225.879 324.501
1226.206 334.460
1226.533 334.420
1226.860 333.379
1227.187 330.339
1227.514 324.299
1227.841 318.259
1228.168 318.219
1228.495 320.180
1228.822 319.140
1229.149 322.101
1229.476 316.062
1229.803 304.023
1230.130 302.984
1230.457 302.946
1230.784 300.908
1231.111 304.869
1231.438 301.831
1231.765 304.794
1232.092 303.756
1232.419 294.719
1232.746 296.681
