168.180 9.502
168.450 48.502
168.720 67.502
168.990 71.502
169.260 75.501
169.530 65.501
169.799 62.501
170.069 60.501
170.339 67.500
170.609 67.500
170.879 66.500
171.149 74.500
171.418 73.499
171.688 72.499
171.958 75.499
172.228 66.498
172.498 68.498
172.768 67.498
173.037 67.498
173.307 65.497
173.577 58.497
173.847 55.497
174.117 58.497
174.387 64.496
174.656 79.496
174.926 67.496
175.196 62.496
175.466 64.495
175.736 72.495
176.006 66.495
176.275 66.495
176.545 75.494
176.815 67.494
177.085 63.494
177.355 63.493
177.625 65.493
177.894 66.493
178.164 65.493
178.434 70.492
178.704 69.492
178.974 76.492
179.244 66.492
179.513 68.491
179.783 73.491
180.053 75.491
180.323 68.491
180.593 67.490
180.863 64.490
181.132 73.490
181.402 67.489
181.672 63.489
181.942 67.489
182.212 63.489
182.482 70.488
182.751 75.488
183.021 69.488
183.291 69.488
183.561 74.487
183.831 71.487
184.101 67.487
184.370 66.486
184.640 77.486
184.910 68.486
185.164 63.486
185.417 71.485
185.671 75.485
185.925 68.485
186.178 70.485
186.432 78.484
186.686 75.484
186.939 69.484
187.193 64.483
187.447 78.483
187.700 73.483
187.954 71.483
188.207 74.482
188.461 76.482
188.715 73.482
188.968 73.482
189.222 63.481
189.476 65.481
189.729 65.481
189.983 66.480
190.237 70.480
190.490 69.480
190.744 66.480
190.998 74.479
191.251 81.479
191.505 71.479
191.759 69.479
192.012 66.478
192.266 66.478
192.520 71.478
192.773 72.477
193.027 69.477
193.281 72.477
193.534 71.477
193.788 68.476
194.042 69.476
194.295 66.476
194.549 69.475
194.802 71.475
195.056 64.475
195.310 75.475
195.563 71.474
195.817 72.474
196.071 64.474
196.324 77.473
196.578 65.473
196.832 69.473
197.085 71.473
197.339 78.472
197.593 82.472
197.846 70.472
198.100 69.471
198.354 64.471
198.607 70.471
198.861 69.471
199.115 73.470
199.368 68.470
199.622 74.470
199.876 69.470
200.129 69.469
200.383 69.469
200.636 74.469
200.890 73.468
201.144 72.468
201.397 71.468
201.651 67.468
201.905 70.467
202.158 71.467
202.412 68.467
202.666 77.466
202.919 74.466
203.173 70.466
203.427 74.465
203.680 74.465
203.934 68.465
204.188 69.465
204.441 72.464
204.695 66.464
204.949 70.464
205.202 71.463
205.456 67.463
205.710 68.463
205.963 72.463
206.217 69.462
206.471 73.462
206.724 65.462
206.978 74.461
207.231 75.461
207.485 82.461
207.739 77.461
207.992 69.460
208.246 65.460
208.500 69.460
208.753 79.459
209.007 84.459
209.261 77.459
209.514 78.459
209.768 75.458
210.022 81.458
210.275 77.458
210.529 74.457
210.783 67.457
211.036 78.457
211.290 66.456
211.544 75.456
211.797 73.456
212.051 84.456
212.305 74.455
212.558 77.455
212.812 71.455
213.065 69.454
213.319 64.454
213.573 75.454
213.826 79.453
214.080 73.453
214.334 78.453
214.587 74.453
214.841 77.452
215.095 76.452
215.348 76.452
215.602 74.451
215.856 70.451
216.109 64.451
216.363 76.450
216.617 75.450
216.870 71.450
217.124 75.450
217.378 64.449
217.631 77.449
217.885 71.449
218.139 79.448
218.392 81.448
218.646 76.448
218.900 79.447
219.153 72.447
219.407 69.447
219.660 72.447
219.914 77.446
220.168 80.446
220.421 76.446
220.675 77.445
220.929 76.445
221.182 75.445
221.436 72.444
221.690 78.444
221.943 79.444
222.197 71.443
222.451 81.443
222.704 81.443
222.958 79.443
223.212 76.442
223.465 79.442
223.719 82.442
223.973 82.441
224.226 77.441
224.480 75.441
224.734 81.440
224.987 86.440
225.241 78.440
225.494 74.439
225.748 81.439
226.002 75.439
226.255 76.439
226.509 81.438
226.763 77.438
227.016 73.438
227.270 77.437
227.524 80.437
227.777 73.437
228.031 73.436
228.285 76.436
228.538 74.436
228.792 72.435
229.046 75.435
229.299 78.435
229.553 75.435
229.807 75.434
230.060 75.434
230.314 80.434
230.568 76.433
230.821 79.433
231.075 81.433
231.329 81.432
231.582 77.432
231.836 80.432
232.089 81.431
232.343 85.431
232.597 80.431
232.850 83.430
233.104 79.430
233.358 83.430
233.611 82.429
233.865 80.429
234.119 77.429
234.372 87.429
234.626 75.428
234.880 78.428
235.133 81.428
235.387 76.427
235.641 81.427
235.894 83.427
236.148 78.426
236.402 83.426
236.655 82.426
236.909 82.425
237.163 80.425
237.416 76.425
237.670 78.424
237.924 84.424
238.177 73.424
238.431 84.423
238.684 83.423
238.938 78.423
239.192 81.422
239.445 78.422
239.699 77.422
239.953 83.421
240.206 85.421
240.460 85.421
240.714 73.420
240.967 76.420
241.221 78.420
241.475 80.419
241.728 75.419
241.982 87.419
242.236 89.418
242.489 80.418
242.743 88.418
242.997 86.418
243.250 80.417
243.504 88.417
243.758 78.417
244.011 85.416
244.265 82.416
244.518 77.416
244.772 76.415
245.026 85.415
245.279 85.415
245.533 75.414
245.787 78.414
246.040 94.414
246.294 81.413
246.548 81.413
246.801 81.413
247.055 82.412
247.309 77.412
247.562 77.412
247.816 82.411
248.070 80.411
248.323 85.411
248.577 77.410
248.831 79.410
249.084 90.410
249.338 87.409
249.592 84.409
249.845 87.409
250.099 90.408
250.353 85.408
250.606 85.408
250.860 82.407
251.113 92.407
251.367 91.407
251.621 87.406
251.874 84.406
252.128 80.406
252.382 85.405
252.635 85.405
252.889 88.405
253.143 86.404
253.396 89.404
253.650 83.403
253.911 93.403
254.172 83.403
254.433 87.402
254.694 81.402
254.955 73.402
255.216 92.401
255.477 99.401
255.738 91.401
255.999 94.400
256.261 95.400
256.522 84.400
256.783 87.399
257.044 89.399
257.305 90.399
257.566 90.398
257.827 96.398
258.088 93.398
258.349 94.397
258.610 94.397
258.871 84.397
259.132 93.396
259.393 92.396
259.654 87.396
259.915 84.395
260.176 86.395
260.437 90.395
260.698 91.394
260.959 86.394
261.221 80.394
261.482 91.393
261.743 84.393
262.004 84.392
262.265 85.392
262.526 89.392
262.787 92.391
263.048 87.391
263.309 95.391
263.570 90.390
263.831 86.390
264.092 97.390
264.353 85.389
264.614 87.389
264.875 88.389
265.136 102.388
265.397 87.388
265.658 89.388
265.919 85.387
266.181 89.387
266.442 87.386
266.703 91.386
266.964 89.386
267.225 93.385
267.486 98.385
267.747 97.385
268.008 88.384
268.269 95.384
268.530 87.384
268.791 98.383
269.052 84.383
269.313 87.383
269.574 93.382
269.835 89.382
270.096 96.382
270.357 94.381
270.618 71.381
270.879 86.380
271.141 94.380
271.402 93.380
271.663 102.379
271.924 92.379
272.185 86.379
272.446 88.378
272.707 94.378
272.968 90.378
273.229 98.377
273.490 86.377
273.751 87.376
274.012 96.376
274.273 97.376
274.534 92.375
274.795 96.375
275.056 93.375
275.317 92.374
275.578 89.374
275.839 98.374
276.101 94.373
276.362 87.373
276.623 91.372
276.884 92.372
277.145 95.372
277.406 96.371
277.667 94.371
277.928 96.371
278.189 98.370
278.450 97.370
278.711 92.370
278.972 87.369
279.233 86.369
279.494 92.368
279.755 101.368
280.016 94.368
280.277 94.367
280.538 93.367
280.799 84.367
281.061 96.366
281.322 91.366
281.583 89.365
281.844 94.365
282.105 89.365
282.366 93.364
282.627 93.364
282.888 93.364
283.149 93.363
283.410 110.363
283.671 86.362
283.932 97.362
284.193 100.362
284.454 95.361
284.715 90.361
284.976 102.361
285.237 92.360
285.498 94.360
285.759 103.359
286.021 100.359
286.282 93.359
286.543 98.358
286.804 98.358
287.065 95.358
287.326 99.357
287.587 94.357
287.848 95.356
288.109 94.356
288.370 92.356
288.631 99.355
288.892 93.355
289.153 93.354
289.414 97.354
289.675 91.354
289.936 93.353
290.197 103.353
290.458 101.353
290.719 92.352
290.981 102.352
291.242 100.351
291.503 102.351
291.764 91.351
292.025 94.350
292.286 102.350
292.547 89.349
292.808 103.349
293.069 101.349
293.330 99.348
293.591 98.348
293.852 95.348
294.113 101.347
294.374 96.347
294.635 105.346
294.896 94.346
295.157 92.346
295.418 100.345
295.679 107.345
295.941 106.344
296.202 105.344
296.463 108.344
296.724 104.343
296.985 103.343
297.246 97.342
297.507 95.342
297.768 106.342
298.029 98.341
298.290 98.341
298.551 98.341
298.812 109.340
299.073 104.340
299.334 106.339
299.595 105.339
299.856 102.339
300.117 100.338
300.378 96.338
300.639 103.337
300.901 107.337
301.162 113.337
301.423 105.336
301.684 105.336
301.945 96.335
302.206 107.335
302.467 106.335
302.728 101.334
302.989 115.334
303.250 101.333
303.511 94.333
303.772 99.333
304.033 104.332
304.294 106.332
304.555 96.331
304.816 98.331
305.077 101.331
305.338 107.330
305.599 96.330
305.861 105.329
306.122 103.329
306.383 106.329
306.644 100.328
306.905 101.328
307.166 109.327
307.427 102.327
307.688 107.326
307.949 115.326
308.210 113.326
308.471 104.325
308.732 98.325
308.993 114.324
309.254 106.324
309.515 117.324
309.776 109.323
310.037 106.323
310.298 105.322
310.559 107.322
310.821 112.322
311.082 110.321
311.343 110.321
311.604 100.320
311.865 103.320
312.126 108.319
312.387 103.319
312.648 100.319
312.909 104.318
313.170 112.318
313.437 111.317
313.704 106.317
313.971 109.317
314.238 110.316
314.504 104.316
314.771 118.315
315.038 107.315
315.305 117.315
315.572 107.314
315.839 110.314
316.106 107.313
316.373 106.313
316.640 102.312
316.906 107.312
317.173 104.312
317.440 109.311
317.707 108.311
317.974 99.310
318.241 104.310
318.508 111.309
318.775 110.309
319.042 110.309
319.308 116.308
319.575 110.308
319.842 109.307
320.109 119.307
320.376 111.307
320.643 115.306
320.910 111.306
321.177 113.305
321.444 105.305
321.710 102.304
321.977 105.304
322.244 112.304
322.511 112.303
322.778 105.303
323.045 102.302
323.312 115.302
323.579 111.301
323.846 116.301
324.112 110.301
324.379 111.300
324.646 113.300
324.913 115.299
325.180 111.299
325.447 115.298
325.714 115.298
325.981 118.297
326.248 109.297
326.514 116.297
326.781 115.296
327.048 117.296
327.315 111.295
327.582 119.295
327.849 115.294
328.116 107.294
328.383 115.294
328.649 122.293
328.916 121.293
329.183 107.292
329.450 117.292
329.717 124.291
329.984 111.291
330.251 118.290
330.518 117.290
330.785 121.290
331.051 120.289
331.318 118.289
331.585 117.288
331.852 128.288
332.119 117.287
332.386 130.287
332.653 125.287
332.920 125.286
333.187 126.286
333.453 122.285
333.720 133.285
333.987 129.284
334.254 121.284
334.521 124.283
334.788 131.283
335.055 140.283
335.322 140.282
335.589 136.282
335.855 143.281
336.122 149.281
336.389 142.280
336.656 151.280
336.923 156.279
337.190 158.279
337.457 154.278
337.724 155.278
337.991 164.278
338.257 173.277
338.524 181.277
338.791 182.276
339.058 185.276
339.325 193.275
339.592 187.275
339.859 190.274
340.126 195.274
340.393 210.273
340.659 209.273
340.926 214.273
341.193 222.272
341.460 228.272
341.727 240.271
341.994 244.271
342.261 254.270
342.528 258.270
342.795 273.269
343.061 272.269
343.328 289.268
343.595 291.268
343.862 306.268
344.129 312.267
344.396 318.267
344.663 330.266
344.930 344.266
345.197 348.265
345.463 365.265
345.730 375.264
345.997 377.264
346.264 387.263
346.531 399.263
346.798 424.262
347.065 436.262
347.332 445.261
347.599 449.261
347.865 464.261
348.132 470.260
348.399 483.260
348.666 501.259
348.933 508.259
349.200 521.258
349.467 542.258
349.734 564.257
350.001 586.257
350.267 578.256
350.534 597.256
350.801 604.255
351.068 620.255
351.335 639.254
351.602 640.254
351.869 661.253
352.136 670.253
352.402 688.253
352.669 707.252
352.936 719.252
353.203 733.251
353.470 740.251
353.737 760.250
354.004 782.250
354.271 789.249
354.538 798.249
354.804 836.248
355.071 846.248
355.338 851.247
355.605 875.247
355.872 886.246
356.139 908.246
356.406 912.245
356.673 941.245
356.940 960.244
357.206 985.050
357.473 1001.264
357.740 1009.374
358.007 1049.277
358.274 1058.291
358.541 1077.560
358.808 1107.640
359.075 1122.945
359.342 1130.724
359.608 1153.462
359.875 1166.231
360.142 1201.485
360.409 1218.352
360.676 1252.572
360.943 1269.595
361.210 1285.811
361.477 1305.136
361.744 1323.468
362.010 1346.398
362.277 1374.854
362.544 1389.543
362.811 1402.543
363.078 1424.644
363.345 1464.945
363.612 1471.584
363.879 1509.299
364.146 1519.863
364.412 1542.222
364.679 1571.676
364.946 1595.280
365.213 1615.798
365.480 1644.114
365.748 1641.328
366.017 1661.468
366.285 1696.091
366.553 1699.593
366.822 1740.664
367.090 1741.513
367.358 1751.338
367.627 1788.794
367.895 1815.021
368.164 1830.643
368.432 1838.352
368.700 1861.666
368.969 1888.765
369.237 1898.911
369.505 1913.483
369.774 1920.510
370.042 1940.112
370.310 1971.227
370.579 1984.637
370.847 2020.447
371.115 2022.717
371.384 2035.997
371.652 2065.943
371.921 2065.869
372.189 2057.761
372.457 2109.738
372.726 2142.140
372.994 2122.189
373.262 2155.967
373.531 2141.049
373.799 2161.028
374.067 2174.243
374.336 2182.250
374.604 2206.826
374.872 2226.855
375.141 2223.425
375.409 2243.651
375.678 2257.309
375.946 2276.314
376.214 2279.144
376.483 2310.084
376.751 2315.559
377.019 2318.845
377.288 2340.373
377.556 2347.907
377.824 2363.662
378.093 2370.272
378.361 2395.294
378.629 2420.368
378.898 2449.415
379.166 2458.461
379.435 2465.457
379.703 2468.665
379.971 2493.278
380.240 2528.052
380.508 2537.607
380.776 2549.358
381.045 2562.512
381.313 2601.708
381.581 2616.824
381.850 2644.751
382.118 2686.233
382.386 2679.354
382.655 2698.824
382.923 2739.200
383.192 2756.908
383.460 2784.080
383.728 2806.831
383.997 2831.390
384.265 2849.345
384.533 2894.376
384.802 2922.537
385.070 2950.530
385.338 3000.207
385.607 3001.288
385.875 3007.756
386.143 3057.689
386.412 3102.267
386.680 3134.840
386.948 3138.581
387.217 3189.953
387.485 3220.007
387.754 3243.680
388.022 3267.884
388.290 3308.561
388.559 3362.157
388.827 3387.332
389.095 3424.409
389.364 3453.256
389.632 3489.861
389.900 3525.197
390.169 3537.656
390.437 3595.408
390.705 3618.160
390.974 3682.062
391.242 3713.860
391.511 3753.706
391.779 3775.812
392.047 3816.804
392.316 3853.796
392.584 3911.254
392.852 3919.543
393.121 3970.112
393.389 4023.869
393.657 4058.064
393.926 4111.534
394.194 4130.666
394.462 4185.684
394.731 4248.849
394.999 4267.203
395.268 4323.585
395.536 4372.521
395.804 4400.603
396.073 4428.750
396.341 4486.464
396.609 4528.597
396.878 4579.733
397.146 4633.859
397.414 4676.305
397.683 4721.812
397.951 4755.682
398.219 4806.048
398.488 4867.958
398.756 4896.614
399.025 4984.414
399.293 5004.353
399.561 5038.791
399.830 5102.679
400.098 5171.207
400.366 5196.614
400.635 5256.443
400.903 5313.645
401.171 5340.102
401.440 5404.976
401.708 5450.530
401.976 5533.148
402.245 5545.048
402.513 5615.869
402.782 5657.395
403.050 5696.403
403.318 5752.770
403.587 5820.055
403.855 5879.992
404.123 5937.397
404.392 5965.675
404.660 6023.146
404.934 6072.333
405.207 6124.633
405.481 6176.257
405.754 6238.101
406.028 6299.525
406.301 6355.500
406.575 6415.070
406.848 6445.179
407.122 6498.056
407.395 6559.563
407.669 6604.558
407.942 6654.925
408.216 6735.940
408.489 6761.156
408.763 6833.132
409.036 6869.759
409.310 6913.145
409.583 6966.604
409.857 7040.062
410.130 7101.092
410.404 7113.234
410.677 7175.692
410.951 7250.668
411.224 7294.506
411.498 7315.767
411.771 7385.319
412.045 7426.336
412.318 7500.139
412.592 7546.252
412.865 7580.883
413.139 7622.038
413.412 7706.444
413.686 7753.489
413.959 7801.166
414.233 7878.610
414.506 7888.338
414.780 7947.878
415.053 8037.055
415.327 8067.546
415.600 8146.197
415.874 8170.017
416.147 8226.524
416.421 8293.528
416.694 8334.473
416.968 8412.486
417.241 8501.137
417.515 8516.253
417.788 8571.120
418.062 8643.986
418.335 8678.514
418.609 8720.281
418.882 8781.683
419.156 8819.660
419.429 8879.480
419.703 8940.178
419.976 9005.107
420.250 9037.927
420.524 9133.715
420.797 9149.369
421.071 9209.856
421.344 9260.034
421.618 9297.732
421.891 9343.026
422.165 9435.933
422.438 9463.405
422.712 9520.985
422.985 9534.302
423.259 9578.482
423.532 9666.113
423.806 9699.214
424.079 9775.557
424.353 9842.108
424.626 9856.537
424.900 9881.580
425.173 9951.203
425.447 10032.105
425.720 10057.104
425.994 10095.199
426.267 10156.730
426.541 10205.720
426.814 10208.310
427.088 10249.098
427.361 10347.533
427.635 10371.328
427.908 10433.568
428.182 10422.210
428.455 10525.831
428.729 10521.225
429.002 10567.066
429.276 10599.895
429.549 10661.387
429.823 10657.037
430.096 10702.607
430.370 10733.226
430.643 10820.658
430.917 10819.831
431.190 10874.085
431.464 10946.665
431.737 10960.856
432.011 11011.179
432.284 11025.266
432.558 11069.436
432.831 11105.722
433.105 11113.314
433.378 11200.087
433.652 11214.730
433.925 11245.577
434.199 11324.734
434.472 11318.765
434.746 11410.084
435.019 11466.549
435.293 11493.601
435.566 11527.970
435.840 11551.222
436.119 11589.951
436.398 11649.533
436.677 11660.474
436.956 11704.038
437.235 11680.907
437.514 11709.722
437.793 11747.122
438.073 11767.036
438.352 11832.262
438.631 11844.191
438.910 11865.890
439.189 11888.743
439.468 11968.790
439.747 12002.021
440.026 12040.069
440.305 12109.337
440.584 12095.306
440.863 12165.437
441.142 12206.292
441.421 12226.720
441.700 12277.033
441.979 12319.482
442.258 12337.600
442.538 12408.227
442.817 12412.284
443.096 12466.599
443.375 12493.278
443.654 12552.922
443.933 12615.594
444.212 12673.867
444.491 12649.573
444.770 12718.656
445.049 12809.025
445.328 12844.784
445.607 12860.408
445.886 12944.228
446.165 12920.876
446.444 13007.890
446.723 13054.029
447.003 13070.711
447.282 13075.691
447.561 13126.896
447.840 13207.357
448.119 13235.229
448.398 13300.743
448.677 13347.617
448.956 13363.145
449.235 13420.944
449.514 13477.616
449.793 13513.022
450.072 13579.627
450.351 13616.897
450.630 13653.352
450.909 13703.860
451.188 13790.156
451.468 13817.400
451.747 13879.841
452.026 13885.786
452.305 13927.168
452.584 14007.134
452.863 14014.269
453.142 14069.006
453.421 14137.374
453.700 14186.583
453.979 14230.415
454.258 14305.140
454.537 14381.427
454.816 14445.733
455.095 14485.691
455.374 14523.600
455.653 14619.767
455.933 14631.450
456.212 14723.568
456.491 14774.955
456.770 14793.454
457.049 14859.084
457.328 14913.699
457.607 14990.760
457.886 15082.333
458.165 15136.718
458.444 15212.179
458.723 15263.401
459.002 15318.628
459.281 15407.622
459.560 15484.094
459.839 15573.945
460.119 15644.786
460.398 15706.689
460.677 15796.944
460.956 15850.430
461.235 15896.748
461.514 16005.131
461.793 16079.691
462.072 16205.749
462.351 16244.915
462.630 16306.533
462.909 16416.512
463.188 16535.656
463.467 16628.323
463.746 16687.323
464.025 16793.116
464.304 16894.535
464.584 16967.655
464.863 17037.384
465.142 17157.585
465.421 17264.388
465.700 17380.816
465.979 17457.207
466.258 17577.471
466.537 17703.933
466.816 17743.235
467.095 17885.546
467.374 17978.940
467.653 18070.143
467.932 18173.175
468.211 18240.001
468.490 18385.386
468.769 18491.000
469.049 18670.670
469.328 18788.998
469.607 18837.997
469.886 18950.997
470.165 19063.996
470.444 19174.169
470.723 19321.638
471.002 19441.318
471.281 19489.483
471.560 19610.603
471.839 19750.493
472.118 19862.579
472.397 19942.819
472.676 20081.315
472.955 20247.473
473.234 20339.022
473.514 20427.552
473.793 20598.777
474.072 20640.469
474.351 20782.023
474.630 20921.196
474.909 21038.406
475.188 21144.573
475.467 21249.982
475.746 21353.578
476.025 21440.142
476.304 21573.150
476.583 21691.035
476.862 21826.862
477.141 21947.989
477.420 22139.035
477.699 22162.220
477.979 22279.852
478.258 22409.390
478.537 22529.204
478.816 22606.126
479.095 22742.271
479.374 22866.363
479.653 22984.522
479.932 23026.718
480.211 23161.824
480.490 23280.669
480.769 23425.586
481.048 23514.960
481.327 23601.826
481.606 23714.250
481.885 23809.289
482.165 23901.517
482.444 24011.372
482.723 24172.339
483.002 24241.912
483.281 24402.664
483.560 24442.786
483.839 24587.886
484.118 24661.767
484.397 24754.633
484.676 24884.450
484.955 24996.832
485.234 25119.745
485.513 25204.119
485.792 25321.826
486.071 25388.320
486.350 25564.533
486.630 25581.030
486.909 25715.125
487.188 25799.532
487.467 25944.853
487.746 25961.604
488.025 26090.194
488.304 26204.089
488.583 26289.063
488.862 26420.832
489.141 26503.048
489.420 26575.949
489.699 26678.659
489.978 26738.084
490.257 26850.454
490.536 26904.259
490.815 27023.624
491.095 27133.544
491.374 27233.235
491.653 27275.550
491.932 27440.386
492.211 27529.164
492.490 27615.475
492.769 27692.476
493.048 27789.727
493.327 27860.419
493.606 28026.433
493.885 28095.555
494.164 28199.318
494.443 28260.841
494.722 28362.363
495.001 28424.445
495.280 28551.649
495.560 28658.165
495.839 28744.110
496.118 28795.080
496.397 28891.951
496.676 28998.913
496.955 29093.576
497.234 29199.316
497.513 29284.914
497.792 29391.266
498.071 29471.749
498.350 29535.128
498.629 29632.713
498.908 29722.249
499.187 29801.924
499.466 29882.326
499.745 29976.797
500.025 30078.383
500.304 30132.574
500.583 30202.721
500.862 30372.517
501.141 30440.996
501.420 30465.702
501.699 30525.535
501.978 30703.535
502.257 30708.868
502.536 30823.493
502.815 30903.129
503.094 31015.054
503.373 31081.719
503.652 31085.759
503.931 31265.825
504.211 31345.390
504.490 31374.771
504.769 31414.877
505.048 31548.577
505.327 31601.315
505.606 31701.417
505.885 31762.088
506.164 31807.819
506.443 31914.438
506.722 31982.578
507.001 32028.431
507.280 32112.019
507.559 32166.384
507.838 32290.572
508.117 32336.630
508.396 32342.097
508.676 32494.242
508.955 32474.268
509.234 32608.711
509.513 32661.419
509.792 32707.572
510.071 32752.699
510.350 32831.500
510.629 32885.914
510.908 32952.697
511.187 33019.362
511.466 33026.514
511.745 33135.258
512.024 33219.585
512.303 33215.839
512.582 33272.877
512.861 33340.361
513.141 33408.450
513.420 33451.909
513.699 33482.066
513.978 33552.258
514.257 33638.727
514.536 33632.726
514.815 33662.479
515.094 33750.117
515.373 33779.884
515.652 33832.693
515.931 33860.023
516.210 33944.585
516.489 33929.791
516.768 33981.879
517.047 34043.816
517.326 34050.606
517.606 34122.125
517.885 34172.477
518.164 34228.797
518.443 34294.615
518.722 34317.050
519.001 34397.291
519.280 34435.879
519.559 34517.062
519.838 34520.442
520.117 34638.443
520.396 34564.857
520.675 34681.492
520.954 34675.290
521.233 34734.286
521.512 34802.571
521.791 34862.956
522.071 34932.988
522.350 34980.468
522.629 34975.669
522.908 35017.204
523.187 35090.579
523.466 35137.610
523.745 35192.337
524.024 35253.446
524.303 35274.315
524.582 35311.145
524.861 35376.639
525.140 35453.864
525.419 35473.071
525.698 35492.206
525.977 35514.615
526.257 35531.266
526.536 35635.075
526.815 35676.335
527.094 35694.703
527.373 35706.666
527.652 35811.800
527.931 35851.826
528.210 35877.441
528.489 35880.400
528.768 35954.333
529.047 36056.702
529.326 36067.128
529.605 36117.252
529.884 36105.788
530.163 36183.539
530.442 36224.257
530.722 36241.074
531.001 36337.892
531.280 36351.763
531.559 36346.703
531.838 36426.097
532.117 36477.588
532.396 36463.396
532.675 36521.558
532.954 36588.276
533.233 36656.067
533.512 36657.337
533.791 36698.017
534.070 36714.100
534.349 36836.780
534.628 36811.365
534.907 36832.038
535.187 36874.692
535.466 36931.498
535.745 36951.421
536.024 36972.293
536.303 37030.195
536.582 37079.653
536.861 37090.194
537.140 37155.845
537.419 37211.230
537.698 37260.297
537.977 37223.823
538.256 37260.295
538.535 37278.424
538.814 37283.464
539.093 37298.745
539.372 37326.754
539.652 37408.797
539.931 37400.175
540.210 37491.154
540.489 37491.153
540.768 37496.910
541.047 37538.693
541.326 37544.979
541.605 37565.588
541.884 37596.900
542.163 37701.132
542.442 37650.744
542.721 37706.911
543.000 37721.361
543.279 37724.250
543.558 37705.944
543.837 37767.376
544.117 37767.151
544.396 37841.321
544.675 37781.628
544.954 37824.894
545.233 37884.685
545.512 37845.999
545.791 37847.933
546.070 37852.767
546.351 37834.391
546.632 37847.930
546.912 37882.745
547.193 37859.397
547.474 37900.054
547.755 37883.484
548.036 37789.134
548.317 37890.371
548.597 37917.475
548.878 37837.283
549.159 37847.921
549.440 37917.473
549.721 37900.143
550.001 37861.457
550.282 37897.240
550.563 37902.169
550.844 37910.864
551.125 37924.316
551.406 37923.496
551.686 37916.658
551.967 37897.531
552.248 37946.762
552.529 37917.780
552.810 37948.637
553.090 37872.700
553.371 37915.929
553.652 37894.835
553.933 37904.459
554.214 37864.295
554.495 37898.877
554.775 37892.151
555.056 37908.481
555.337 37917.125
555.618 37900.794
555.899 37938.257
556.179 37896.949
556.460 37955.503
556.741 37967.009
557.022 37898.867
557.303 37897.808
557.584 37894.720
557.864 37903.296
558.145 37826.149
558.426 37892.375
558.707 37946.481
558.988 37968.684
559.268 37938.615
559.549 37945.245
559.830 37834.510
560.111 37863.264
560.392 37893.165
560.673 37924.074
560.953 37919.002
561.234 38051.092
561.515 38015.533
561.796 37918.598
562.077 37880.893
562.357 37840.815
562.638 37876.071
562.919 37862.836
563.200 37959.576
563.481 37961.504
563.762 37946.427
564.042 37875.070
564.323 37813.949
564.604 37809.741
564.885 37777.355
565.166 37797.066
565.446 37795.851
565.727 37886.553
566.008 37825.113
566.289 37797.866
566.570 37724.758
566.851 37779.701
567.131 37754.967
567.412 37712.959
567.693 37701.486
567.974 37697.165
568.255 37607.500
568.535 37607.499
568.816 37574.825
569.097 37646.259
569.378 37576.827
569.659 37612.510
569.940 37610.503
570.220 37548.315
570.501 37628.813
570.782 37508.192
571.063 37477.622
571.344 37460.046
571.624 37424.513
571.905 37384.818
572.186 37363.753
572.467 37321.949
572.748 37387.598
573.029 37369.878
573.309 37383.961
573.590 37357.157
573.871 37284.361
574.152 37280.336
574.433 37234.057
574.713 37258.722
574.994 37157.596
575.275 37212.348
575.556 37094.214
575.837 37095.411
576.118 37056.095
576.398 37003.678
576.679 37021.840
576.960 36976.407
577.252 37001.658
577.543 36953.172
577.835 36913.777
578.127 36871.352
578.418 36812.765
578.710 36778.196
579.002 36655.186
579.293 36655.185
579.585 36689.282
579.877 36677.798
580.168 36621.959
580.460 36599.216
580.752 36574.392
581.043 36479.253
581.335 36469.547
581.627 36368.628
581.918 36444.400
582.210 36341.126
582.502 36265.461
582.793 36275.507
583.085 36256.281
583.376 36148.477
583.668 36237.748
583.960 36133.761
584.251 36090.510
584.543 36022.350
584.835 35984.086
585.126 35936.383
585.418 35884.449
585.710 35819.945
586.001 35792.945
586.293 35682.211
586.585 35698.231
586.876 35621.715
587.168 35525.680
587.460 35472.880
587.751 35442.512
588.043 35426.650
588.335 35361.971
588.626 35231.718
588.918 35288.743
589.210 35157.466
589.501 35166.061
589.793 35010.117
590.085 35047.135
590.376 34972.080
590.668 34973.079
590.960 34886.093
591.251 34819.092
591.543 34694.887
591.835 34725.087
592.126 34707.754
592.418 34640.277
592.710 34597.202
593.001 34519.847
593.293 34441.258
593.585 34439.117
593.876 34350.346
594.168 34270.420
594.460 34202.112
594.751 34152.808
595.043 34052.112
595.334 33988.806
595.626 33924.346
595.918 33860.972
596.209 33850.983
596.501 33754.368
596.793 33707.501
597.084 33576.946
597.376 33517.286
597.668 33506.520
597.959 33418.702
598.251 33346.130
598.543 33268.626
598.834 33137.153
599.126 33086.707
599.418 33072.712
599.709 33003.823
600.001 32927.392
600.293 32855.114
600.584 32813.087
600.876 32734.421
601.168 32647.136
601.459 32527.522
601.751 32549.665
602.043 32471.993
602.334 32412.661
602.626 32246.001
602.918 32211.782
603.209 32193.462
603.501 32210.702
603.793 32075.006
604.084 31966.124
604.376 31866.159
604.668 31800.566
604.959 31766.156
605.251 31621.400
605.543 31595.185
605.834 31503.245
606.126 31491.957
606.418 31435.573
606.709 31318.493
607.001 31229.094
607.292 31169.188
607.584 31090.777
607.876 31084.331
608.167 30923.377
608.459 30877.156
608.751 30761.786
609.042 30701.827
609.334 30678.271
609.626 30572.731
609.917 30492.532
610.209 30438.102
610.501 30413.554
610.792 30355.542
611.084 30279.550
611.376 30243.885
611.667 30161.712
611.959 30034.384
612.251 30003.683
612.542 29904.827
612.834 29806.592
613.126 29703.014
613.417 29652.952
613.709 29594.902
614.001 29529.973
614.292 29412.019
614.584 29384.083
614.876 29358.364
615.167 29264.983
615.459 29203.117
615.751 29051.891
616.042 29086.996
616.334 29004.482
616.626 28937.534
616.917 28880.946
617.209 28822.886
617.501 28772.965
617.792 28706.284
618.084 28633.331
618.376 28603.987
618.667 28538.612
618.959 28430.693
619.250 28450.301
619.542 28379.823
619.834 28345.103
620.125 28259.413
620.417 28214.379
620.709 28132.093
621.000 28112.730
621.292 28029.448
621.584 27968.549
621.875 27897.050
622.167 27856.469
622.459 27774.342
622.750 27738.844
623.042 27611.054
623.334 27593.661
623.625 27551.681
623.917 27467.088
624.209 27431.755
624.500 27337.944
624.792 27307.589
625.084 27277.549
625.375 27211.862
625.667 27199.445
625.959 27044.103
626.250 27039.286
626.542 26902.163
626.834 26921.541
627.125 26832.606
627.417 26764.311
627.709 26712.041
628.000 26650.456
628.292 26592.963
628.584 26547.464
628.875 26503.839
629.167 26450.305
629.459 26377.371
629.750 26328.157
630.042 26260.499
630.334 26184.635
630.625 26149.608
630.917 26139.012
631.208 26035.050
631.500 25927.128
631.792 25942.741
632.083 25855.264
632.375 25786.249
632.667 25776.839
632.958 25720.391
633.250 25673.063
633.542 25603.198
633.833 25555.163
634.125 25468.195
634.417 25425.362
634.708 25359.619
635.000 25311.496
635.292 25245.075
635.583 25224.851
635.875 25151.191
636.167 25103.409
636.458 25086.323
636.750 25046.793
637.042 24965.197
637.333 24944.146
637.625 24884.252
637.917 24833.864
638.208 24787.427
638.500 24741.688
638.792 24688.104
639.083 24669.970
639.375 24614.077
639.667 24544.738
639.958 24487.226
640.250 24444.249
640.542 24458.392
640.833 24413.005
641.125 24330.801
641.417 24332.395
641.708 24311.524
642.000 24279.834
642.292 24248.676
642.583 24206.506
642.875 24186.125
643.166 24102.640
643.458 24099.663
643.750 24096.607
644.041 24126.926
644.333 24073.117
644.625 24061.078
644.916 24053.611
645.208 24077.436
645.500 23993.877
645.791 24008.554
646.083 23948.098
646.375 23931.613
646.666 23941.685
646.958 23919.705
647.250 23900.473
647.541 23870.133
647.833 23841.862
648.125 23826.891
648.416 23817.716
648.708 23821.975
649.000 23772.341
649.291 23725.212
649.583 23738.769
649.875 23727.216
650.166 23705.725
650.458 23711.655
650.750 23704.905
651.041 23665.705
651.333 23638.827
651.625 23640.940
651.916 23622.596
652.208 23619.095
652.500 23602.318
652.791 23558.624
653.083 23510.526
653.375 23541.386
653.666 23501.666
653.958 23471.677
654.250 23469.304
654.541 23425.611
654.833 23410.032
655.124 23387.322
655.416 23393.312
655.708 23372.896
655.999 23340.819
656.291 23302.423
656.583 23310.269
656.874 23314.643
657.166 23307.065
657.458 23329.468
657.749 23303.850
658.041 23214.868
658.333 23294.248
658.624 23269.765
658.916 23229.763
659.208 23224.261
659.499 23190.122
659.791 23179.624
660.083 23164.512
660.374 23157.976
660.666 23139.944
660.958 23140.076
661.249 23124.629
661.541 23140.207
661.833 23110.483
662.124 23115.497
662.416 23090.607
662.708 23101.279
662.999 23057.004
663.291 23029.119
663.583 23039.792
663.874 23030.137
664.166 23020.503
664.458 22982.804
664.749 23005.046
665.041 23003.116
665.333 22951.804
665.624 22934.250
665.916 22967.226
666.208 22926.416
666.499 22938.005
666.791 22939.830
667.082 22873.861
667.374 22863.877
667.666 22874.586
667.957 22855.803
668.249 22846.045
668.541 22893.537
668.832 22825.213
669.124 22791.772
669.416 22831.558
669.707 22798.025
669.999 22770.545
670.291 22774.247
670.582 22758.053
670.874 22764.710
671.166 22745.989
671.457 22691.191
671.749 22709.946
672.041 22698.788
672.332 22680.999
672.624 22666.505
672.916 22638.780
673.207 22627.149
673.499 22636.707
673.791 22619.446
674.082 22635.349
674.374 22614.700
674.666 22571.870
674.957 22568.019
675.249 22545.063
675.541 22502.147
675.832 22499.650
676.124 22495.644
676.416 22517.180
676.707 22480.105
676.999 22438.019
677.291 22410.784
677.582 22427.850
677.874 22413.203
678.166 22401.544
678.457 22383.199
678.749 22326.745
679.040 22344.228
679.332 22344.573
679.624 22324.698
679.915 22289.599
680.207 22294.957
680.499 22244.296
680.790 22244.790
681.082 22240.727
681.374 22232.840
681.665 22216.798
681.957 22150.672
682.249 22166.099
682.540 22141.801
682.832 22085.647
683.124 22103.272
683.415 22079.777
683.707 22072.773
683.999 22076.866
684.290 22019.565
684.582 22007.268
684.874 21982.658
685.165 21937.592
685.457 21920.008
685.749 21901.526
686.040 21884.979
686.332 21852.241
686.624 21805.638
686.915 21788.364
687.207 21782.777
687.499 21749.048
687.790 21751.365
688.082 21761.683
688.374 21706.985
688.665 21652.288
688.957 21654.350
689.249 21657.444
689.540 21577.978
689.832 21560.433
690.124 21523.819
690.415 21491.793
690.707 21473.685
690.998 21421.541
691.290 21435.418
691.582 21414.734
691.873 21316.490
692.165 21294.771
692.457 21291.968
692.748 21286.494
693.040 21244.598
693.332 21202.935
693.623 21167.910
693.915 21163.763
694.207 21118.288
694.498 21048.683
694.790 21034.223
695.082 21008.323
695.373 20987.574
695.665 20977.199
695.957 20907.790
696.248 20875.664
696.540 20834.039
696.836 20818.665
697.133 20762.458
697.429 20692.236
697.725 20700.213
698.021 20693.268
698.318 20661.827
698.614 20556.359
698.910 20564.764
699.207 20523.804
699.503 20477.219
699.799 20442.597
700.095 20377.445
700.392 20377.443
700.688 20330.905
700.984 20264.172
701.281 20253.850
701.577 20191.094
701.873 20198.528
702.169 20186.764
702.466 20093.883
702.762 20050.485
703.058 20015.431
703.355 19958.770
703.651 19951.559
703.947 19870.331
704.243 19843.741
704.540 19796.671
704.836 19762.544
705.132 19729.183
705.428 19682.702
705.725 19627.640
706.021 19569.035
706.317 19565.517
706.614 19536.352
706.910 19442.680
707.206 19415.070
707.502 19396.663
707.799 19340.424
708.095 19297.890
708.391 19243.806
708.688 19226.226
708.984 19160.984
709.280 19097.583
709.576 19034.543
709.873 18974.511
710.169 18936.908
710.465 18915.650
710.762 18858.795
711.058 18796.262
711.354 18782.869
711.650 18727.638
711.947 18648.688
712.243 18637.275
712.539 18553.434
712.836 18518.565
713.132 18456.548
713.428 18403.118
713.724 18353.721
714.021 18314.087
714.317 18294.951
714.613 18198.879
714.910 18140.444
715.206 18090.150
715.502 18063.130
715.798 17946.822
716.095 17953.734
716.391 17883.755
716.687 17834.703
716.984 17789.656
717.280 17730.595
717.576 17698.862
717.872 17663.523
718.169 17599.857
718.465 17509.855
718.761 17515.853
719.058 17456.851
719.354 17362.486
719.650 17354.200
719.946 17315.844
720.243 17240.322
720.539 17173.839
720.835 17139.977
721.131 17089.835
721.428 17073.906
721.724 17016.864
722.020 16950.778
722.317 16904.730
722.613 16881.586
722.909 16801.622
723.205 16792.403
723.502 16736.816
723.798 16675.489
724.094 16673.811
724.391 16605.809
724.687 16596.211
724.983 16504.795
725.279 16454.982
725.576 16423.529
725.872 16383.264
726.168 16312.545
726.465 16287.356
726.761 16223.450
727.057 16154.705
727.353 16098.994
727.650 16068.305
727.946 16040.497
728.242 15969.026
728.539 15901.564
728.835 15901.659
729.131 15819.576
729.427 15761.394
729.724 15735.674
730.020 15633.166
730.316 15588.697
730.613 15582.766
730.909 15531.906
731.205 15442.008
731.501 15382.398
731.798 15305.473
732.094 15315.644
732.390 15224.158
732.687 15196.985
732.983 15146.397
733.279 15066.671
733.575 15000.723
733.872 14952.493
734.168 14909.183
734.464 14858.984
734.761 14810.143
735.057 14753.906
735.353 14714.572
735.649 14665.076
735.946 14595.987
736.242 14533.575
736.538 14480.069
736.835 14431.933
737.131 14364.060
737.427 14300.689
737.723 14269.314
738.020 14209.919
738.316 14143.678
738.612 14109.395
738.909 14057.539
739.205 13988.920
739.501 13962.436
739.797 13847.048
740.094 13834.487
740.390 13775.614
740.686 13714.247
740.982 13677.762
741.279 13591.075
741.575 13536.403
741.871 13489.887
742.168 13435.516
742.464 13407.110
742.760 13355.198
743.056 13311.732
743.353 13258.990
743.649 13194.754
743.945 13137.043
744.242 13104.758
744.538 13064.544
744.834 12972.195
745.130 12957.403
745.427 12892.567
745.723 12851.308
746.019 12800.028
746.316 12742.995
746.612 12719.117
746.908 12608.878
747.204 12546.330
747.501 12506.025
747.797 12484.855
748.093 12440.444
748.390 12408.883
748.686 12327.349
748.982 12280.673
749.278 12248.616
749.575 12200.194
749.871 12169.895
750.167 12103.556
750.464 12025.360
750.760 12000.581
751.056 11933.251
751.352 11883.628
751.649 11854.596
751.945 11806.927
752.241 11732.179
752.538 11687.755
752.834 11632.405
753.130 11576.681
753.426 11571.846
753.723 11509.521
754.019 11474.607
754.315 11407.738
754.611 11375.551
754.908 11303.245
755.204 11254.545
755.500 11200.542
755.797 11170.050
756.093 11078.537
756.389 11058.651
756.685 11012.556
756.982 10940.349
757.278 10908.250
757.574 10872.011
757.871 10810.763
758.167 10738.471
758.463 10697.607
758.759 10658.487
759.056 10616.977
759.352 10550.709
759.648 10498.497
759.945 10439.257
760.241 10404.927
760.537 10355.987
760.833 10310.354
761.130 10268.098
761.426 10195.463
761.722 10145.355
762.019 10136.573
762.315 10038.710
762.611 10007.527
762.907 9955.158
763.204 9923.783
763.500 9890.370
763.802 9816.629
764.104 9765.885
764.406 9735.548
764.708 9702.588
765.010 9646.564
765.312 9591.133
765.615 9539.925
765.917 9498.421
766.219 9435.668
766.521 9387.082
766.823 9342.544
767.125 9297.296
767.427 9254.998
767.729 9189.264
768.031 9176.063
768.333 9138.637
768.635 9066.412
768.937 9025.853
769.239 9000.417
769.542 8915.048
769.844 8881.508
770.146 8807.318
770.448 8774.566
770.750 8753.967
771.052 8691.142
771.354 8637.502
771.656 8584.320
771.958 8557.985
772.260 8523.323
772.562 8469.294
772.864 8430.555
773.166 8409.981
773.468 8357.884
773.771 8317.347
774.073 8252.410
774.375 8213.046
774.677 8167.030
774.979 8115.902
775.281 8073.901
775.583 8040.314
775.885 8000.351
776.187 7994.195
776.489 7919.403
776.791 7862.907
777.093 7834.015
777.395 7772.410
777.698 7741.341
778.000 7698.172
778.302 7655.677
778.604 7633.315
778.906 7573.957
779.208 7553.927
779.510 7499.284
779.812 7458.517
780.114 7422.989
780.416 7366.663
780.718 7321.952
781.020 7285.129
781.322 7264.759
781.625 7205.050
781.927 7157.152
782.229 7129.552
782.531 7087.150
782.833 7042.723
783.135 7009.584
783.437 6954.772
783.739 6907.006
784.041 6869.562
784.343 6833.252
784.645 6783.456
784.947 6757.267
785.249 6708.155
785.552 6694.002
785.854 6625.900
786.156 6585.229
786.458 6545.697
786.760 6509.653
787.062 6471.934
787.364 6415.763
787.666 6400.230
787.968 6361.951
788.270 6316.679
788.572 6277.646
788.874 6221.381
789.176 6188.773
789.478 6158.553
789.781 6139.569
790.083 6127.206
790.385 6062.101
790.687 6023.753
790.989 5980.943
791.291 5952.981
791.593 5916.586
791.895 5888.357
792.197 5845.674
792.499 5814.156
792.801 5782.128
793.103 5741.586
793.405 5710.466
793.708 5678.274
794.010 5636.814
794.312 5602.938
794.614 5532.133
794.916 5508.151
795.218 5483.121
795.520 5462.333
795.822 5429.010
796.124 5373.408
796.426 5344.042
796.728 5307.002
797.030 5271.503
797.332 5265.658
797.635 5211.468
797.937 5199.898
798.239 5153.304
798.541 5108.067
798.843 5082.646
799.145 5057.564
799.447 5013.630
799.749 4974.070
800.051 4931.687
800.353 4897.592
800.655 4852.650
800.957 4834.261
801.259 4797.390
801.562 4785.482
801.864 4734.689
802.166 4703.530
802.468 4686.785
802.770 4642.613
803.072 4613.471
803.374 4583.372
803.676 4554.691
803.978 4514.693
804.280 4499.020
804.582 4447.154
804.884 4412.671
805.186 4383.784
805.488 4378.634
805.791 4349.310
806.093 4299.210
806.395 4288.979
806.697 4237.857
806.999 4217.601
807.301 4190.326
807.603 4178.488
807.905 4124.738
808.207 4107.052
808.509 4082.329
808.811 4051.832
809.113 4029.237
809.415 3998.014
809.718 3976.661
810.020 3931.931
810.322 3920.497
810.624 3893.465
810.926 3861.649
811.228 3820.407
811.530 3796.665
811.834 3767.020
812.139 3746.331
812.443 3714.352
812.748 3718.047
813.052 3677.465
813.357 3673.290
813.661 3622.881
813.966 3600.294
814.270 3599.334
814.574 3562.881
814.879 3551.954
815.183 3507.047
815.488 3475.131
815.792 3461.867
816.097 3447.079
816.401 3411.479
816.706 3393.991
817.010 3370.597
817.314 3344.928
817.619 3334.786
817.923 3312.601
818.228 3288.012
818.532 3256.510
818.837 3237.767
819.141 3207.629
819.445 3204.023
819.750 3171.894
820.054 3140.255
820.359 3129.938
820.663 3118.538
820.968 3083.555
821.272 3047.350
821.577 3040.692
821.881 3014.086
822.185 3011.260
822.490 2980.722
822.794 2964.530
823.099 2943.500
823.403 2922.281
823.708 2892.818
824.012 2885.910
824.317 2861.983
824.621 2841.883
824.925 2833.906
825.230 2810.891
825.534 2779.459
825.839 2769.435
826.143 2749.037
826.448 2729.300
826.752 2711.009
827.057 2693.759
827.361 2679.276
827.665 2660.277
827.970 2647.700
828.274 2632.834
828.579 2596.809
828.883 2584.184
829.188 2576.973
829.492 2552.776
829.796 2536.289
830.101 2526.581
830.405 2512.415
830.710 2494.292
831.014 2480.549
831.319 2466.216
831.623 2445.542
831.928 2443.896
832.232 2403.418
832.536 2389.375
832.841 2373.915
833.145 2367.708
833.450 2343.925
833.754 2319.045
834.059 2315.689
834.363 2306.020
834.668 2283.911
834.972 2271.438
835.276 2272.710
835.581 2248.103
835.885 2229.446
836.190 2223.285
836.494 2195.953
836.799 2189.631
837.103 2196.740
837.407 2186.124
837.712 2161.820
838.016 2144.764
838.321 2125.460
838.625 2107.361
838.930 2101.405
839.234 2083.138
839.539 2090.358
839.843 2067.859
840.147 2065.852
840.452 2037.947
840.756 2020.310
841.061 2008.889
841.365 1998.466
841.670 1994.273
841.974 1985.900
842.279 1970.111
842.583 1955.322
842.887 1944.743
843.192 1936.116
843.496 1931.815
843.801 1923.028
844.105 1903.710
844.410 1897.213
844.714 1895.810
845.019 1885.824
845.323 1868.246
845.627 1854.870
845.932 1826.067
846.236 1824.408
846.541 1830.000
846.845 1817.872
847.150 1811.537
847.454 1800.706
847.758 1791.543
848.063 1771.779
848.367 1780.386
848.672 1769.703
848.976 1756.427
849.281 1749.042
849.585 1744.752
849.890 1731.048
850.194 1709.832
850.498 1706.058
850.803 1696.192
851.107 1671.306
851.412 1683.188
851.716 1677.029
852.021 1662.115
852.325 1654.873
852.630 1635.833
852.934 1634.378
853.238 1621.121
853.543 1607.650
853.847 1606.713
854.152 1607.353
854.456 1585.292
854.761 1570.190
855.065 1576.244
855.370 1574.151
855.674 1559.322
855.978 1569.560
856.283 1544.682
856.587 1538.860
856.892 1536.101
857.196 1526.673
857.501 1524.919
857.805 1511.469
858.109 1507.695
858.414 1498.695
858.718 1491.881
859.023 1484.163
859.327 1479.009
859.632 1471.982
859.936 1463.904
860.241 1446.933
860.545 1441.640
860.849 1443.882
861.154 1444.213
861.458 1431.053
861.763 1424.383
862.067 1418.502
862.372 1412.358
862.676 1400.767
862.981 1402.509
863.285 1395.722
863.589 1394.192
863.894 1394.417
864.198 1377.656
864.503 1388.350
864.807 1379.518
865.112 1360.174
865.416 1370.188
865.721 1367.167
866.025 1362.141
866.329 1361.381
866.634 1359.441
866.938 1356.851
867.243 1338.957
867.547 1338.329
867.852 1334.341
868.156 1337.687
868.460 1335.545
868.765 1330.374
869.069 1336.134
869.374 1334.002
869.678 1314.655
869.983 1314.700
870.287 1315.933
870.592 1314.691
870.896 1313.834
871.200 1303.910
871.505 1311.681
871.809 1306.606
872.114 1306.601
872.418 1297.943
872.723 1284.693
873.027 1296.667
873.332 1287.002
873.636 1284.033
873.940 1281.069
874.245 1276.809
874.549 1275.000
874.854 1273.438
875.158 1268.746
875.463 1281.805
875.767 1270.057
876.072 1265.110
876.376 1263.961
876.680 1254.240
876.985 1246.772
877.289 1251.515
877.594 1237.460
877.898 1251.732
878.203 1236.328
878.507 1232.489
878.811 1238.562
879.116 1233.807
879.420 1232.410
879.725 1219.291
880.029 1226.453
880.334 1217.664
880.638 1213.509
880.943 1221.484
881.247 1213.498
881.551 1204.216
881.856 1206.590
882.160 1203.297
882.465 1198.202
882.769 1199.472
883.074 1201.648
883.378 1191.468
883.683 1187.830
883.987 1188.904
884.291 1195.993
884.596 1186.735
884.900 1200.888
885.205 1190.527
885.509 1187.229
885.814 1191.251
886.118 1212.695
886.423 1193.230
886.727 1201.765
887.031 1210.859
887.336 1207.591
887.640 1213.772
887.945 1219.831
888.249 1223.071
888.554 1228.039
888.858 1222.148
889.162 1220.010
889.467 1235.059
889.771 1234.137
890.076 1239.407
890.380 1244.423
890.685 1255.182
890.989 1243.495
891.294 1250.592
891.598 1254.950
891.902 1240.948
892.207 1243.695
892.511 1250.111
892.816 1251.253
893.120 1242.510
893.425 1256.540
893.729 1252.386
894.034 1253.765
894.338 1251.918
894.642 1244.074
894.947 1248.451
895.251 1240.594
895.556 1252.825
895.860 1261.378
896.165 1244.721
896.469 1242.164
896.774 1252.110
897.078 1237.742
897.382 1251.871
897.687 1252.099
897.991 1246.751
898.296 1263.719
898.600 1258.131
898.905 1251.848
899.209 1249.280
899.513 1244.614
899.818 1248.567
900.122 1255.568
900.427 1249.488
900.731 1251.582
901.036 1242.238
901.340 1247.594
901.645 1242.679
901.949 1245.939
902.253 1249.681
902.558 1248.266
902.862 1246.151
903.167 1245.898
903.471 1237.202
903.776 1239.751
904.080 1239.519
904.385 1239.512
904.689 1240.901
904.993 1241.350
905.298 1232.837
905.602 1244.867
905.907 1239.173
906.211 1232.091
906.516 1227.569
906.820 1232.230
907.125 1235.355
907.429 1233.896
907.733 1227.457
908.038 1232.867
908.342 1234.767
908.647 1232.632
908.951 1230.501
909.256 1226.383
909.560 1236.872
909.864 1229.152
910.169 1226.795
910.473 1219.350
910.778 1219.764
911.082 1220.082
911.387 1227.202
911.691 1228.372
911.996 1226.882
912.300 1225.170
912.609 1207.293
912.918 1217.129
913.227 1213.059
913.537 1212.293
913.846 1216.898
914.155 1211.927
914.464 1218.902
914.773 1215.858
915.082 1218.554
915.391 1226.534
915.700 1208.062
916.010 1211.587
916.319 1205.732
916.628 1201.440
916.937 1207.298
917.246 1203.579
917.555 1214.126
917.864 1194.160
918.174 1208.858
918.483 1204.728
918.792 1207.289
919.101 1199.815
919.410 1201.776
919.719 1195.456
920.028 1204.333
920.337 1202.952
920.647 1205.128
920.956 1201.755
921.265 1205.316
921.574 1192.985
921.883 1180.042
922.192 1190.364
922.501 1194.538
922.811 1194.919
923.120 1200.312
923.429 1182.451
923.738 1185.266
924.047 1188.015
924.356 1188.007
924.665 1187.559
924.974 1183.700
925.284 1192.161
925.593 1190.129
925.902 1193.319
926.211 1174.981
926.520 1175.330
926.829 1181.444
927.138 1180.784
927.448 1180.122
927.757 1174.502
928.066 1180.475
928.375 1176.905
928.684 1174.165
928.993 1177.436
929.302 1178.830
929.611 1165.879
929.921 1164.305
930.230 1171.588
930.539 1169.850
930.848 1163.921
931.157 1172.641
931.466 1165.461
931.775 1159.961
932.085 1156.203
932.394 1162.037
932.703 1152.902
933.012 1167.726
933.321 1161.216
933.630 1152.105
933.939 1164.241
934.248 1168.275
934.558 1154.523
934.867 1166.214
935.176 1159.943
935.485 1165.614
935.794 1164.428
936.103 1163.615
936.412 1168.518
936.721 1168.723
937.031 1180.144
937.340 1185.609
937.649 1175.650
937.958 1192.273
938.267 1212.728
938.576 1193.856
938.885 1202.754
939.195 1204.091
939.504 1207.669
939.813 1222.241
940.122 1236.407
940.431 1227.950
940.740 1236.152
941.049 1238.154
941.359 1227.606
941.668 1240.122
941.977 1246.214
942.286 1243.255
942.595 1249.084
942.904 1250.542
943.213 1238.344
943.522 1240.929
943.832 1233.098
944.141 1225.343
944.450 1231.933
944.759 1220.878
945.068 1220.538
945.377 1226.239
945.686 1214.181
945.995 1214.688
946.305 1209.690
946.614 1210.518
946.923 1204.116
947.232 1189.183
947.541 1189.785
947.850 1188.697
948.159 1182.501
948.469 1169.749
948.778 1161.107
949.087 1163.235
949.396 1143.094
949.705 1144.833
950.014 1135.525
950.323 1138.077
950.632 1118.845
950.942 1115.550
951.251 1120.046
951.560 1108.351
951.869 1093.388
952.178 1091.370
952.487 1097.159
952.796 1088.916
953.106 1074.378
953.415 1076.213
953.724 1073.429
954.033 1076.861
954.342 1057.689
954.651 1040.301
954.960 1041.258
955.269 1039.553
955.579 1013.146
955.888 1026.089
956.197 1023.590
956.506 1022.264
956.815 1004.610
957.124 1013.852
957.433 983.756
957.743 988.464
958.052 993.032
958.361 978.255
958.670 976.077
958.979 972.913
959.288 960.600
959.597 958.671
959.906 962.123
960.216 958.002
960.525 944.850
960.834 945.140
961.143 920.514
961.452 920.932
961.761 923.328
962.070 909.906
962.380 903.888
962.689 899.090
962.998 902.566
963.307 894.774
963.616 894.983
963.925 891.352
964.234 870.411
964.543 870.400
964.853 871.688
965.162 873.752
965.471 862.164
965.780 849.527
966.095 847.642
966.410 855.601
966.725 847.534
967.040 853.444
967.356 835.579
967.671 839.569
967.986 839.558
968.301 841.547
968.616 831.536
968.931 834.524
969.246 829.513
969.561 831.502
969.876 833.491
970.192 819.480
970.507 824.469
970.822 823.458
971.137 826.446
971.452 821.435
971.767 825.424
972.082 822.413
972.397 810.401
972.712 813.390
973.028 815.378
973.343 817.367
973.658 798.356
973.973 798.344
974.288 804.333
974.603 800.321
974.918 802.309
975.233 804.298
975.548 808.286
975.864 801.275
976.179 790.263
976.494 790.251
976.809 787.239
977.124 797.228
977.439 794.216
977.754 789.204
978.069 784.192
978.384 780.180
978.700 773.169
979.015 779.157
979.330 789.145
979.645 786.133
979.960 770.121
980.275 770.109
980.590 778.097
980.905 769.084
981.221 768.072
981.536 761.060
981.851 759.048
982.166 773.036
982.481 767.023
982.796 759.011
983.111 758.999
983.426 763.987
983.741 745.974
984.057 754.962
984.372 747.949
984.687 746.937
985.002 752.924
985.317 741.912
985.632 742.899
985.947 745.887
986.262 733.874
986.577 731.862
986.893 737.849
987.208 734.836
987.523 732.823
987.838 732.811
988.153 727.798
988.468 739.785
988.783 727.772
989.098 731.759
989.413 726.746
989.729 736.733
990.044 733.720
990.359 721.707
990.674 720.694
990.989 723.681
991.304 711.668
991.619 730.655
991.934 722.642
992.249 738.629
992.565 725.615
992.880 725.602
993.195 721.589
993.510 729.575
993.825 732.562
994.140 731.549
994.455 728.535
994.770 730.522
995.085 718.508
995.401 730.495
995.716 717.481
996.031 722.468
996.346 720.454
996.661 724.440
996.976 724.427
997.291 728.413
997.606 726.399
997.921 730.385
998.237 725.371
998.552 728.358
998.867 735.344
999.182 738.330
999.497 729.316
999.812 722.302
1000.127 737.288
1000.442 739.274
1000.757 750.259
1001.073 749.245
1001.388 745.231
1001.703 749.217
1002.018 746.203
1002.333 754.188
1002.648 749.174
1002.963 764.160
1003.278 750.145
1003.593 761.131
1003.909 763.116
1004.224 766.102
1004.539 776.087
1004.854 766.073
1005.169 773.058
1005.484 774.043
1005.799 775.029
1006.114 780.014
1006.429 774.999
1006.745 783.984
1007.060 795.970
1007.375 800.955
1007.690 803.940
1008.005 803.925
1008.320 815.910
1008.635 805.895
1008.950 807.880
1009.265 818.865
1009.581 822.850
1009.896 820.834
1010.211 829.819
1010.526 822.804
1010.841 829.789
1011.156 830.773
1011.471 831.758
1011.786 838.742
1012.102 839.727
1012.417 837.712
1012.732 848.696
1013.047 844.680
1013.362 842.665
1013.677 844.649
1013.992 850.634
1014.307 860.618
1014.622 858.602
1014.938 860.586
1015.253 862.570
1015.568 870.555
1015.883 876.539
1016.198 868.523
1016.513 877.507
1016.828 877.491
1017.143 884.475
1017.458 888.458
1017.774 887.442
1018.089 896.426
1018.404 896.410
1018.719 902.394
1019.034 906.377
1019.349 907.361
1019.664 917.344
1019.979 914.328
1020.294 912.311
1020.610 919.295
1020.925 930.278
1021.240 930.262
1021.555 932.245
1021.870 946.228
1022.185 943.212
1022.500 950.195
1022.815 949.178
1023.130 952.161
1023.446 951.144
1023.761 956.127
1024.076 961.110
1024.391 967.093
1024.706 978.076
1025.021 969.059
1025.336 982.042
1025.651 988.025
1025.966 991.007
1026.282 993.990
1026.597 1004.973
1026.912 1000.955
1027.227 1021.938
1027.542 1008.920
1027.857 1013.903
1028.172 1020.885
1028.487 1029.868
1028.802 1035.850
1029.118 1034.832
1029.433 1030.814
1029.748 1040.797
1030.063 1055.779
1030.378 1049.761
1030.693 1048.743
1031.008 1061.725
1031.323 1055.707
1031.638 1060.689
1031.954 1071.671
1032.269 1059.653
1032.584 1070.634
1032.899 1069.616
1033.214 1079.598
1033.529 1076.579
1033.844 1076.561
1034.159 1076.542
1034.474 1095.524
1034.790 1091.505
1035.105 1081.487
1035.420 1086.468
1035.735 1102.450
1036.050 1102.431
1036.365 1092.412
1036.680 1099.393
1036.995 1107.374
1037.310 1102.355
1037.626 1095.336
1037.941 1107.317
1038.256 1105.298
1038.571 1106.279
1038.886 1118.260
1039.201 1107.241
1039.516 1118.221
1039.831 1105.202
1040.146 1115.183
1040.462 1118.163
1040.777 1121.144
1041.092 1119.124
1041.407 1113.105
1041.722 1118.085
1042.037 1125.065
1042.352 1122.046
1042.667 1098.026
1042.982 1109.006
1043.298 1116.986
1043.613 1107.966
1043.928 1126.946
1044.243 1112.926
1044.558 1112.906
1044.873 1113.886
1045.188 1117.866
1045.503 1107.845
1045.819 1115.825
1046.134 1105.805
1046.449 1114.784
1046.764 1108.764
1047.079 1101.743
1047.394 1114.723
1047.709 1114.702
1048.024 1105.682
1048.339 1098.661
1048.655 1101.640
1048.970 1104.619
1049.285 1097.598
1049.600 1106.577
1049.915 1105.556
1050.230 1097.535
1050.545 1104.514
1050.860 1093.493
1051.175 1089.472
1051.491 1098.451
1051.806 1100.429
1052.121 1088.408
1052.436 1092.386
1052.751 1083.365
1053.066 1083.343
1053.381 1092.322
1053.696 1084.300
1054.011 1078.278
1054.327 1078.257
1054.642 1077.235
1054.957 1069.213
1055.272 1076.191
1055.587 1077.169
1055.902 1069.147
1056.217 1073.125
1056.532 1075.103
1056.847 1068.080
1057.163 1066.058
1057.478 1058.036
1057.793 1061.013
1058.108 1052.991
1058.423 1050.968
1058.738 1056.946
1059.053 1058.923
1059.368 1053.900
1059.683 1051.878
1059.999 1043.855
1060.314 1055.832
1060.629 1038.809
1060.944 1044.786
1061.259 1048.763
1061.574 1042.740
1061.889 1034.717
1062.204 1045.693
1062.519 1040.670
1062.835 1041.647
1063.150 1029.623
1063.465 1034.600
1063.780 1047.576
1064.095 1036.553
1064.410 1026.529
1064.725 1040.505
1065.040 1028.482
1065.355 1041.458
1065.671 1038.434
1065.986 1025.410
1066.301 1030.386
1066.616 1035.362
1066.931 1036.338
1067.246 1033.313
1067.561 1030.289
1067.876 1020.265
1068.191 1027.240
1068.507 1022.216
1068.822 1020.191
1069.137 1015.167
1069.452 1019.142
1069.767 1016.117
1070.082 1011.093
1070.397 1019.068
1070.712 1018.043
1071.027 1009.018
1071.343 1011.993
1071.658 1014.968
1071.973 1009.942
1072.288 1008.917
1072.603 1011.892
1072.918 1010.867
1073.233 1014.841
1073.548 1005.816
1073.863 999.790
1074.179 999.764
1074.494 1002.739
1074.809 998.713
1075.124 992.687
1075.439 988.661
1075.754 992.635
1076.069 979.609
1076.384 987.583
1076.699 992.557
1077.015 988.531
1077.330 990.504
1077.645 989.478
1077.960 983.451
1078.275 982.425
1078.590 979.398
1078.905 979.372
1079.220 982.345
1079.536 977.318
1079.851 983.291
1080.166 981.264
1080.481 977.237
1080.796 982.210
1081.111 972.183
1081.426 975.156
1081.741 976.129
1082.056 981.101
1082.372 973.074
1082.687 977.047
1083.002 972.019
1083.317 991.991
1083.632 981.964
1083.947 967.936
1084.262 968.908
1084.577 975.880
1084.892 965.852
1085.208 976.824
1085.523 969.796
1085.838 962.768
1086.153 967.740
1086.468 961.711
1086.783 947.683
1087.098 959.654
1087.413 969.626
1087.728 958.597
1088.044 949.568
1088.359 953.540
1088.674 961.511
1088.989 948.482
1089.304 952.453
1089.619 963.424
1089.934 956.395
1090.249 952.365
1090.564 958.336
1090.880 963.307
1091.195 959.277
1091.510 942.248
1091.825 948.218
1092.140 943.189
1092.467 954.159
1092.794 950.129
1093.121 950.099
1093.448 947.069
1093.775 954.039
1094.102 946.009
1094.429 942.979
1094.756 945.949
1095.083 932.918
1095.410 929.888
1095.737 936.857
1096.064 938.827
1096.391 938.796
1096.718 937.765
1097.045 937.734
1097.372 935.704
1097.699 927.673
1098.026 931.642
1098.353 928.611
1098.680 936.579
1099.007 931.548
1099.334 932.517
1099.661 929.485
1099.988 934.454
1100.315 926.422
1100.642 929.391
1100.969 927.359
1101.296 928.327
1101.623 933.295
1101.950 933.263
1102.277 929.231
1102.604 929.199
1102.931 923.167
1103.258 924.134
1103.585 930.102
1103.912 939.070
1104.239 931.037
1104.566 929.004
1104.893 921.972
1105.220 922.939
1105.547 917.906
1105.874 926.873
1106.201 930.840
1106.528 933.807
1106.855 929.774
1107.182 916.741
1107.509 916.707
1107.836 916.674
1108.163 922.640
1108.490 929.607
1108.817 928.573
1109.144 915.539
1109.470 926.506
1109.797 917.472
1110.124 928.438
1110.451 927.404
1110.778 928.370
1111.105 929.335
1111.432 923.301
1111.759 919.267
1112.086 922.232
1112.413 923.198
1112.740 930.163
1113.067 927.128
1113.394 925.093
1113.721 927.058
1114.048 922.023
1114.375 912.988
1114.702 926.953
1115.029 918.918
1115.356 923.883
1115.683 917.847
1116.010 909.812
1116.337 911.776
1116.664 921.741
1116.991 916.705
1117.318 906.669
1117.645 908.633
1117.972 928.597
1118.299 905.561
1118.626 912.525
1118.953 909.489
1119.280 910.453
1119.607 914.416
1119.934 895.380
1120.261 905.343
1120.588 910.307
1120.915 902.270
1121.242 894.233
1121.569 898.196
1121.896 899.159
1122.223 891.122
1122.550 897.085
1122.877 894.048
1123.204 892.010
1123.531 902.973
1123.858 885.935
1124.185 884.898
1124.512 896.860
1124.839 893.822
1125.166 894.785
1125.493 892.747
1125.820 887.709
1126.147 889.671
1126.474 883.632
1126.801 888.594
1127.128 885.556
1127.455 890.517
1127.782 881.479
1128.109 877.440
1128.436 897.402
1128.763 883.363
1129.090 871.324
1129.417 861.285
1129.744 868.246
1130.071 874.207
1130.398 871.168
1130.725 876.129
1131.052 872.089
1131.379 864.050
1131.706 871.010
1132.033 871.971
1132.360 861.931
1132.687 861.891
1133.014 860.851
1133.341 857.811
1133.668 862.771
1133.995 860.731
1134.322 855.691
1134.649 848.651
1134.976 849.611
1135.303 848.570
1135.630 841.530
1135.957 841.489
1136.284 845.448
1136.611 840.407
1136.938 833.367
1137.265 830.326
1137.592 831.285
1137.919 822.243
1138.246 818.202
1138.573 817.161
1138.900 814.120
1139.227 821.078
1139.554 810.037
1139.881 810.995
1140.208 805.953
1140.535 803.912
1140.862 792.870
1141.189 791.828
1141.516 785.786
1141.843 788.744
1142.170 772.701
1142.497 767.659
1142.824 778.617
1143.151 776.574
1143.478 769.532
1143.805 778.489
1144.131 773.447
1144.458 767.404
1144.785 773.361
1145.112 768.318
1145.439 760.275
1145.766 769.232
1146.093 779.189
1146.420 768.146
1146.747 757.102
1147.074 761.059
1147.401 755.015
1147.728 750.972
1148.055 763.928
1148.382 750.884
1148.709 745.841
1149.036 755.797
1149.363 755.753
1149.690 750.709
1150.017 758.665
1150.344 758.620
1150.671 746.576
1150.998 751.532
1151.325 745.487
1151.652 756.443
1151.979 751.398
1152.306 746.354
1152.633 751.309
1152.960 738.264
1153.287 740.219
1153.614 744.174
1153.941 744.129
1154.268 743.084
1154.595 739.039
1154.922 743.994
1155.249 757.949
1155.576 746.903
1155.903 745.858
1156.230 756.812
1156.557 739.767
1156.884 747.721
1157.211 741.675
1157.538 749.629
1157.865 739.583
1158.192 741.538
1158.519 740.492
1158.846 737.445
1159.173 738.399
1159.500 747.353
1159.827 746.307
1160.154 740.260
1160.481 739.214
1160.808 736.167
1161.135 732.121
1161.462 743.074
1161.789 733.027
1162.116 745.981
1162.443 728.934
1162.770 722.887
1163.097 711.840
1163.424 718.793
1163.751 718.746
1164.078 719.699
1164.405 727.652
1164.732 729.604
1165.059 722.557
1165.386 733.510
1165.713 724.462
1166.040 723.415
1166.367 722.367
1166.694 716.319
1167.021 731.272
1167.348 727.224
1167.675 716.176
1168.002 714.128
1168.329 714.080
1168.656 704.032
1168.983 703.984
1169.310 711.936
1169.637 700.888
1169.964 698.840
1170.291 695.792
1170.618 691.743
1170.945 677.695
1171.272 672.647
1171.599 667.598
1171.926 663.550
1172.253 653.501
1172.580 656.453
1172.907 650.404
1173.234 643.355
1173.561 642.307
1173.888 639.258
1174.215 627.209
1174.542 631.160
1174.869 630.111
1175.196 634.062
1175.523 623.013
1175.850 626.964
1176.177 629.915
1176.504 628.866
1176.831 626.817
1177.158 618.768
1177.485 623.719
1177.812 620.669
1178.139 624.620
1178.465 621.571
1178.792 625.521
1179.119 609.472
1179.446 606.422
1179.773 609.373
1180.100 610.323
1180.427 599.274
1180.754 596.224
1181.081 591.175
1181.408 600.125
1181.735 588.076
1182.062 596.026
1182.389 579.976
1182.716 582.926
1183.043 583.877
1183.370 582.827
1183.697 577.777
1184.024 581.727
1184.351 569.678
1184.678 578.628
1185.005 565.578
1185.332 570.528
1185.659 567.478
1185.986 565.428
1186.313 581.378
1186.640 574.328
1186.967 579.278
1187.294 568.228
1187.621 569.178
1187.948 558.128
1188.275 565.078
1188.602 557.028
1188.929 558.978
1189.256 540.928
1189.583 549.878
1189.910 567.828
1190.237 543.778
1190.564 550.728
1190.891 549.678
1191.218 555.628
1191.545 551.578
1191.872 543.528
1192.199 539.478
1192.526 543.428
1192.853 537.378
1193.180 549.328
1193.507 543.278
1193.834 535.228
1194.161 538.179
1194.488 524.129
1194.815 527.079
1195.142 543.029
1195.469 518.979
1195.796 519.929
1196.123 530.879
1196.450 523.829
1196.777 518.780
1197.104 527.730
1197.431 531.680
1197.758 524.630
1198.085 512.581
1198.412 515.531
1198.739 503.481
1199.066 513.432
1199.393 513.382
1199.720 508.332
1200.047 503.283
1200.374 499.233
1200.701 492.184
1201.028 491.135
1201.355 496.085
1201.682 494.036
1202.009 480.987
1202.336 484.937
1202.663 492.888
1202.990 486.839
1203.317 477.790
1203.644 478.741
1203.971 473.692
1204.298 470.643
1204.625 479.594
1204.952 483.545
1205.279 473.496
1205.606 467.448
1205.933 460.399
1206.260 465.350
1206.587 466.302
1206.914 454.253
1207.241 459.205
1207.568 460.156
1207.895 450.108
1208.222 455.060
1208.549 455.012
1208.876 436.964
1209.203 440.916
1209.530 444.868
1209.857 438.820
1210.184 435.772
1210.511 428.725
1210.838 433.677
1211.165 427.629
1211.492 416.582
1211.819 429.535
1212.146 428.487
1212.473 415.440
1212.799 415.393
1213.126 407.346
1213.453 408.299
1213.780 406.252
1214.107 416.206
1214.434 406.159
1214.761 393.113
1215.088 394.066
1215.415 391.020
1215.742 398.974
1216.069 387.928
1216.396 393.882
1216.723 388.836
1217.050 399.790
1217.377 391.745
1217.704 373.699
1218.031 389.654
1218.358 373.608
1218.685 375.563
1219.012 371.518
1219.339 386.473
1219.666 369.428
1219.993 362.384
1220.320 358.339
1220.647 360.295
1220.974 356.251
1221.301 355.207
1221.628 351.163
1221.955 358.119
1222.282 345.075
1222.609 350.031
1222.936 348.988
1223.263 343.945
1223.590 335.902
1223.917 348.859
1224.244 334.816
1224.571 340.773
1224.898 332.730
1225.225 329.688
1225.552 325.646
1225.879 322.604
1226.206 330.562
1226.533 326.520
1226.860 327.479
1227.187 317.437
1227.514 321.396
1227.841 325.355
1228.168 319.314
1228.495 324.273
1228.822 318.233
1229.149 309.192
1229.476 307.152
1229.803 316.112
1230.130 306.072
1230.457 304.033
1230.784 304.993
1231.111 301.954
1231.438 297.915
1231.765 298.876
1232.092 294.837
1232.419 290.799
1232.746 294.760
